1 0 0 1 10000000 10000 10000 100 100 100 23 478986 4 478986 7 478986.000000 31 100 15
1 1 1 1 10000000 10000 10010 100 100 110 19 478986 4 478986 6 478986.000000 29 110 6
1 2 2 1 10000000 10000 10020 100 100 120 19 478986 3 478986 6 478986.000000 27 120 12
1 3 3 1 10000000 10000 10030 100 100 130 7 478986 3 478986 5 478986.000000 29 130 6
1 4 4 1 10000000 10000 10040 100 100 140 8 478986 3 478986 5 478986.000000 27 140 6
1 5 5 1 10000000 10000 10050 100 100 150 13 478986 3 478986 6 478986.000000 28 150 7
1 6 6 1 10000000 10000 10060 100 100 160 9 478986 3 478986 5 478986.000000 26 160 6
1 7 7 1 10000000 10000 10070 100 100 170 10 478986 3 478986 5 478986.000000 27 170 6
1 8 8 1 10000000 10000 10080 100 100 180 13 478986 3 478986 5 478986.000000 29 180 6
1 9 9 1 10000000 10000 10090 100 100 190 8 478986 3 478986 5 478986.000000 28 190 5
1 10 10 1 10000000 10000 10100 100 100 200 8 478986 3 478986 6 478986.000000 29 200 5
1 11 11 1 10000000 10000 10110 100 100 210 8 478986 3 478986 5 478986.000000 29 210 8
1 12 12 1 10000000 10000 10120 100 100 220 9 478986 4 478986 8 478986.000000 28 220 5
1 13 13 1 10000000 10000 10130 100 100 230 24 478986 4 478986 5 478986.000000 28 230 8
1 14 14 1 10000000 10000 10140 100 100 240 9 478986 3 478986 5 478986.000000 29 240 5
1 15 15 1 10000000 10000 10150 100 100 250 10 478986 3 478986 5 478986.000000 28 250 5
1 16 16 1 10000000 10000 10160 100 100 260 10 478986 3 478986 9 478986.000000 25 260 6
1 17 17 1 10000000 10000 10170 100 100 270 9 478986 4 478986 5 478986.000000 27 270 8
1 18 18 1 10000000 10000 10180 100 100 280 17 478986 4 478986 7 478986.000000 29 280 6
1 19 19 1 10000000 10000 10190 100 100 290 10 478986 3 478986 5 478986.000000 31 290 6
1 20 20 1 10000000 10000 10200 100 100 300 7 478986 3 478986 4 478986.000000 27 300 6
1 21 21 1 10000000 10000 10210 100 100 310 10 478986 3 478986 4 478986.000000 28 310 5
1 22 22 1 10000000 10000 10220 100 100 320 12 478986 3 478986 4 478986.000000 29 320 5
1 23 23 1 10000000 10000 10230 100 100 330 9 478986 3 478986 5 478986.000000 29 330 5
1 24 24 1 10000000 10000 10240 100 100 340 12 478986 3 478986 6 478986.000000 28 340 6
1 25 25 1 10000000 10000 10250 100 100 350 9 478986 3 478986 5 478986.000000 29 350 5
1 26 26 1 10000000 10000 10260 100 100 360 7 478986 3 478986 6 478986.000000 29 360 5
1 27 27 1 10000000 10000 10270 100 100 370 8 478986 3 478986 4 478986.000000 30 370 5
1 28 28 1 10000000 10000 10280 100 100 380 7 478986 3 478986 5 478986.000000 28 380 5
1 29 29 1 10000000 10000 10290 100 100 390 9 478986 3 478986 5 478986.000000 29 390 5
1 30 30 1 10000000 10000 10300 100 100 400 7 478986 3 478986 6 478986.000000 27 400 5
1 31 31 1 10000000 10000 10310 100 100 410 8 478986 3 478986 4 478986.000000 26 410 4
1 32 32 1 10000000 10000 10320 100 100 420 9 478986 3 478986 5 478986.000000 28 420 5
1 33 33 1 10000000 10000 10330 100 100 430 12 478986 3 478986 6 478986.000000 29 430 5
1 34 34 1 10000000 10000 10340 100 100 440 11 478986 3 478986 5 478986.000000 30 440 5
1 35 35 1 10000000 10000 10350 100 100 450 9 478986 3 478986 7 478986.000000 28 450 5
1 36 36 1 10000000 10000 10360 100 100 460 7 478986 3 478986 5 478986.000000 28 460 5
1 37 37 1 10000000 10000 10370 100 100 470 7 478986 3 478986 4 478986.000000 28 470 4
1 38 38 1 10000000 10000 10380 100 100 480 7 478986 3 478986 5 478986.000000 29 480 5
1 39 39 1 10000000 10000 10390 100 100 490 10 478986 3 478986 7 478986.000000 31 490 5
1 40 40 1 10000000 10000 10400 100 100 500 8 478986 3 478986 5 478986.000000 28 500 6
1 41 41 1 10000000 10000 10410 100 100 510 9 478986 3 478986 4 478986.000000 27 510 5
1 42 42 1 10000000 10000 10420 100 100 520 9 478986 3 478986 7 478986.000000 29 520 4
1 43 43 1 10000000 10000 10430 100 100 530 8 478986 3 478986 6 478986.000000 30 530 4
1 44 44 1 10000000 10000 10440 100 100 540 8 478986 3 478986 5 478986.000000 28 540 5
1 45 45 1 10000000 10000 10450 100 100 550 8 478986 3 478986 5 478986.000000 28 550 5
1 46 46 1 10000000 10000 10460 100 100 560 7 478986 3 478986 4 478986.000000 28 560 5
1 47 47 1 10000000 10000 10470 100 100 570 10 478986 3 478986 5 478986.000000 29 570 5
1 48 48 1 10000000 10000 10480 100 100 580 8 478986 3 478986 5 478986.000000 30 580 5
1 49 49 1 10000000 10000 10490 100 100 590 9 478986 3 478986 4 478986.000000 29 590 5
1 50 50 1 10000000 10000 10500 100 100 600 8 478986 3 478986 5 478986.000000 32 600 6
1 51 51 1 10000000 10000 10510 100 100 610 10 478986 3 478986 5 478986.000000 29 610 5
1 52 52 1 10000000 10000 10520 100 100 620 8 478986 3 478986 4 478986.000000 27 620 6
1 53 53 1 10000000 10000 10530 100 100 630 13 478986 3 478986 5 478986.000000 140 630 8
1 54 54 1 10000000 10000 10540 100 100 640 13 478986 3 478986 5 478986.000000 30 640 6
1 55 55 1 10000000 10000 10550 100 100 650 12 478986 3 478986 6 478986.000000 27 650 5
1 56 56 1 10000000 10000 10560 100 100 660 11 478986 3 478986 5 478986.000000 28 660 6
1 57 57 1 10000000 10000 10570 100 100 670 10 478986 3 478986 5 478986.000000 29 670 5
1 58 58 1 10000000 10000 10580 100 100 680 9 478986 3 478986 6 478986.000000 30 680 5
1 59 59 1 10000000 10000 10590 100 100 690 11 478986 3 478986 4 478986.000000 27 690 5
1 60 60 1 10000000 10000 10600 100 100 700 8 478986 3 478986 5 478986.000000 27 700 5
1 61 61 1 10000000 10000 10610 100 100 710 8 478986 3 478986 5 478986.000000 28 710 5
1 62 62 1 10000000 10000 10620 100 100 720 9 478986 3 478986 4 478986.000000 29 720 5
1 63 63 1 10000000 10000 10630 100 100 730 12 478986 3 478986 5 478986.000000 27 730 5
1 64 64 1 10000000 10000 10640 100 100 740 7 478986 3 478986 5 478986.000000 32 740 5
1 65 65 1 10000000 10000 10650 100 100 750 11 478986 4 478986 6 478986.000000 27 750 4
1 66 66 1 10000000 10000 10660 100 100 760 10 478986 3 478986 6 478986.000000 28 760 5
1 67 67 1 10000000 10000 10670 100 100 770 7 478986 3 478986 4 478986.000000 29 770 5
1 68 68 1 10000000 10000 10680 100 100 780 9 478986 3 478986 5 478986.000000 28 780 5
1 69 69 1 10000000 10000 10690 100 100 790 7 478986 3 478986 4 478986.000000 27 790 4
1 70 70 1 10000000 10000 10700 100 100 800 12 478986 3 478986 4 478986.000000 26 800 6
1 71 71 1 10000000 10000 10710 100 100 810 10 478986 3 478986 4 478986.000000 28 810 5
1 72 72 1 10000000 10000 10720 100 100 820 9 478986 3 478986 5 478986.000000 29 820 4
1 73 73 1 10000000 10000 10730 100 100 830 8 478986 3 478986 4 478986.000000 29 830 5
1 74 74 1 10000000 10000 10740 100 100 840 12 478986 3 478986 5 478986.000000 28 840 8
1 75 75 1 10000000 10000 10750 100 100 850 35 478986 4 478986 5 478986.000000 29 850 15
1 76 76 1 10000000 10000 10760 100 100 860 8 478986 3 478986 6 478986.000000 27 860 6
1 77 77 1 10000000 10000 10770 100 100 870 7 478986 3 478986 5 478986.000000 28 870 4
1 78 78 1 10000000 10000 10780 100 100 880 9 478986 3 478986 4 478986.000000 27 880 5
1 79 79 1 10000000 10000 10790 100 100 890 9 478986 3 478986 8 478986.000000 27 890 4
1 80 80 1 10000000 10000 10800 100 100 900 9 478986 3 478986 5 478986.000000 28 900 4
1 81 81 1 10000000 10000 10810 100 100 910 9 478986 3 478986 4 478986.000000 26 910 5
1 82 82 1 10000000 10000 10820 100 100 920 10 478986 3 478986 5 478986.000000 28 920 5
1 83 83 1 10000000 10000 10830 100 100 930 9 478986 3 478986 5 478986.000000 27 930 5
1 84 84 1 10000000 10000 10840 100 100 940 8 478986 3 478986 5 478986.000000 28 940 5
1 85 85 1 10000000 10000 10850 100 100 950 10 478986 3 478986 5 478986.000000 28 950 5
1 86 86 1 10000000 10000 10860 100 100 960 11 478986 3 478986 5 478986.000000 29 960 6
1 87 87 1 10000000 10000 10870 100 100 970 9 478986 3 478986 5 478986.000000 30 970 5
1 88 88 1 10000000 10000 10880 100 100 980 11 478986 3 478986 5 478986.000000 28 980 6
1 89 89 1 10000000 10000 10890 100 100 990 9 478986 3 478986 8 478986.000000 28 990 5
1 90 90 1 10000000 10000 10900 100 100 1000 8 478986 3 478986 4 478986.000000 30 1000 5
1 91 91 1 10000000 10000 10910 100 100 1010 7 478986 3 478986 5 478986.000000 29 1010 8
1 92 92 1 10000000 10000 10920 100 100 1020 10 478986 3 478986 4 478986.000000 134 1020 8
1 93 93 1 10000000 10000 10930 100 100 1030 13 478986 3 478986 5 478986.000000 30 1030 8
1 94 94 1 10000000 10000 10940 100 100 1040 12 478986 4 478986 5 478986.000000 29 1040 5
1 95 95 1 10000000 10000 10950 100 100 1050 8 478986 3 478986 4 478986.000000 28 1050 5
1 96 96 1 10000000 10000 10960 100 100 1060 11 478986 3 478986 4 478986.000000 27 1060 5
1 97 97 1 10000000 10000 10970 100 100 1070 10 478986 3 478986 4 478986.000000 28 1070 5
1 98 98 1 10000000 10000 10980 100 100 1080 11 478986 3 478986 4 478986.000000 27 1080 5
1 99 99 1 10000000 10000 10990 100 100 1090 7 478986 3 478986 4 478986.000000 29 1090 5
1 100 100 1 10000000 10000 11000 100 100 1100 10 478986 3 478986 5 478986.000000 27 1100 5
1 101 101 1 10000000 10000 11010 100 100 1110 9 478986 3 478986 6 478986.000000 28 1110 6
1 102 102 1 10000000 10000 11020 100 100 1120 12 478986 3 478986 5 478986.000000 30 1120 5
1 103 103 1 10000000 10000 11030 100 100 1130 12 478986 3 478986 4 478986.000000 27 1130 5
1 104 104 1 10000000 10000 11040 100 100 1140 8 478986 3 478986 5 478986.000000 29 1140 5
1 105 105 1 10000000 10000 11050 100 100 1150 17 478986 3 478986 5 478986.000000 29 1150 75
1 106 106 1 10000000 10000 11060 100 100 1160 12 478986 3 478986 5 478986.000000 80 1160 8
1 107 107 1 10000000 10000 11070 100 100 1170 9 478986 3 478986 6 478986.000000 30 1170 4
1 108 108 1 10000000 10000 11080 100 100 1180 9 478986 3 478986 7 478986.000000 100 1180 11
1 109 109 1 10000000 10000 11090 100 100 1190 11 478986 3 478986 6 478986.000000 27 1190 5
1 110 110 1 10000000 10000 11100 100 100 1200 10 478986 3 478986 5 478986.000000 28 1200 5
1 111 111 1 10000000 10000 11110 100 100 1210 11 478986 3 478986 8 478986.000000 29 1210 5
1 112 112 1 10000000 10000 11120 100 100 1220 8 478986 3 478986 5 478986.000000 27 1220 5
1 113 113 1 10000000 10000 11130 100 100 1230 8 478986 3 478986 5 478986.000000 27 1230 5
1 114 114 1 10000000 10000 11140 100 100 1240 11 478986 3 478986 4 478986.000000 27 1240 5
1 115 115 1 10000000 10000 11150 100 100 1250 6 478986 3 478986 5 478986.000000 28 1250 5
1 116 116 1 10000000 10000 11160 100 100 1260 11 478986 3 478986 5 478986.000000 30 1260 5
1 117 117 1 10000000 10000 11170 100 100 1270 8 478986 3 478986 5 478986.000000 31 1270 5
1 118 118 1 10000000 10000 11180 100 100 1280 8 478986 4 478986 4 478986.000000 27 1280 5
1 119 119 1 10000000 10000 11190 100 100 1290 7 478986 3 478986 4 478986.000000 28 1290 5
1 120 120 1 10000000 10000 11200 100 100 1300 7 478986 3 478986 5 478986.000000 28 1300 6
1 121 121 1 10000000 10000 11210 100 100 1310 8 478986 3 478986 5 478986.000000 28 1310 5
1 122 122 1 10000000 10000 11220 100 100 1320 21 478986 3 478986 4 478986.000000 29 1320 6
1 123 123 1 10000000 10000 11230 100 100 1330 10 478986 3 478986 5 478986.000000 28 1330 6
1 124 124 1 10000000 10000 11240 100 100 1340 10 478986 4 478986 5 478986.000000 27 1340 5
1 125 125 1 10000000 10000 11250 100 100 1350 10 478986 3 478986 5 478986.000000 28 1350 5
1 126 126 1 10000000 10000 11260 100 100 1360 7 478986 3 478986 5 478986.000000 28 1360 4
1 127 127 1 10000000 10000 11270 100 100 1370 7 478986 3 478986 5 478986.000000 30 1370 8
1 128 128 1 10000000 10000 11280 100 100 1380 7 478986 3 478986 5 478986.000000 29 1380 5
1 129 129 1 10000000 10000 11290 100 100 1390 9 478986 3 478986 4 478986.000000 26 1390 5
1 130 130 1 10000000 10000 11300 100 100 1400 8 478986 3 478986 4 478986.000000 28 1400 6
1 131 131 1 10000000 10000 11310 100 100 1410 9 478986 4 478986 5 478986.000000 31 1410 5
1 132 132 1 10000000 10000 11320 100 100 1420 10 478986 3 478986 5 478986.000000 30 1420 5
1 133 133 1 10000000 10000 11330 100 100 1430 9 478986 3 478986 5 478986.000000 28 1430 5
1 134 134 1 10000000 10000 11340 100 100 1440 12 478986 3 478986 5 478986.000000 29 1440 4
1 135 135 1 10000000 10000 11350 100 100 1450 10 478986 3 478986 5 478986.000000 27 1450 8
1 136 136 1 10000000 10000 11360 100 100 1460 11 478986 3 478986 5 478986.000000 27 1460 5
1 137 137 1 10000000 10000 11370 100 100 1470 8 478986 3 478986 4 478986.000000 30 1470 5
1 138 138 1 10000000 10000 11380 100 100 1480 9 478986 3 478986 5 478986.000000 28 1480 5
1 139 139 1 10000000 10000 11390 100 100 1490 7 478986 3 478986 5 478986.000000 29 1490 4
1 140 140 1 10000000 10000 11400 100 100 1500 16 478986 3 478986 6 478986.000000 161 1500 12
1 141 141 1 10000000 10000 11410 100 100 1510 10 478986 4 478986 4 478986.000000 30 1510 5
1 142 142 1 10000000 10000 11420 100 100 1520 10 478986 3 478986 5 478986.000000 28 1520 5
1 143 143 1 10000000 10000 11430 100 100 1530 8 478986 3 478986 4 478986.000000 27 1530 5
1 144 144 1 10000000 10000 11440 100 100 1539 11 478986 3 488836 4 97491636.000000 27 1539 5
1 145 145 1 10000000 10000 11450 100 100 1550 9 478986 4 478986 6 478986.000000 30 1550 9
1 146 146 1 10000000 10000 11460 100 100 1560 8 478986 3 478986 10 478986.000000 29 1560 5
1 147 147 1 10000000 10000 11470 100 100 1570 8 478986 3 478986 5 478986.000000 28 1570 5
1 148 148 1 10000000 10000 11480 100 100 1580 7 478986 3 478986 5 478986.000000 29 1580 5
1 149 149 1 10000000 10000 11490 100 100 1590 11 478986 4 478986 4 478986.000000 28 1590 5
1 150 150 1 10000000 10000 11500 100 100 1600 9 478986 3 478986 7 478986.000000 30 1600 4
1 151 151 1 10000000 10000 11510 100 100 1610 11 478986 3 478986 6 478986.000000 30 1610 6
1 152 152 1 10000000 10000 11520 100 100 1620 8 478986 3 478986 4 478986.000000 28 1620 5
1 153 153 1 10000000 10000 11530 100 100 1630 617 478986 4 478986 5 478986.000000 29 1630 7
1 154 154 1 10000000 10000 11540 100 100 1638 11 478986 4 498686 4 955672094136.000000 28 1638 5
1 155 155 1 10000000 10000 11550 100 100 1650 7 478986 3 478986 5 478986.000000 29 1650 5
1 156 156 1 10000000 10000 11560 100 100 1660 8 478986 3 478986 5 478986.000000 30 1660 5
1 157 157 1 10000000 10000 11570 100 100 1670 10 478986 3 478986 5 478986.000000 28 1670 6
1 158 158 1 10000000 10000 11580 100 100 1680 13 478986 3 478986 5 478986.000000 29 1680 6
1 159 159 1 10000000 10000 11590 100 100 1690 11 478986 3 478986 5 478986.000000 29 1690 6
1 160 160 1 10000000 10000 11600 100 100 1700 10 478986 3 478986 4 478986.000000 27 1700 5
1 161 161 1 10000000 10000 11610 100 100 1710 9 478986 3 478986 5 478986.000000 28 1710 5
1 162 162 1 10000000 10000 11620 100 100 1720 14 478986 4 478986 5 478986.000000 31 1720 6
1 163 163 1 10000000 10000 11630 100 100 1730 9 478986 3 478986 6 478986.000000 27 1730 5
1 164 164 1 10000000 10000 11640 100 100 1739 9 478986 3 488836 5 97491636.000000 28 1739 6
1 165 165 1 10000000 10000 11650 100 100 1750 10 478986 3 478986 4 478986.000000 29 1750 5
1 166 166 1 10000000 10000 11660 100 100 1760 10 478986 3 478986 5 478986.000000 30 1760 5
1 167 167 1 10000000 10000 11670 100 100 1770 9 478986 3 478986 5 478986.000000 27 1770 4
1 168 168 1 10000000 10000 11680 100 100 1780 7 478986 3 478986 5 478986.000000 28 1780 5
1 169 169 1 10000000 10000 11690 100 100 1790 8 478986 3 478986 4 478986.000000 28 1790 5
1 170 170 1 10000000 10000 11700 100 100 1800 13 478986 3 478986 6 478986.000000 29 1800 8
1 171 171 1 10000000 10000 11710 100 100 1810 13 478986 3 478986 5 478986.000000 28 1810 5
1 172 172 1 10000000 10000 11720 100 100 1820 8 478986 3 478986 5 478986.000000 28 1820 5
1 173 173 1 10000000 10000 11730 100 100 1830 12 478986 3 478986 9 478986.000000 28 1830 5
1 174 174 1 10000000 10000 11740 100 100 1840 10 478986 3 478986 4 478986.000000 28 1840 4
1 175 175 1 10000000 10000 11750 100 100 1850 7 478986 3 478986 6 478986.000000 28 1850 5
1 176 176 1 10000000 10000 11760 100 100 1860 11 478986 4 478986 4 478986.000000 33 1860 5
1 177 177 1 10000000 10000 11770 100 100 1870 9 478986 3 478986 5 478986.000000 29 1870 5
1 178 178 1 10000000 10000 11780 100 100 1879 7 478986 3 488836 4 97491636.000000 29 1879 5
1 179 179 1 10000000 10000 11790 100 100 1890 9 478986 3 478986 5 478986.000000 29 1890 5
1 180 180 1 10000000 10000 11800 100 100 1900 9 478986 4 478986 6 478986.000000 28 1900 4
1 181 181 1 10000000 10000 11810 100 100 1910 9 478986 3 478986 6 478986.000000 26 1910 5
1 182 182 1 10000000 10000 11820 100 100 1920 9 478986 3 478986 5 478986.000000 28 1920 5
1 183 183 1 10000000 10000 11830 100 100 1930 8 478986 3 478986 6 478986.000000 30 1930 10
1 184 184 1 10000000 10000 11840 100 100 1940 10 478986 3 478986 4 478986.000000 28 1940 5
1 185 185 1 10000000 10000 11850 100 100 1950 8 478986 3 478986 5 478986.000000 29 1950 5
1 186 186 1 10000000 10000 11860 100 100 1960 7 478986 3 478986 6 478986.000000 27 1960 6
1 187 187 1 10000000 10000 11870 100 100 1970 8 478986 3 478986 6 478986.000000 28 1970 5
1 188 188 1 10000000 10000 11880 100 100 1980 11 478986 3 478986 6 478986.000000 30 1980 5
1 189 189 1 10000000 10000 11890 100 100 1990 9 478986 3 478986 5 478986.000000 27 1990 4
