1 0 0 1 10000000 1371 309 257
1 1 1 1 10000000 1296 385 255
1 2 2 1 10000000 1309 447 272
1 3 3 1 10000000 1292 418 285
1 4 4 1 10000000 1290 445 315
1 5 5 1 10000000 1336 504 356
1 6 6 1 10000000 1291 501 358
1 7 7 1 10000000 1311 638 382
1 8 8 1 10000000 1332 630 431
1 9 9 1 10000000 1312 667 457
1 10 10 1 10000000 1323 1116 503
1 11 11 1 10000000 1315 722 536
1 12 12 1 10000000 1312 1104 557
1 13 13 1 10000000 1326 829 560
1 14 14 1 10000000 1317 838 1006
1 15 15 1 10000000 1313 2610 736
1 16 16 1 10000000 1314 911 790
1 17 17 1 10000000 1330 897 633
1 18 18 1 10000000 1315 981 674
1 19 19 1 10000000 1316 987 678
1 20 20 1 10000000 1321 1059 742
1 21 21 1 10000000 1317 1042 735
1 22 22 1 10000000 1316 1087 748
1 23 23 1 10000000 1555 1123 774
1 24 24 1 10000000 1330 1181 812
1 25 25 1 10000000 1328 1266 889
1 26 26 1 10000000 1322 1190 886
1 27 27 1 10000000 1322 1319 885
1 28 28 1 10000000 1322 1267 904
1 29 29 1 10000000 1331 1340 922
1 30 30 1 10000000 1335 1302 965
1 31 31 1 10000000 1326 2030 1095
1 32 32 1 10000000 1330 1307 1019
1 33 33 1 10000000 1328 1412 1056
1 34 34 1 10000000 1334 1510 1051
1 35 35 1 10000000 1360 1540 1095
1 36 36 1 10000000 1339 1520 1149
1 37 37 1 10000000 1334 1577 1145
1 38 38 1 10000000 1332 1569 1196
1 39 39 1 10000000 1352 1535 1190
1 40 40 1 10000000 1336 1599 1212
1 41 41 1 10000000 1341 1691 1203
1 42 42 1 10000000 1343 1597 1234
1 43 43 1 10000000 1359 1746 1305
1 44 44 1 10000000 1375 1727 1314
1 45 45 1 10000000 1348 1720 1361
1 46 46 1 10000000 1340 1806 1365
1 47 47 1 10000000 1349 1803 1393
1 48 48 1 10000000 1346 1861 1374
1 49 49 1 10000000 2179 1813 1403
1 50 50 1 10000000 1355 1891 1436
1 51 51 1 10000000 1359 1993 1442
1 52 52 1 10000000 1344 1968 1512
1 53 53 1 10000000 1395 1959 1504
1 54 54 1 10000000 1352 2067 1591
1 55 55 1 10000000 1400 2126 1588
1 56 56 1 10000000 1359 2088 1575
1 57 57 1 10000000 1356 2084 1653
1 58 58 1 10000000 1361 2216 1692
1 59 59 1 10000000 1390 2135 1676
1 60 60 1 10000000 1353 2222 1673
1 61 61 1 10000000 1363 2269 1719
1 62 62 1 10000000 1395 2338 1764
1 63 63 1 10000000 1356 2328 2607
1 64 64 1 10000000 1355 2313 1868
1 65 65 1 10000000 1381 2457 1917
1 66 66 1 10000000 1361 2364 1831
1 67 67 1 10000000 1357 2366 1838
1 68 68 1 10000000 1365 2491 1847
1 69 69 1 10000000 1357 2489 1907
1 70 70 1 10000000 1364 2531 2017
1 71 71 1 10000000 1365 2441 2026
1 72 72 1 10000000 1808 2611 2284
1 73 73 1 10000000 1401 2714 2141
1 74 74 1 10000000 1605 2672 2081
1 75 75 1 10000000 1371 2715 29640
1 76 76 1 10000000 1363 2746 2482
1 77 77 1 10000000 1367 2740 2287
1 78 78 1 10000000 1370 2794 2292
1 79 79 1 10000000 1380 2858 2275
1 80 80 1 10000000 2164 2882 2353
1 81 81 1 10000000 1362 2822 2370
1 82 82 1 10000000 1383 3349 2406
1 83 83 1 10000000 1364 2915 2536
1 84 84 1 10000000 1379 2882 2488
1 85 85 1 10000000 1385 3568 2486
1 86 86 1 10000000 1498 3144 2500
1 87 87 1 10000000 1745 3221 2532
1 88 88 1 10000000 1380 3097 2485
1 89 89 1 10000000 1368 3208 2509
1 90 90 1 10000000 1377 3134 2573
1 91 91 1 10000000 1372 3083 2531
1 92 92 1 10000000 1378 3224 2725
1 93 93 1 10000000 1374 3192 2675
1 94 94 1 10000000 1377 3668 5990
1 95 95 1 10000000 1389 3334 2616
1 96 96 1 10000000 1370 3329 2683
1 97 97 1 10000000 1392 3410 2724
1 98 98 1 10000000 1419 3350 2738
1 99 99 1 10000000 1420 3455 2713
1 100 100 1 10000000 1385 3473 2844
1 101 101 1 10000000 1392 3587 2768
1 102 102 1 10000000 1378 3554 2974
1 103 103 1 10000000 1385 3518 2914
1 104 104 1 10000000 1386 3625 2823
1 105 105 1 10000000 1430 3598 2879
1 106 106 1 10000000 1380 3673 2875
1 107 107 1 10000000 1393 3760 2938
1 108 108 1 10000000 1394 3794 2921
1 109 109 1 10000000 1384 3794 3032
1 110 110 1 10000000 1394 3976 3424
1 111 111 1 10000000 1390 3890 3047
1 112 112 1 10000000 1387 3830 3049
1 113 113 1 10000000 1385 3923 3072
1 114 114 1 10000000 1394 3966 3089
1 115 115 1 10000000 1435 3879 3096
1 116 116 1 10000000 1398 3890 3095
1 117 117 1 10000000 1387 4242 3226
1 118 118 1 10000000 1390 4069 3221
1 119 119 1 10000000 1392 4068 3210
1 120 120 1 10000000 1389 4095 3224
1 121 121 1 10000000 1401 4059 3226
1 122 122 1 10000000 1409 4406 3564
1 123 123 1 10000000 1396 4223 3306
1 124 124 1 10000000 1409 4260 3330
1 125 125 1 10000000 1625 4193 3398
1 126 126 1 10000000 1405 4280 3448
1 127 127 1 10000000 1410 4404 3477
1 128 128 1 10000000 1407 4374 3503
1 129 129 1 10000000 1391 4345 3432
1 130 130 1 10000000 1400 4465 3580
1 131 131 1 10000000 1403 4551 3598
1 132 132 1 10000000 2102 4593 3634
1 133 133 1 10000000 1397 4572 3591
1 134 134 1 10000000 1398 4559 3538
1 135 135 1 10000000 1397 4637 3597
1 136 136 1 10000000 1419 4604 3632
1 137 137 1 10000000 1413 4703 3654
1 138 138 1 10000000 1436 4614 3678
1 139 139 1 10000000 1397 4736 3712
1 140 140 1 10000000 1412 4729 3707
1 141 141 1 10000000 1448 4824 3765
1 142 142 1 10000000 1405 4792 3782
1 143 143 1 10000000 1413 4869 3793
1 144 144 1 10000000 1436 4734 3789
1 145 145 1 10000000 1417 5040 3885
1 146 146 1 10000000 1546 5015 3886
1 147 147 1 10000000 1409 5088 4012
1 148 148 1 10000000 1418 4967 3995
1 149 149 1 10000000 1408 5128 4058
1 150 150 1 10000000 1630 5083 4397
1 151 151 1 10000000 1412 5203 4142
1 152 152 1 10000000 1412 5116 4055
1 153 153 1 10000000 1407 5244 4374
1 154 154 1 10000000 1414 5335 4436
1 155 155 1 10000000 1414 5308 4125
1 156 156 1 10000000 1424 6769 4216
1 157 157 1 10000000 1836 5386 5244
1 158 158 1 10000000 1461 5474 5301
1 159 159 1 10000000 1425 5490 4489
1 160 160 1 10000000 1419 5619 4507
1 161 161 1 10000000 1485 5504 4594
1 162 162 1 10000000 1413 5476 4612
1 163 163 1 10000000 1446 6036 4709
1 164 164 1 10000000 1427 5684 5035
1 165 165 1 10000000 1425 5549 4781
1 166 166 1 10000000 1414 5666 5458
1 167 167 1 10000000 1426 5625 4687
1 168 168 1 10000000 1430 5635 4688
1 169 169 1 10000000 1430 5720 4723
1 170 170 1 10000000 1484 7455 4920
1 171 171 1 10000000 1428 5741 4883
1 172 172 1 10000000 1427 5831 4819
1 173 173 1 10000000 1515 5823 4870
1 174 174 1 10000000 1416 5818 5122
1 175 175 1 10000000 1425 5813 4905
1 176 176 1 10000000 1652 5984 4857
1 177 177 1 10000000 1793 6140 4920
1 178 178 1 10000000 1472 5892 4966
1 179 179 1 10000000 1440 6169 4933
1 180 180 1 10000000 1441 6033 5046
1 181 181 1 10000000 1429 6049 5078
1 182 182 1 10000000 1430 6246 5042
1 183 183 1 10000000 1441 6123 5090
1 184 184 1 10000000 1431 6483 5160
1 185 185 1 10000000 1438 6211 5192
1 186 186 1 10000000 1452 6256 5166
1 187 187 1 10000000 1436 6430 5188
1 188 188 1 10000000 1444 6436 5253
1 189 189 1 10000000 1435 6355 5230
