0 0 0 10000000 108 18 13 111 108 17
1 0 1 10000000 114 114 22 106 68 16
1 0 2 10000000 116 92 17 107 17 15
1 0 3 10000000 112 107 22 105 68 14
0 4 4 10000000 106 16 12 111 93 19
1 4 5 10000000 114 96 20 108 67 15
1 4 6 10000000 111 95 16 108 17 12
1 4 7 10000000 112 103 19 106 66 18
0 8 8 10000000 105 18 13 112 94 17
1 8 9 10000000 110 104 20 107 64 13
1 8 10 10000000 198 111 17 114 21 14
1 8 11 10000000 118 109 21 109 65 15
0 12 12 10000000 109 17 13 114 99 17
1 12 13 10000000 111 98 19 108 59 13
1 12 14 10000000 113 94 20 105 16 13
1 12 15 10000000 111 118 21 110 70 14
0 16 16 10000000 108 16 12 116 96 32
1 16 17 10000000 112 99 19 108 61 13
1 16 18 10000000 113 99 19 111 55 13
1 16 19 10000000 114 106 20 108 61 15
0 20 20 10000000 110 17 14 112 94 20
1 20 21 10000000 116 97 22 123 63 13
1 20 22 10000000 107 87 15 106 17 12
1 20 23 10000000 105 87 20 107 59 15
0 24 24 10000000 106 17 12 112 101 31
1 24 25 10000000 114 105 20 122 65 13
1 24 26 10000000 110 106 19 111 61 14
1 24 27 10000000 112 105 21 117 65 15
0 28 28 10000000 105 19 13 118 99 16
1 28 29 10000000 115 102 20 110 59 14
1 28 30 10000000 113 90 17 107 17 12
1 28 31 10000000 116 92 20 114 68 15
0 32 32 10000000 108 20 13 117 98 17
1 32 33 10000000 117 102 23 112 70 15
1 32 34 10000000 112 86 16 109 15 13
0 35 35 10000000 104 16 13 117 106 31
1 35 36 10000000 113 102 19 115 67 13
1 35 37 10000000 143 139 21 141 79 13
1 35 38 10000000 112 118 20 116 60 14
0 39 39 10000000 105 17 16 118 94 16
1 39 40 10000000 138 151 26 134 88 17
1 39 41 10000000 111 92 23 114 19 12
0 42 42 10000000 107 17 14 118 97 21
1 42 43 10000000 113 109 20 118 64 14
1 42 44 10000000 112 84 17 111 17 13
0 45 45 10000000 105 19 12 117 109 17
1 45 46 10000000 117 129 22 122 68 14
1 45 47 10000000 111 92 16 116 17 12
0 48 48 10000000 105 17 13 118 100 18
1 48 49 10000000 114 104 20 114 61 14
1 48 50 10000000 114 88 18 114 18 13
0 51 51 10000000 108 20 13 118 106 19
1 51 52 10000000 111 94 20 117 62 13
1 51 53 10000000 107 85 16 108 20 13
0 54 54 10000000 104 16 12 119 93 15
1 54 55 10000000 116 103 23 116 54 14
1 54 56 10000000 114 107 20 119 17 14
0 57 57 10000000 112 17 13 120 108 17
1 57 58 10000000 114 104 21 118 54 13
1 57 59 10000000 111 104 19 136 18 14
0 60 60 10000000 104 18 13 119 104 16
1 60 61 10000000 110 103 20 114 61 14
1 60 62 10000000 109 100 17 119 16 12
0 63 63 10000000 107 18 12 121 107 20
1 63 64 10000000 110 105 20 113 60 13
1 63 65 10000000 108 96 17 116 17 12
0 66 66 10000000 107 16 12 121 97 18
1 66 67 10000000 110 105 21 119 60 13
1 66 68 10000000 113 124 18 128 20 14
0 69 69 10000000 105 17 12 118 99 15
1 69 70 10000000 115 127 23 121 79 14
1 69 71 10000000 115 122 17 235 18 13
0 72 72 10000000 113 16 13 109 93 19
1 72 73 10000000 117 98 21 106 70 15
1 72 74 10000000 118 98 17 104 17 13
0 75 75 10000000 484 18 14 210 127 17
1 75 76 10000000 122 258 19 309 71 15
1 75 77 10000000 120 96 22 110 65 15
1 75 78 10000000 119 98 20 104 58 13
0 79 79 10000000 118 16 13 228 114 20
1 79 80 10000000 125 793 19 372 67 26
1 79 81 10000000 125 92 20 107 17 14
0 82 82 10000000 114 17 12 112 100 17
1 82 83 10000000 122 106 23 112 70 15
1 82 84 10000000 117 91 17 109 17 13
0 85 85 10000000 115 15 14 114 88 21
1 85 86 10000000 120 107 18 105 62 13
1 85 87 10000000 120 93 17 112 16 13
0 88 88 10000000 201 17 12 112 109 18
1 88 89 10000000 158 99 18 117 63 21
1 88 90 10000000 123 95 18 110 26 24
0 91 91 10000000 110 16 12 112 106 17
1 91 92 10000000 118 107 20 108 55 13
1 91 93 10000000 121 88 16 108 17 13
0 94 94 10000000 115 16 12 113 99 17
1 94 95 10000000 123 111 24 112 62 12
1 94 96 10000000 117 100 18 108 19 15
0 97 97 10000000 110 17 13 116 93 17
1 97 98 10000000 119 106 28 110 69 14
1 97 99 10000000 133 133 34 129 22 18
0 100 100 10000000 113 19 13 118 109 17
1 100 101 10000000 119 113 27 112 69 14
1 100 102 10000000 118 94 24 112 22 16
0 103 103 10000000 115 20 14 114 111 19
1 103 104 10000000 118 108 27 111 66 15
1 103 105 10000000 122 91 26 112 19 16
0 106 106 10000000 115 20 12 113 103 18
1 106 107 10000000 116 110 30 112 76 15
1 106 108 10000000 115 92 26 108 19 17
0 109 109 10000000 119 16 13 118 101 19
1 109 110 10000000 120 101 18 111 62 14
1 109 111 10000000 123 82 17 110 17 13
0 112 112 10000000 119 22 14 117 117 20
1 112 113 10000000 119 110 20 119 61 12
1 112 114 10000000 118 87 17 107 16 13
0 115 115 10000000 114 16 13 117 102 18
1 115 116 10000000 120 104 19 115 60 12
1 115 117 10000000 120 88 17 110 17 13
0 118 118 10000000 130 19 13 127 112 22
1 118 119 10000000 119 106 17 114 59 12
1 118 120 10000000 117 208 16 115 18 13
0 121 121 10000000 112 16 16 123 91 18
1 121 122 10000000 121 95 20 119 64 13
1 121 123 10000000 123 93 17 111 17 13
0 124 124 10000000 114 17 13 115 107 18
1 124 125 10000000 119 94 20 120 66 13
1 124 126 10000000 121 97 18 111 16 16
0 127 127 10000000 778 16 13 121 314 18
1 127 128 10000000 121 114 19 122 79 22
1 127 129 10000000 129 92 19 110 16 13
0 130 130 10000000 117 16 13 128 106 25
1 130 131 10000000 121 109 21 116 62 14
1 130 132 10000000 118 99 17 113 19 13
0 133 133 10000000 295 18 13 122 132 21
1 133 134 10000000 118 96 21 124 71 15
1 133 135 10000000 198 95 17 113 21 14
0 136 136 10000000 113 18 13 121 102 17
1 136 137 10000000 121 104 19 123 62 13
1 136 138 10000000 120 112 20 127 18 14
0 139 139 10000000 114 16 16 120 101 16
1 139 140 10000000 117 95 20 114 64 20
1 139 141 10000000 125 96 20 119 28 21
0 142 142 10000000 113 16 14 119 103 18
1 142 143 10000000 119 101 19 120 66 13
1 142 144 10000000 119 91 16 111 18 13
0 145 145 10000000 111 16 13 116 107 19
1 145 146 10000000 121 103 18 117 61 13
1 145 147 10000000 118 94 18 112 17 13
0 148 148 10000000 118 18 12 110 102 17
1 148 149 10000000 119 120 21 108 68 17
1 148 150 10000000 135 100 18 104 19 12
0 151 151 10000000 121 18 12 112 104 17
1 151 152 10000000 125 111 20 109 61 13
1 151 153 10000000 123 112 20 110 63 14
1 151 154 10000000 125 118 22 107 64 13
0 155 155 10000000 115 19 13 113 99 17
1 155 156 10000000 125 110 20 106 65 14
1 155 157 10000000 127 101 19 108 19 14
0 158 158 10000000 119 22 16 113 105 18
1 158 159 10000000 124 113 27 111 70 16
1 158 160 10000000 120 103 27 108 22 17
0 161 161 10000000 117 18 12 114 107 16
1 161 162 10000000 121 110 25 111 73 15
1 161 163 10000000 119 99 27 105 23 18
0 164 164 10000000 119 19 12 111 102 16
1 164 165 10000000 127 130 28 115 71 14
1 164 166 10000000 121 101 27 109 23 18
0 167 167 10000000 113 26 13 114 107 16
1 167 168 10000000 125 106 27 112 68 14
1 167 169 10000000 126 110 27 114 23 19
0 170 170 10000000 114 20 13 116 104 16
1 170 171 10000000 123 99 26 114 73 14
1 170 172 10000000 125 112 25 111 23 19
0 173 173 10000000 116 17 13 117 105 18
1 173 174 10000000 125 98 31 114 67 15
1 173 175 10000000 122 98 27 107 23 18
0 176 176 10000000 120 20 16 114 97 17
1 176 177 10000000 121 99 20 112 59 19
1 176 178 10000000 122 95 16 110 17 12
0 179 179 10000000 202 17 12 115 100 16
1 179 180 10000000 127 103 20 114 57 13
1 179 181 10000000 600 116 18 119 19 13
0 182 182 10000000 121 20 13 131 122 21
1 182 183 10000000 120 102 19 113 65 12
1 182 184 10000000 134 123 20 125 20 14
0 185 185 10000000 115 17 12 119 114 19
1 185 186 10000000 121 114 18 115 60 13
1 185 187 10000000 118 84 20 110 20 13
0 188 188 10000000 120 18 12 118 102 17
1 188 189 10000000 123 115 21 116 63 14
1 188 190 10000000 125 101 19 117 19 12
0 191 191 10000000 116 19 13 117 101 17
1 191 192 10000000 125 109 21 117 68 12
1 191 193 10000000 120 86 19 115 21 13
0 194 194 10000000 121 18 13 120 94 16
1 194 195 10000000 124 123 19 118 65 15
1 194 196 10000000 126 99 17 118 18 13
0 197 197 10000000 118 19 13 123 92 16
1 197 198 10000000 196 285 40 164 129 18
1 197 199 10000000 119 96 20 115 19 14
0 200 200 10000000 118 17 14 116 109 16
1 200 201 10000000 135 99 23 118 62 185
1 200 202 10000000 120 87 17 112 18 13
0 203 203 10000000 122 20 13 121 107 18
1 203 204 10000000 120 106 20 121 58 14
1 203 205 10000000 120 89 20 112 18 13
0 206 206 10000000 122 17 13 121 106 17
1 206 207 10000000 126 118 27 119 72 14
1 206 208 10000000 121 100 28 114 22 17
0 209 209 10000000 116 20 12 118 106 20
1 209 210 10000000 121 96 19 116 63 13
1 209 211 10000000 117 88 18 111 17 12
0 212 212 10000000 120 18 15 122 109 17
1 212 213 10000000 122 108 19 116 61 13
1 212 214 10000000 123 110 17 114 20 15
0 215 215 10000000 116 18 14 121 104 19
1 215 216 10000000 158 103 29 117 61 13
1 215 217 10000000 120 93 16 115 17 16
0 218 218 10000000 1579 25 13 118 150 21
1 218 219 10000000 123 101 21 104 68 15
1 218 220 10000000 124 97 20 107 19 13
0 221 221 10000000 120 20 14 110 106 29
1 221 222 10000000 122 100 18 105 59 13
1 221 223 10000000 125 106 20 108 57 13
1 221 224 10000000 123 105 19 104 58 15
0 225 225 10000000 124 20 13 108 108 18
1 225 226 10000000 130 113 30 112 66 16
1 225 227 10000000 124 107 26 108 20 18
0 228 228 10000000 121 21 13 109 113 19
1 228 229 10000000 127 127 29 110 80 15
1 228 230 10000000 121 101 25 103 21 16
0 231 231 10000000 120 19 12 111 96 19
1 231 232 10000000 124 101 27 109 66 14
1 231 233 10000000 123 93 25 108 22 16
0 234 234 10000000 118 22 12 111 95 18
1 234 235 10000000 125 115 26 112 65 14
1 234 236 10000000 126 95 30 108 20 18
0 237 237 10000000 116 19 13 114 107 21
1 237 238 10000000 122 104 26 109 66 15
1 237 239 10000000 131 129 27 116 23 17
0 240 240 10000000 120 19 13 111 97 16
1 240 241 10000000 131 120 26 111 73 15
1 240 242 10000000 126 92 28 107 21 16
0 243 243 10000000 121 20 13 112 102 21
1 243 244 10000000 126 108 21 110 65 14
1 243 245 10000000 122 86 20 106 18 13
0 246 246 10000000 123 21 13 121 111 19
1 246 247 10000000 122 106 19 113 61 21
1 246 248 10000000 119 105 20 110 61 12
1 246 249 10000000 125 205 19 111 59 14
0 250 250 10000000 136 19 13 113 107 17
1 250 251 10000000 121 114 30 110 73 15
1 250 252 10000000 131 95 26 112 22 16
0 253 253 10000000 122 18 13 114 104 16
1 253 254 10000000 161 114 18 116 63 16
1 253 255 10000000 125 100 16 113 21 13
0 256 256 10000000 119 18 13 115 99 18
1 256 257 10000000 123 110 20 110 64 12
1 256 258 10000000 123 92 16 113 20 12
0 259 259 10000000 115 19 13 116 102 17
1 259 260 10000000 123 107 20 111 62 15
1 259 261 10000000 123 95 18 114 19 16
0 262 262 10000000 126 26 13 121 112 16
1 262 263 10000000 126 110 22 112 62 14
1 262 264 10000000 122 92 19 109 18 15
0 265 265 10000000 118 19 12 118 106 16
1 265 266 10000000 124 102 18 113 64 13
1 265 267 10000000 128 98 19 117 19 14
0 268 268 10000000 120 19 13 121 104 18
1 268 269 10000000 124 114 23 115 62 12
1 268 270 10000000 125 104 20 114 18 15
0 271 271 10000000 124 18 12 117 108 17
1 271 272 10000000 128 117 19 117 63 13
1 271 273 10000000 122 98 16 114 18 13
0 274 274 10000000 122 22 13 118 106 18
1 274 275 10000000 122 99 18 113 63 13
1 274 276 10000000 122 104 18 114 22 13
0 277 277 10000000 119 17 13 119 100 20
1 277 278 10000000 126 120 20 116 63 14
1 277 279 10000000 128 97 17 120 18 13
0 280 280 10000000 131 18 16 117 104 17
1 280 281 10000000 124 111 19 116 69 23
1 280 282 10000000 128 109 19 118 59 13
1 280 283 10000000 122 112 20 119 63 14
0 284 284 10000000 123 23 14 120 102 17
1 284 285 10000000 132 114 18 124 65 15
1 284 286 10000000 122 89 16 111 18 13
0 287 287 10000000 130 19 17 129 130 21
1 287 288 10000000 126 110 18 119 56 14
1 287 289 10000000 123 94 17 116 22 12
0 290 290 10000000 134 19 13 118 105 18
1 290 291 10000000 128 108 20 121 58 13
1 290 292 10000000 121 93 17 119 18 13
0 293 293 10000000 123 19 14 124 112 19
1 293 294 10000000 123 108 18 112 59 13
1 293 295 10000000 127 109 18 117 22 13
0 296 296 10000000 120 22 14 108 109 18
1 296 297 10000000 129 107 21 107 64 15
1 296 298 10000000 136 113 21 113 19 14
0 299 299 10000000 122 18 13 114 105 23
1 299 300 10000000 139 128 19 114 66 12
1 299 301 10000000 135 105 18 113 58 14
1 299 302 10000000 133 99 18 108 58 13
0 303 303 10000000 163 20 13 135 130 21
1 303 304 10000000 135 111 29 110 78 15
1 303 305 10000000 530 284 30 111 23 18
0 306 306 10000000 122 20 12 111 101 17
1 306 307 10000000 134 115 28 110 68 15
1 306 308 10000000 125 87 26 158 21 16
0 309 309 10000000 129 17 13 112 104 18
1 309 310 10000000 132 108 25 111 66 14
1 309 311 10000000 128 89 27 108 21 17
0 312 312 10000000 130 19 13 136 113 18
1 312 313 10000000 133 105 19 112 63 12
1 312 314 10000000 132 93 17 114 21 16
0 315 315 10000000 126 18 12 116 109 19
1 315 316 10000000 133 116 26 115 72 14
1 315 317 10000000 126 97 25 106 21 16
0 318 318 10000000 122 18 13 114 107 17
1 318 319 10000000 130 111 27 118 70 14
1 318 320 10000000 130 115 27 112 21 19
0 321 321 10000000 127 19 13 113 106 17
1 321 322 10000000 132 113 29 114 66 15
1 321 323 10000000 129 105 25 115 20 17
0 324 324 10000000 138 18 13 114 110 19
1 324 325 10000000 129 131 25 111 68 14
1 324 326 10000000 132 101 31 106 22 17
0 327 327 10000000 125 18 12 114 106 20
1 327 328 10000000 133 105 28 119 69 15
1 327 329 10000000 160 100 25 113 21 18
0 330 330 10000000 124 17 15 115 101 17
1 330 331 10000000 166 113 26 132 69 14
1 330 332 10000000 129 98 27 113 24 17
0 333 333 10000000 124 18 16 116 105 16
1 333 334 10000000 133 101 27 116 66 15
1 333 335 10000000 127 93 25 109 21 18
0 336 336 10000000 123 19 12 116 97 17
1 336 337 10000000 136 116 27 114 70 14
1 336 338 10000000 132 86 26 112 22 16
0 339 339 10000000 129 18 13 117 102 20
1 339 340 10000000 142 122 27 121 69 20
1 339 341 10000000 126 98 25 113 23 17
0 342 342 10000000 126 17 12 117 100 16
1 342 343 10000000 135 109 18 117 61 13
1 342 344 10000000 130 200 16 114 18 13
0 345 345 10000000 127 19 12 117 120 20
1 345 346 10000000 131 111 26 115 69 14
1 345 347 10000000 126 96 28 121 24 18
0 348 348 10000000 124 18 13 114 106 18
1 348 349 10000000 134 113 28 116 66 14
1 348 350 10000000 133 104 27 111 20 17
0 351 351 10000000 127 21 13 120 107 19
1 351 352 10000000 134 113 24 114 60 13
1 351 353 10000000 130 93 18 113 19 14
0 354 354 10000000 378 27 12 124 150 18
1 354 355 10000000 135 112 24 118 60 14
1 354 356 10000000 131 99 17 121 19 13
0 357 357 10000000 127 18 14 123 106 17
1 357 358 10000000 128 110 19 112 64 13
1 357 359 10000000 131 94 20 116 18 13
0 360 360 10000000 131 21 14 133 125 18
1 360 361 10000000 134 105 19 118 54 13
1 360 362 10000000 131 95 18 118 18 12
0 363 363 10000000 128 18 13 115 101 17
1 363 364 10000000 139 124 29 119 79 15
1 363 365 10000000 129 92 16 113 17 13
0 366 366 10000000 130 16 13 114 101 20
1 366 367 10000000 136 114 16 104 69 14
1 366 368 10000000 147 148 20 122 20 16
0 369 369 10000000 130 19 12 111 97 17
1 369 370 10000000 129 107 19 106 64 14
1 369 371 10000000 128 98 20 104 63 14
1 369 372 10000000 131 96 21 109 56 15
0 373 373 10000000 134 21 13 115 106 24
1 373 374 10000000 132 112 20 109 69 15
1 373 375 10000000 128 87 15 104 21 13
0 376 376 10000000 133 18 11 113 102 17
1 376 377 10000000 132 101 20 110 64 13
1 376 378 10000000 128 109 22 111 65 15
1 376 379 10000000 136 112 20 110 62 12
0 380 380 10000000 130 23 13 117 109 18
1 380 381 10000000 130 111 26 114 65 15
1 380 382 10000000 131 102 25 112 22 18
0 383 383 10000000 130 19 13 112 103 18
1 383 384 10000000 140 602 31 115 69 15
1 383 385 10000000 126 188 28 106 25 17
0 386 386 10000000 141 20 13 115 105 21
1 386 387 10000000 134 108 27 111 66 14
1 386 388 10000000 131 99 26 108 21 17
0 389 389 10000000 128 18 16 120 102 17
1 389 390 10000000 128 100 25 110 65 14
1 389 391 10000000 126 95 24 106 21 16
0 392 392 10000000 133 19 13 116 104 20
1 392 393 10000000 132 106 24 116 63 15
1 392 394 10000000 128 103 28 110 22 17
0 395 395 10000000 135 18 13 118 360 19
1 395 396 10000000 136 115 25 116 70 14
1 395 397 10000000 131 98 28 119 22 17
0 398 398 10000000 137 20 12 115 99 21
1 398 399 10000000 136 125 27 113 69 15
1 398 400 10000000 129 107 27 114 23 17
0 401 401 10000000 131 18 12 113 104 17
1 401 402 10000000 130 120 30 119 66 15
1 401 403 10000000 125 94 24 109 20 17
0 404 404 10000000 132 21 12 117 104 22
1 404 405 10000000 139 127 21 121 74 15
1 404 406 10000000 128 117 18 118 22 17
0 407 407 10000000 130 18 14 124 99 17
1 407 408 10000000 129 104 19 117 67 19
1 407 409 10000000 128 102 20 119 61 13
1 407 410 10000000 130 107 19 114 61 12
0 411 411 10000000 130 21 12 116 99 17
1 411 412 10000000 130 116 31 122 66 14
1 411 413 10000000 171 159 31 157 23 19
0 414 414 10000000 137 19 12 117 102 16
1 414 415 10000000 134 114 30 117 68 15
1 414 416 10000000 129 93 29 111 21 17
0 417 417 10000000 130 19 15 120 102 16
1 417 418 10000000 134 103 27 119 69 14
1 417 419 10000000 130 87 31 112 21 18
0 420 420 10000000 133 18 12 119 99 16
1 420 421 10000000 134 100 18 118 58 12
1 420 422 10000000 136 97 18 117 21 14
0 423 423 10000000 131 19 13 119 110 18
1 423 424 10000000 127 108 22 122 60 14
1 423 425 10000000 130 95 16 116 21 13
0 426 426 10000000 133 18 13 121 96 19
1 426 427 10000000 132 117 26 120 75 15
1 426 428 10000000 134 94 27 121 20 16
0 429 429 10000000 130 19 12 113 101 15
1 429 430 10000000 132 103 19 114 59 13
1 429 431 10000000 128 94 17 115 20 13
0 432 432 10000000 141 17 13 113 103 18
1 432 433 10000000 138 111 34 103 73 18
1 432 434 10000000 136 83 17 103 16 13
0 435 435 10000000 139 19 13 115 98 17
1 435 436 10000000 134 108 26 107 69 14
1 435 437 10000000 152 125 29 105 82 14
1 435 438 10000000 172 111 26 110 68 14
0 439 439 10000000 144 17 15 115 116 21
1 439 440 10000000 137 110 30 109 73 16
1 439 441 10000000 140 93 17 109 16 13
0 442 442 10000000 137 19 13 117 104 19
1 442 443 10000000 141 103 27 112 68 14
1 442 444 10000000 140 114 28 108 76 14
1 442 445 10000000 137 109 28 108 71 14
0 446 446 10000000 137 17 13 114 106 18
1 446 447 10000000 136 108 27 112 70 14
1 446 448 10000000 136 96 26 104 20 17
0 449 449 10000000 140 18 12 114 108 18
1 449 450 10000000 139 111 28 112 71 16
1 449 451 10000000 141 99 25 113 24 18
0 452 452 10000000 131 22 13 116 99 17
1 452 453 10000000 135 105 17 118 64 15
1 452 454 10000000 134 94 17 114 19 13
0 455 455 10000000 134 17 13 116 102 18
1 455 456 10000000 133 99 28 113 69 13
1 455 457 10000000 136 91 28 108 20 17
0 458 458 10000000 138 20 12 115 105 16
1 458 459 10000000 134 109 26 115 68 14
1 458 460 10000000 135 98 24 107 20 17
0 461 461 10000000 139 17 13 119 96 18
1 461 462 10000000 142 110 20 117 55 14
1 461 463 10000000 138 90 17 112 17 14
0 464 464 10000000 133 18 13 115 108 17
1 464 465 10000000 141 116 30 113 71 16
1 464 466 10000000 135 96 32 110 26 16
0 467 467 10000000 140 22 14 117 119 21
1 467 468 10000000 140 109 27 117 70 16
1 467 469 10000000 136 98 27 115 21 19
0 470 470 10000000 138 19 13 122 113 19
1 470 471 10000000 136 109 26 112 65 14
1 470 472 10000000 141 101 34 111 21 17
0 473 473 10000000 138 20 13 119 104 17
1 473 474 10000000 140 119 27 118 71 16
1 473 475 10000000 142 96 24 112 22 18
0 476 476 10000000 134 22 13 119 108 17
1 476 477 10000000 137 124 27 115 74 15
1 476 478 10000000 136 101 26 113 19 17
0 479 479 10000000 132 21 17 115 109 16
1 479 480 10000000 147 106 26 119 70 14
1 479 481 10000000 136 107 25 117 24 19
0 482 482 10000000 136 18 13 119 108 17
1 482 483 10000000 136 110 29 117 70 14
1 482 484 10000000 135 98 24 111 22 17
0 485 485 10000000 130 17 14 119 98 20
1 485 486 10000000 138 118 24 120 72 15
1 485 487 10000000 132 106 28 115 21 17
0 488 488 10000000 135 17 13 116 104 16
1 488 489 10000000 143 107 26 119 68 14
1 488 490 10000000 135 194 52 117 53 36
1 488 491 10000000 135 158 41 115 29 469
0 492 492 10000000 140 16 14 116 105 17
1 492 493 10000000 135 99 17 113 60 13
1 492 494 10000000 133 89 16 111 20 13
0 495 495 10000000 186 25 17 373 148 29
1 495 496 10000000 144 113 31 104 140 17
1 495 497 10000000 147 96 17 106 17 14
0 498 498 10000000 133 18 12 113 100 17
1 498 499 10000000 141 114 27 110 70 18
1 498 500 10000000 142 107 29 111 68 15
1 498 501 10000000 136 114 25 109 69 15
0 502 502 10000000 133 17 13 113 104 16
1 502 503 10000000 145 114 30 108 68 17
1 502 504 10000000 144 108 20 112 18 12
0 505 505 10000000 137 17 13 112 105 17
1 505 506 10000000 145 110 27 111 75 17
1 505 507 10000000 141 114 27 109 76 16
1 505 508 10000000 139 105 25 112 67 14
0 509 509 10000000 139 20 13 112 106 18
1 509 510 10000000 138 105 28 110 70 18
1 509 511 10000000 138 90 23 111 17 13
0 512 512 10000000 237 17 15 114 116 18
1 512 513 10000000 139 115 27 111 78 18
1 512 514 10000000 137 76 16 111 17 13
0 515 515 10000000 345 18 14 116 228 21
1 515 516 10000000 140 121 28 110 72 17
1 515 517 10000000 137 85 17 110 16 12
0 518 518 10000000 129 17 13 113 103 21
1 518 519 10000000 141 125 29 119 73 17
1 518 520 10000000 139 97 17 114 21 13
0 521 521 10000000 133 16 15 114 95 17
1 521 522 10000000 138 121 28 111 76 17
1 521 523 10000000 135 92 18 108 17 15
0 524 524 10000000 137 17 12 114 101 16
1 524 525 10000000 146 109 30 111 75 16
1 524 526 10000000 146 109 17 125 17 15
0 527 527 10000000 135 17 13 113 97 22
1 527 528 10000000 137 125 32 114 70 18
1 527 529 10000000 138 92 19 115 17 13
0 530 530 10000000 142 17 12 117 110 18
1 530 531 10000000 141 114 26 116 65 16
1 530 532 10000000 134 92 15 113 17 13
0 533 533 10000000 139 18 14 117 102 16
1 533 534 10000000 145 129 27 113 74 20
1 533 535 10000000 136 88 16 114 18 13
0 536 536 10000000 130 18 14 117 104 18
1 536 537 10000000 139 113 19 116 67 15
1 536 538 10000000 136 98 19 114 20 13
0 539 539 10000000 132 16 13 114 105 17
1 539 540 10000000 141 110 30 117 71 17
1 539 541 10000000 136 82 16 110 17 12
0 542 542 10000000 136 17 15 121 143 17
1 542 543 10000000 135 116 31 122 74 18
1 542 544 10000000 140 98 19 118 17 16
0 545 545 10000000 135 16 13 115 103 20
1 545 546 10000000 141 112 24 117 76 20
1 545 547 10000000 140 125 28 484 74 15
1 545 548 10000000 139 116 28 116 68 18
0 549 549 10000000 136 16 13 120 95 19
1 549 550 10000000 136 112 29 117 70 21
1 549 551 10000000 778 192 18 176 22 15
0 552 552 10000000 139 16 16 115 109 17
1 552 553 10000000 139 104 27 115 69 17
1 552 554 10000000 138 89 20 111 18 13
0 555 555 10000000 138 17 13 113 106 16
1 555 556 10000000 240 115 33 105 73 15
1 555 557 10000000 144 93 18 107 18 13
0 558 558 10000000 143 18 12 109 98 17
1 558 559 10000000 141 99 30 106 66 17
1 558 560 10000000 162 126 26 123 21 17
0 561 561 10000000 147 18 13 111 96 16
1 561 562 10000000 147 117 27 107 73 16
1 561 563 10000000 139 93 16 107 16 13
0 564 564 10000000 144 17 15 113 107 16
1 564 565 10000000 150 123 32 114 79 16
1 564 566 10000000 138 97 17 110 17 13
0 567 567 10000000 143 17 12 114 107 16
1 567 568 10000000 147 114 30 113 78 17
1 567 569 10000000 181 95 16 110 21 12
0 570 570 10000000 139 17 12 116 101 17
1 570 571 10000000 176 118 28 267 72 17
1 570 572 10000000 605 121 17 119 20 13
0 573 573 10000000 139 17 16 117 112 17
1 573 574 10000000 140 116 32 112 70 17
1 573 575 10000000 143 85 16 106 16 14
0 576 576 10000000 155 16 15 118 117 20
1 576 577 10000000 143 117 27 109 73 18
1 576 578 10000000 145 102 21 108 16 13
0 579 579 10000000 141 17 13 114 109 16
1 579 580 10000000 143 113 27 116 67 18
1 579 581 10000000 137 92 16 105 17 13
0 582 582 10000000 143 17 12 118 110 18
1 582 583 10000000 339 147 36 249 85 21
1 582 584 10000000 146 101 20 111 19 15
0 585 585 10000000 143 19 12 116 107 17
1 585 586 10000000 140 116 29 117 75 18
1 585 587 10000000 140 86 17 109 16 13
0 588 588 10000000 144 17 13 114 97 17
1 588 589 10000000 144 121 29 116 78 18
1 588 590 10000000 146 102 20 121 17 13
0 591 591 10000000 143 16 13 126 122 16
1 591 592 10000000 147 147 30 557 1816 18
1 591 593 10000000 143 87 16 107 21 12
0 594 594 10000000 143 23 13 118 100 16
1 594 595 10000000 151 118 28 118 67 17
1 594 596 10000000 149 96 19 110 16 12
0 597 597 10000000 140 20 12 115 108 20
1 597 598 10000000 140 114 27 116 70 17
1 597 599 10000000 149 100 18 116 16 17
0 600 600 10000000 139 17 13 115 108 17
1 600 601 10000000 142 104 27 113 71 17
1 600 602 10000000 143 94 21 113 17 13
0 603 603 10000000 135 18 13 113 101 19
1 603 604 10000000 142 113 28 110 70 17
1 603 605 10000000 144 93 16 113 17 13
0 606 606 10000000 141 18 13 119 108 16
1 606 607 10000000 142 125 33 115 81 20
1 606 608 10000000 138 89 17 110 17 14
0 609 609 10000000 144 20 13 126 116 22
1 609 610 10000000 143 125 26 115 72 16
1 609 611 10000000 146 92 22 110 16 14
0 612 612 10000000 141 18 13 118 107 18
1 612 613 10000000 139 113 26 112 70 17
1 612 614 10000000 145 93 17 119 17 13
0 615 615 10000000 141 17 13 118 102 17
1 615 616 10000000 149 122 29 120 72 15
1 615 617 10000000 138 98 16 112 18 13
0 618 618 10000000 142 16 13 122 106 18
1 618 619 10000000 141 119 27 113 76 18
1 618 620 10000000 156 107 19 115 19 15
0 621 621 10000000 154 18 16 115 112 18
1 621 622 10000000 146 107 19 105 65 16
1 621 623 10000000 142 94 16 107 18 12
0 624 624 10000000 154 18 13 113 112 20
1 624 625 10000000 380 147 19 196 65 15
1 624 626 10000000 150 101 18 111 19 14
0 627 627 10000000 148 19 13 113 107 17
1 627 628 10000000 151 118 21 108 59 14
1 627 629 10000000 146 87 16 102 20 12
0 630 630 10000000 218 19 13 114 113 17
1 630 631 10000000 147 115 19 111 67 15
1 630 632 10000000 141 96 17 105 18 13
0 633 633 10000000 148 20 13 123 111 21
1 633 634 10000000 147 128 21 109 59 18
1 633 635 10000000 151 429 31 208 21 14
0 636 636 10000000 150 21 13 117 113 16
1 636 637 10000000 148 153 21 110 84 19
1 636 638 10000000 143 97 17 108 17 13
0 639 639 10000000 148 20 13 110 113 16
1 639 640 10000000 152 127 28 106 72 18
1 639 641 10000000 143 94 16 105 18 14
0 642 642 10000000 159 19 13 112 110 16
1 642 643 10000000 152 119 18 107 65 15
1 642 644 10000000 150 105 17 107 20 13
0 645 645 10000000 154 18 15 113 102 16
1 645 646 10000000 157 135 32 119 82 20
1 645 647 10000000 149 99 17 111 19 14
0 648 648 10000000 146 20 13 114 110 16
1 648 649 10000000 145 120 23 113 74 16
1 648 650 10000000 144 93 18 110 18 13
0 651 651 10000000 147 18 12 147 105 19
1 651 652 10000000 148 124 28 108 74 18
1 651 653 10000000 177 160 33 166 28 16
0 654 654 10000000 152 18 13 116 111 18
1 654 655 10000000 143 112 19 117 66 14
1 654 656 10000000 147 102 17 115 19 13
0 657 657 10000000 151 19 13 115 116 17
1 657 658 10000000 153 121 27 108 73 18
1 657 659 10000000 149 111 19 114 21 14
0 660 660 10000000 152 18 13 113 104 17
1 660 661 10000000 149 118 1552 116 78 18
1 660 662 10000000 180 92 17 109 19 12
0 663 663 10000000 150 19 13 117 105 16
1 663 664 10000000 151 109 22 110 65 15
1 663 665 10000000 143 89 15 107 18 13
0 666 666 10000000 155 19 13 117 106 18
1 666 667 10000000 148 110 18 112 64 15
1 666 668 10000000 144 101 24 112 19 14
0 669 669 10000000 149 17 13 115 125 18
1 669 670 10000000 228 139 37 121 65 14
1 669 671 10000000 146 97 20 112 18 13
0 672 672 10000000 150 19 13 121 109 20
1 672 673 10000000 150 118 20 119 63 15
1 672 674 10000000 150 112 19 115 22 13
0 675 675 10000000 153 21 13 115 107 17
1 675 676 10000000 151 117 18 114 64 14
1 675 677 10000000 144 112 19 119 20 15
0 678 678 10000000 150 18 14 116 115 17
1 678 679 10000000 147 126 20 117 72 15
1 678 680 10000000 159 98 22 118 23 14
0 681 681 10000000 147 18 13 116 110 18
1 681 682 10000000 149 116 20 121 67 14
1 681 683 10000000 147 112 21 333 19 13
0 684 684 10000000 159 19 13 125 116 19
1 684 685 10000000 148 115 20 115 74 15
1 684 686 10000000 166 126 21 128 19 15
0 687 687 10000000 190 20 13 128 120 21
1 687 688 10000000 153 112 21 110 67 15
1 687 689 10000000 192 102 18 106 18 14
0 690 690 10000000 164 19 13 113 117 19
1 690 691 10000000 155 111 25 107 66 16
1 690 692 10000000 151 100 26 102 23 18
0 693 693 10000000 163 20 13 120 111 22
1 693 694 10000000 150 123 45 106 78 23
1 693 695 10000000 272 140 27 106 23 19
0 696 696 10000000 163 23 14 112 95 20
1 696 697 10000000 157 112 20 105 63 15
1 696 698 10000000 161 116 20 108 61 13
0 699 699 10000000 170 33 30 114 108 20
1 699 700 10000000 151 117 29 113 68 15
1 699 701 10000000 497 133 20 116 59 14
0 702 702 10000000 162 18 50 113 120 17
1 702 703 10000000 152 119 32 114 67 18
1 702 704 10000000 152 117 26 108 65 15
0 705 705 10000000 169 23 15 118 97 18
1 705 706 10000000 158 122 31 120 71 21
1 705 707 10000000 147 114 30 113 74 18
0 708 708 10000000 162 18 13 113 100 16
1 708 709 10000000 157 118 27 110 67 18
1 708 710 10000000 159 137 50 110 73 19
0 711 711 10000000 161 18 13 116 108 18
1 711 712 10000000 158 115 29 114 69 16
1 711 713 10000000 151 131 41 114 73 21
0 714 714 10000000 161 23 12 114 114 37
1 714 715 10000000 149 107 18 114 63 13
1 714 716 10000000 153 126 31 111 79 22
1 714 717 10000000 156 181 57 114 34 29
0 718 718 10000000 161 19 15 118 99 18
1 718 719 10000000 159 126 32 118 75 21
1 718 720 10000000 181 117 30 115 20 18
0 721 721 10000000 167 19 13 115 106 19
1 721 722 10000000 162 144 35 118 101 19
1 721 723 10000000 151 112 33 115 77 18
0 724 724 10000000 157 16 13 118 106 18
1 724 725 10000000 156 108 27 116 77 16
1 724 726 10000000 160 119 41 119 77 19
0 727 727 10000000 162 20 12 116 94 17
1 727 728 10000000 158 125 42 116 70 23
1 727 729 10000000 153 123 41 121 78 19
0 730 730 10000000 169 16 14 117 107 17
1 730 731 10000000 154 122 40 122 77 26
1 730 732 10000000 161 144 43 117 84 19
0 733 733 10000000 164 17 15 121 102 17
1 733 734 10000000 149 116 34 118 73 18
1 733 735 10000000 155 118 27 117 76 17
0 736 736 10000000 166 16 13 120 102 18
1 736 737 10000000 162 114 31 127 77 18
1 736 738 10000000 150 119 41 118 71 19
0 739 739 10000000 157 19 14 121 107 17
1 739 740 10000000 164 121 32 122 73 18
1 739 741 10000000 152 120 30 117 74 17
0 742 742 10000000 167 19 13 121 95 19
1 742 743 10000000 154 116 40 118 74 23
1 742 744 10000000 152 126 40 116 73 25
0 745 745 10000000 164 17 13 124 105 17
1 745 746 10000000 152 118 30 123 72 18
1 745 747 10000000 152 121 29 124 72 19
0 748 748 10000000 179 16 13 122 94 19
1 748 749 10000000 152 111 28 128 84 18
1 748 750 10000000 152 115 43 126 70 19
0 751 751 10000000 167 16 13 121 99 19
1 751 752 10000000 166 115 31 122 74 19
1 751 753 10000000 150 116 30 120 68 18
0 754 754 10000000 162 18 15 160 100 16
1 754 755 10000000 159 115 29 123 72 18
1 754 756 10000000 154 122 40 126 78 19
0 757 757 10000000 162 17 13 123 96 17
1 757 758 10000000 150 113 31 125 78 18
1 757 759 10000000 152 115 29 126 77 17
0 760 760 10000000 165 16 11 125 100 16
1 760 761 10000000 157 123 31 126 73 18
1 760 762 10000000 150 111 30 123 70 17
0 763 763 10000000 162 19 12 122 91 17
1 763 764 10000000 157 128 31 123 76 20
1 763 765 10000000 157 119 39 128 73 18
0 766 766 10000000 172 18 13 128 110 17
1 766 767 10000000 148 105 25 124 70 15
1 766 768 10000000 155 116 38 123 77 19
0 769 769 10000000 177 32 29 128 108 20
1 769 770 10000000 152 107 26 122 70 13
1 769 771 10000000 152 123 31 129 78 13
0 772 772 10000000 158 17 13 135 90 16
1 772 773 10000000 148 118 39 119 71 23
1 772 774 10000000 157 116 44 155 80 19
0 775 775 10000000 164 20 13 125 101 18
1 775 776 10000000 153 112 28 121 75 17
1 775 777 10000000 299 161 49 144 94 19
0 778 778 10000000 171 18 13 109 84 16
1 778 779 10000000 159 131 51 106 69 33
1 778 780 10000000 162 176 60 108 35 34
0 781 781 10000000 173 17 13 119 115 19
1 781 782 10000000 159 139 44 109 74 32
1 781 783 10000000 157 169 47 111 35 36
0 784 784 10000000 162 16 13 110 88 16
1 784 785 10000000 191 140 43 108 65 35
1 784 786 10000000 160 161 44 106 34 37
0 787 787 10000000 167 17 13 112 87 18
1 787 788 10000000 159 137 42 112 69 36
1 787 789 10000000 164 169 47 113 34 35
0 790 790 10000000 162 17 12 110 89 46
1 790 791 10000000 154 129 42 113 84 23
1 790 792 10000000 166 124 30 111 76 19
0 793 793 10000000 165 20 12 117 105 18
1 793 794 10000000 171 133 27 492 70 15
1 793 795 10000000 166 121 29 117 69 20
0 796 796 10000000 164 16 12 110 93 17
1 796 797 10000000 157 116 29 119 69 15
1 796 798 10000000 157 125 28 111 69 18
0 799 799 10000000 185 20 15 121 138 19
1 799 800 10000000 156 141 27 204 67 15
1 799 801 10000000 155 121 28 118 74 19
0 802 802 10000000 175 19 14 119 93 18
1 802 803 10000000 159 115 25 114 66 15
1 802 804 10000000 172 129 30 112 75 18
0 805 805 10000000 167 18 13 115 97 16
1 805 806 10000000 167 118 28 115 75 16
1 805 807 10000000 158 122 28 117 72 18
0 808 808 10000000 165 19 14 123 101 18
1 808 809 10000000 166 124 26 116 70 16
1 808 810 10000000 159 118 29 117 72 18
0 811 811 10000000 166 18 13 119 101 19
1 811 812 10000000 160 117 26 112 66 15
1 811 813 10000000 169 119 31 119 67 19
0 814 814 10000000 172 21 13 123 104 19
1 814 815 10000000 175 172 39 119 89 22
1 814 816 10000000 160 117 32 115 76 17
0 817 817 10000000 168 18 12 117 93 16
1 817 818 10000000 161 117 29 118 64 16
1 817 819 10000000 158 121 32 118 68 18
0 820 820 10000000 201 19 12 120 102 18
1 820 821 10000000 173 114 27 115 139 14
1 820 822 10000000 168 117 39 119 71 19
0 823 823 10000000 175 18 13 117 97 18
1 823 824 10000000 158 112 26 116 62 15
1 823 825 10000000 155 278 112 115 77 74
1 823 826 10000000 160 182 42 117 34 39
0 827 827 10000000 167 17 12 126 99 19
1 827 828 10000000 163 122 29 121 71 19
1 827 829 10000000 157 98 18 118 16 12
0 830 830 10000000 169 19 13 123 102 21
1 830 831 10000000 161 118 31 120 77 19
1 830 832 10000000 165 103 18 119 17 14
0 833 833 10000000 176 22 17 132 128 23
1 833 834 10000000 157 106 18 120 61 13
1 833 835 10000000 162 351 138 121 160 156
1 833 836 10000000 173 221 55 216 47 34
0 837 837 10000000 158 18 14 107 94 16
1 837 838 10000000 162 105 18 105 59 12
1 837 839 10000000 155 84 16 104 22 13
0 840 840 10000000 309 19 16 112 132 17
1 840 841 10000000 168 105 17 111 59 12
1 840 842 10000000 159 87 16 105 19 13
0 843 843 10000000 162 20 13 118 97 17
1 843 844 10000000 165 118 26 106 76 17
1 843 845 10000000 336 150 36 113 73 17
0 846 846 10000000 169 18 13 115 99 19
1 846 847 10000000 156 115 26 111 64 17
1 846 848 10000000 180 128 31 116 78 19
0 849 849 10000000 165 19 12 117 99 16
1 849 850 10000000 273 106 17 112 57 12
1 849 851 10000000 163 110 16 116 66 12
0 852 852 10000000 166 18 13 111 89 17
1 852 853 10000000 162 115 29 115 67 15
1 852 854 10000000 168 138 43 113 66 36
0 855 855 10000000 169 18 13 114 88 19
1 855 856 10000000 169 112 27 112 67 16
1 855 857 10000000 157 123 30 114 74 19
0 858 858 10000000 170 18 13 118 101 18
1 858 859 10000000 163 184 53 116 51 36
1 858 860 10000000 171 121 28 118 76 18
0 861 861 10000000 179 23 15 122 108 18
1 861 862 10000000 240 153 44 152 90 20
1 861 863 10000000 159 116 30 117 69 18
0 864 864 10000000 165 17 15 114 95 19
1 864 865 10000000 165 132 32 118 73 20
1 864 866 10000000 163 121 30 116 68 18
0 867 867 10000000 165 22 13 119 88 19
1 867 868 10000000 163 333 32 120 88 19
1 867 869 10000000 160 118 34 119 75 19
0 870 870 10000000 161 18 12 119 96 18
1 870 871 10000000 163 188 65 119 40 30
1 870 872 10000000 170 122 27 117 77 18
0 873 873 10000000 159 17 12 116 89 17
1 873 874 10000000 172 129 33 116 81 20
1 873 875 10000000 165 122 29 116 71 18
0 876 876 10000000 165 18 15 116 97 19
1 876 877 10000000 155 116 34 114 71 18
1 876 878 10000000 161 116 30 119 75 18
0 879 879 10000000 171 17 13 118 95 18
1 879 880 10000000 162 133 31 119 78 20
1 879 881 10000000 161 113 30 118 70 19
0 882 882 10000000 164 18 14 122 138 77
1 882 883 10000000 164 122 29 121 72 22
1 882 884 10000000 172 123 339 116 77 20
0 885 885 10000000 164 19 13 120 94 17
1 885 886 10000000 159 142 35 128 80 25
1 885 887 10000000 169 115 32 119 71 18
0 888 888 10000000 166 18 14 125 102 17
1 888 889 10000000 161 114 30 125 71 21
1 888 890 10000000 166 140 31 647 78 17
0 891 891 10000000 161 18 13 121 88 17
1 891 892 10000000 160 116 24 120 74 16
1 891 893 10000000 178 139 29 117 85 18
0 894 894 10000000 160 19 14 123 106 18
1 894 895 10000000 162 135 31 126 74 21
1 894 896 10000000 154 277 121 121 82 72
1 894 897 10000000 157 195 57 120 51 35
0 898 898 10000000 164 19 13 129 94 25
1 898 899 10000000 168 131 29 125 70 22
1 898 900 10000000 161 92 19 124 19 12
0 901 901 10000000 162 19 14 131 103 17
1 901 902 10000000 374 348 43 130 36 24
1 901 903 10000000 155 114 27 125 25 20
0 904 904 10000000 169 19 14 127 100 16
1 904 905 10000000 162 147 34 125 79 21
1 904 906 10000000 168 106 17 130 19 16
0 907 907 10000000 169 19 16 129 93 16
1 907 908 10000000 175 178 40 169 95 19
1 907 909 10000000 159 122 28 131 75 17
0 910 910 10000000 162 19 13 131 99 19
1 910 911 10000000 164 127 30 128 71 20
1 910 912 10000000 160 283 113 128 80 68
1 910 913 10000000 158 212 65 131 54 39
0 914 914 10000000 168 18 14 126 94 20
1 914 915 10000000 160 181 43 138 72 23
1 914 916 10000000 157 112 28 128 25 18
0 917 917 10000000 166 21 13 131 102 17
1 917 918 10000000 160 130 32 139 72 19
1 917 919 10000000 158 446 197 127 162 166
1 917 920 10000000 163 185 45 133 61 51
0 921 921 10000000 167 20 13 135 104 16
1 921 922 10000000 162 137 34 138 69 263
1 921 923 10000000 161 103 19 139 20 15
0 924 924 10000000 170 19 13 129 104 17
1 924 925 10000000 158 110 28 126 69 15
1 924 926 10000000 163 116 29 128 73 20
0 927 927 10000000 171 19 13 112 208 17
1 927 928 10000000 171 122 35 108 63 20
1 927 929 10000000 506 434 170 114 134 131
1 927 930 10000000 177 280 118 121 88 71
0 931 931 10000000 170 20 12 112 96 18
1 931 932 10000000 170 200 61 109 63 54
1 931 933 10000000 169 103 17 108 19 13
0 934 934 10000000 172 18 12 111 95 17
1 934 935 10000000 175 192 68 114 34 27
1 934 936 10000000 176 128 48 108 70 19
0 937 937 10000000 168 18 12 115 102 17
1 937 938 10000000 167 218 65 147 66 56
1 937 939 10000000 173 108 18 112 19 13
0 940 940 10000000 177 19 13 116 98 20
1 940 941 10000000 172 183 63 114 35 28
1 940 942 10000000 169 181 68 113 33 27
0 943 943 10000000 182 23 13 124 109 17
1 943 944 10000000 165 115 41 114 68 18
1 943 945 10000000 171 202 72 114 65 42
0 946 946 10000000 173 20 13 119 106 16
1 946 947 10000000 167 183 47 109 33 40
1 946 948 10000000 174 350 139 112 113 109
1 946 949 10000000 163 183 64 116 57 45
0 950 950 10000000 173 19 13 121 104 16
1 950 951 10000000 166 127 28 112 70 19
1 950 952 10000000 167 93 16 117 20 14
0 953 953 10000000 166 19 13 120 103 17
1 953 954 10000000 170 179 45 119 31 41
1 953 955 10000000 185 117 24 123 22 14
0 956 956 10000000 178 20 13 121 93 17
1 956 957 10000000 169 124 32 119 66 22
1 956 958 10000000 166 98 18 116 19 13
0 959 959 10000000 169 18 12 122 102 16
1 959 960 10000000 167 193 61 123 37 27
1 959 961 10000000 177 557 241 120 221 320
1 959 962 10000000 166 213 84 121 82 70
0 963 963 10000000 175 18 12 126 104 18
1 963 964 10000000 168 134 30 118 70 21
1 963 965 10000000 170 122 42 119 64 18
0 966 966 10000000 171 18 13 131 103 19
1 966 967 10000000 171 134 34 124 69 19
1 966 968 10000000 163 117 39 123 70 20
0 969 969 10000000 193 19 14 130 102 20
1 969 970 10000000 176 2134 45 132 98 22
1 969 971 10000000 170 185 64 121 46 30
0 972 972 10000000 174 19 14 129 97 20
1 972 973 10000000 178 120 30 120 67 19
1 972 974 10000000 168 357 140 121 300 219
1 972 975 10000000 171 225 59 796 54 34
0 976 976 10000000 173 19 14 112 106 20
1 976 977 10000000 170 176 70 105 35 27
1 976 978 10000000 164 161 69 102 34 41
0 979 979 10000000 183 18 12 112 100 17
1 979 980 10000000 171 207 70 107 66 56
1 979 981 10000000 169 107 19 107 18 13
0 982 982 10000000 168 22 13 111 94 16
1 982 983 10000000 175 179 61 112 36 31
1 982 984 10000000 171 102 20 113 19 12
0 985 985 10000000 170 19 12 123 104 18
1 985 986 10000000 175 121 27 114 66 14
1 985 987 10000000 189 182 59 114 47 31
0 988 988 10000000 177 19 12 122 101 16
1 988 989 10000000 166 179 63 116 37 30
1 988 990 10000000 164 354 141 111 121 121
1 988 991 10000000 171 209 68 111 58 60
0 992 992 10000000 175 19 14 132 102 20
1 992 993 10000000 166 125 32 115 62 21
1 992 994 10000000 170 99 16 117 21 13
0 995 995 10000000 174 23 14 124 154 19
1 995 996 10000000 178 182 56 117 36 29
1 995 997 10000000 177 134 18 270 18 14
0 998 998 10000000 173 20 12 132 104 19
1 998 999 10000000 191 156 32 272 165 22
1 998 1000 10000000 168 102 16 117 20 14
0 1001 1001 10000000 287 19 14 129 349 17
1 1001 1002 10000000 193 115 27 116 71 16
1 1001 1003 10000000 170 184 60 116 46 31
0 1004 1004 10000000 721 20 13 128 125 17
1 1004 1005 10000000 187 204 63 116 60 54
1 1004 1006 10000000 185 374 160 120 139 131
1 1004 1007 10000000 184 250 84 128 77 57
0 1008 1008 10000000 175 18 15 126 103 17
1 1008 1009 10000000 296 127 33 123 80 58
1 1008 1010 10000000 175 99 16 120 18 13
0 1011 1011 10000000 176 19 13 127 94 20
1 1011 1012 10000000 177 131 33 124 80 59
1 1011 1013 10000000 188 101 19 124 20 14
0 1014 1014 10000000 176 18 13 127 101 17
1 1014 1015 10000000 179 207 70 123 61 60
1 1014 1016 10000000 174 116 21 134 26 14
0 1017 1017 10000000 171 17 15 128 101 16
1 1017 1018 10000000 177 184 54 127 49 39
1 1017 1019 10000000 165 560 268 130 206 260
1 1017 1020 10000000 184 288 119 124 91 95
0 1021 1021 10000000 178 17 13 131 98 16
1 1021 1022 10000000 176 161 62 125 55 37
1 1021 1023 10000000 181 161 60 124 52 33
0 1024 1024 10000000 181 18 14 130 107 21
1 1024 1025 10000000 165 181 47 124 66 49
1 1024 1026 10000000 170 179 48 120 62 56
0 1027 1027 10000000 180 17 13 109 99 20
1 1027 1028 10000000 170 183 75 103 33 31
1 1027 1029 10000000 168 397 172 107 132 137
1 1027 1030 10000000 183 208 76 107 67 57
0 1031 1031 10000000 180 18 15 112 105 18
1 1031 1032 10000000 175 181 54 111 35 29
1 1031 1033 10000000 173 101 16 109 18 13
0 1034 1034 10000000 191 18 15 118 120 19
1 1034 1035 10000000 178 202 64 107 60 56
1 1034 1036 10000000 179 203 74 107 62 57
0 1037 1037 10000000 176 20 13 120 104 19
1 1037 1038 10000000 174 215 62 109 63 53
1 1037 1039 10000000 172 206 70 109 60 53
0 1040 1040 10000000 180 21 15 136 159 18
1 1040 1041 10000000 193 184 56 117 36 30
1 1040 1042 10000000 182 171 55 114 35 28
0 1043 1043 10000000 180 17 12 122 104 17
1 1043 1044 10000000 186 191 66 114 35 31
1 1043 1045 10000000 184 182 58 113 36 30
0 1046 1046 10000000 179 17 13 123 92 19
1 1046 1047 10000000 383 193 301 115 64 66
1 1046 1048 10000000 172 211 73 568 69 58
0 1049 1049 10000000 181 19 12 124 95 18
1 1049 1050 10000000 185 163 43 125 28 30
1 1049 1051 10000000 188 136 41 119 27 30
0 1052 1052 10000000 187 18 15 125 106 18
1 1052 1053 10000000 186 223 101 118 60 57
1 1052 1054 10000000 186 164 58 122 49 42
0 1055 1055 10000000 181 21 14 131 105 17
1 1055 1056 10000000 176 183 73 124 69 58
1 1055 1057 10000000 187 188 70 121 69 58
0 1058 1058 10000000 181 18 14 127 104 79
1 1058 1059 10000000 178 182 64 123 63 65
1 1058 1060 10000000 189 165 60 121 49 34
0 1061 1061 10000000 182 22 15 127 106 16
1 1061 1062 10000000 171 1028 30 272 66 21
1 1061 1063 10000000 184 114 27 123 52 19
0 1064 1064 10000000 185 19 13 128 109 17
1 1064 1065 10000000 192 183 64 216 37 28
1 1064 1066 10000000 186 145 29 123 54 17
0 1067 1067 10000000 184 19 12 131 103 18
1 1067 1068 10000000 182 182 64 127 57 44
1 1067 1069 10000000 177 161 55 119 49 38
0 1070 1070 10000000 183 19 14 128 99 18
1 1070 1071 10000000 200 224 100 125 60 61
1 1070 1072 10000000 189 165 56 127 48 40
0 1073 1073 10000000 186 21 12 133 106 18
1 1073 1074 10000000 194 152 208 126 36 58
1 1073 1075 10000000 170 147 43 126 35 44
0 1076 1076 10000000 187 18 12 141 124 17
1 1076 1077 10000000 187 167 61 126 44 39
1 1076 1078 10000000 179 152 40 125 32 43
0 1079 1079 10000000 169 18 14 133 103 17
1 1079 1080 10000000 179 174 43 130 34 44
1 1079 1081 10000000 174 146 41 122 34 47
0 1082 1082 10000000 180 19 13 132 104 18
1 1082 1083 10000000 178 169 58 123 59 58
1 1082 1084 10000000 175 160 43 124 36 45
0 1085 1085 10000000 190 21 14 134 119 22
1 1085 1086 10000000 172 169 58 125 40 40
1 1085 1087 10000000 190 168 43 127 37 48
0 1088 1088 10000000 168 20 12 132 113 20
1 1088 1089 10000000 176 161 60 159 41 41
1 1088 1090 10000000 205 194 67 134 42 47
0 1091 1091 10000000 178 18 15 126 95 16
1 1091 1092 10000000 178 111 31 131 48 18
1 1091 1093 10000000 182 104 28 128 46 18
0 1094 1094 10000000 187 18 19 133 114 17
1 1094 1095 10000000 183 115 31 126 51 18
1 1094 1096 10000000 170 116 29 128 56 17
0 1097 1097 10000000 181 18 13 135 103 17
1 1097 1098 10000000 168 112 27 127 49 18
1 1097 1099 10000000 174 124 32 216 65 35
0 1100 1100 10000000 176 19 13 133 105 17
1 1100 1101 10000000 181 165 62 129 32 29
1 1100 1102 10000000 176 175 66 130 61 46
0 1103 1103 10000000 176 29 28 133 107 20
1 1103 1104 10000000 185 134 45 127 54 46
1 1103 1105 10000000 173 1402 296 129 176 191
1 1103 1106 10000000 174 186 56 133 61 55
0 1107 1107 10000000 176 39 44 136 106 20
1 1107 1108 10000000 174 111 25 134 50 14
1 1107 1109 10000000 166 110 21 119 18 13
0 1110 1110 10000000 179 18 13 136 100 17
1 1110 1111 10000000 170 117 28 139 52 18
1 1110 1112 10000000 171 117 20 132 45 15
0 1113 1113 10000000 176 18 13 144 102 16
1 1113 1114 10000000 189 115 29 138 49 15
1 1113 1115 10000000 180 185 68 137 65 62
0 1116 1116 10000000 253 40 44 179 168 68
1 1116 1117 10000000 168 169 75 139 61 43
1 1116 1118 10000000 175 223 96 138 81 84
1 1116 1119 10000000 10407 200 31 143 72 18
0 1120 1120 10000000 179 181 14 141 101 17
1 1120 1121 10000000 180 114 41 139 50 20
1 1120 1122 10000000 179 97 17 139 20 13
0 1123 1123 10000000 184 18 12 153 101 18
1 1123 1124 10000000 176 192 81 137 60 60
1 1123 1125 10000000 174 190 87 138 70 49
0 1126 1126 10000000 182 18 12 149 107 15
1 1126 1127 10000000 176 195 71 136 67 59
1 1126 1128 10000000 177 150 41 141 29 37
0 1129 1129 10000000 179 18 13 143 97 20
1 1129 1130 10000000 170 159 57 134 303 253
1 1129 1131 10000000 172 163 67 135 303 249
0 1132 1132 10000000 198 18 13 113 104 18
1 1132 1133 10000000 179 216 80 106 67 54
1 1132 1134 10000000 180 223 90 104 68 49
0 1135 1135 10000000 184 17 12 120 101 21
1 1135 1136 10000000 175 210 81 105 66 58
1 1135 1137 10000000 314 212 61 110 60 34
0 1138 1138 10000000 188 19 12 111 94 19
1 1138 1139 10000000 181 183 61 107 51 32
1 1138 1140 10000000 170 184 63 106 52 33
0 1141 1141 10000000 192 18 13 114 92 20
1 1141 1142 10000000 193 345 227 110 131 124
1 1141 1143 10000000 198 351 255 125 104 108
0 1144 1144 10000000 194 18 13 117 102 18
1 1144 1145 10000000 179 275 201 111 88 77
1 1144 1146 10000000 205 288 143 109 92 88
0 1147 1147 10000000 192 20 13 117 111 19
1 1147 1148 10000000 181 293 62 108 59 32
1 1147 1149 10000000 186 119 45 113 73 23
0 1150 1150 10000000 199 31 14 130 332 17
1 1150 1151 10000000 177 125 47 114 88 35
1 1150 1152 10000000 185 190 68 113 57 43
0 1153 1153 10000000 182 18 13 113 91 16
1 1153 1154 10000000 187 190 46 119 45 52
1 1153 1155 10000000 178 123 41 113 73 21
0 1156 1156 10000000 198 19 12 119 99 17
1 1156 1157 10000000 176 177 55 114 43 36
1 1156 1158 10000000 181 137 41 117 29 36
0 1159 1159 10000000 189 19 13 119 90 17
1 1159 1160 10000000 173 137 87 114 40 41
1 1159 1161 10000000 174 141 40 118 28 35
0 1162 1162 10000000 186 18 13 123 104 17
1 1162 1163 10000000 187 157 41 116 39 46
1 1162 1164 10000000 204 127 39 114 53 22
0 1165 1165 10000000 191 18 13 120 109 20
1 1165 1166 10000000 197 116 39 116 51 22
1 1165 1167 10000000 192 151 47 115 28 37
0 1168 1168 10000000 204 19 13 127 120 18
1 1168 1169 10000000 192 190 71 121 64 58
1 1168 1170 10000000 185 541 236 120 205 271
1 1168 1171 10000000 182 214 95 126 76 75
0 1172 1172 10000000 191 18 12 126 100 20
1 1172 1173 10000000 178 150 58 117 38 27
1 1172 1174 10000000 188 147 61 122 33 31
0 1175 1175 10000000 215 41 55 137 107 16
1 1175 1176 10000000 184 217 99 128 60 56
1 1175 1177 10000000 322 124 41 124 52 19
0 1178 1178 10000000 201 20 14 137 102 17
1 1178 1179 10000000 178 150 47 125 30 37
1 1178 1180 10000000 199 180 44 146 31 47
0 1181 1181 10000000 193 22 13 145 102 17
1 1181 1182 10000000 208 161 62 132 51 45
1 1181 1183 10000000 184 148 44 131 40 54
0 1184 1184 10000000 200 18 13 140 104 21
1 1184 1185 10000000 191 128 29 136 66 28
1 1184 1186 10000000 195 156 62 132 195 47
0 1187 1187 10000000 362 17 13 136 103 18
1 1187 1188 10000000 181 245 188 129 87 73
1 1187 1189 10000000 184 771 408 135 344 371
1 1187 1190 10000000 176 233 99 136 92 93
0 1191 1191 10000000 189 34 51 145 107 16
1 1191 1192 10000000 171 119 40 134 60 44
1 1191 1193 10000000 169 86 16 126 17 12
0 1194 1194 10000000 194 17 13 148 106 18
1 1194 1195 10000000 184 98 38 123 55 34
1 1194 1196 10000000 187 105 18 137 46 12
0 1197 1197 10000000 191 16 13 144 103 17
1 1197 1198 10000000 181 180 62 136 62 56
1 1197 1199 10000000 180 492 224 136 190 201
1 1197 1200 10000000 183 234 119 139 100 170
0 1201 1201 10000000 196 40 56 146 103 16
1 1201 1202 10000000 184 149 44 138 35 46
1 1201 1203 10000000 183 95 16 131 17 13
0 1204 1204 10000000 190 17 13 144 103 17
1 1204 1205 10000000 181 118 31 142 63 34
1 1204 1206 10000000 177 803 328 168 419 477
1 1204 1207 10000000 175 189 73 145 85 88
0 1208 1208 10000000 202 36 48 162 101 18
1 1208 1209 10000000 174 141 59 139 48 40
1 1208 1210 10000000 187 122 28 149 61 25
0 1211 1211 10000000 192 17 14 163 810 17
1 1211 1212 10000000 200 118 30 141 55 20
1 1211 1213 10000000 1968 160 29 154 53 16
0 1214 1214 10000000 197 21 12 164 102 19
1 1214 1215 10000000 183 361 31 152 62 23
1 1214 1216 10000000 376 482 162 149 167 154
1 1214 1217 10000000 178 257 55 149 65 49
0 1218 1218 10000000 190 28 29 208 115 19
1 1218 1219 10000000 210 181 72 143 66 54
1 1218 1220 10000000 302 200 66 146 61 35
0 1221 1221 10000000 198 27 31 165 109 18
1 1221 1222 10000000 180 159 53 136 68 48
1 1221 1223 10000000 174 187 88 139 75 53
0 1224 1224 10000000 198 31 30 110 106 17
1 1224 1225 10000000 180 195 83 110 66 59
1 1224 1226 10000000 205 176 64 105 58 35
0 1227 1227 10000000 190 26 30 115 100 18
1 1227 1228 10000000 190 180 59 106 54 37
1 1227 1229 10000000 197 189 62 109 64 59
0 1230 1230 10000000 200 27 26 113 103 18
1 1230 1231 10000000 194 158 62 110 32 26
1 1230 1232 10000000 196 170 69 113 35 42
0 1233 1233 10000000 197 21 13 123 109 19
1 1233 1234 10000000 187 179 62 109 51 34
1 1233 1235 10000000 186 407 189 109 199 153
1 1233 1236 10000000 205 206 102 117 70 55
0 1237 1237 10000000 205 30 30 120 114 20
1 1237 1238 10000000 189 195 67 118 62 60
1 1237 1239 10000000 186 125 38 113 44 20
0 1240 1240 10000000 190 33 44 124 101 17
1 1240 1241 10000000 180 150 60 114 32 28
1 1240 1242 10000000 189 275 104 150 96 97
0 1243 1243 10000000 205 27 31 223 130 18
1 1243 1244 10000000 184 177 58 117 54 35
1 1243 1245 10000000 198 801 377 116 304 335
1 1243 1246 10000000 186 227 94 117 72 73
0 1247 1247 10000000 217 95 93 133 125 48
1 1247 1248 10000000 198 170 63 120 56 39
1 1247 1249 10000000 184 111 46 115 47 21
0 1250 1250 10000000 194 74 60 128 104 15
1 1250 1251 10000000 187 175 66 118 54 35
1 1250 1252 10000000 205 120 36 117 51 16
0 1253 1253 10000000 198 18 14 133 103 18
1 1253 1254 10000000 188 159 61 126 36 28
1 1253 1255 10000000 193 200 82 123 69 51
1 1253 1256 10000000 183 185 71 120 64 52
0 1257 1257 10000000 194 19 13 135 98 19
1 1257 1258 10000000 200 190 72 125 63 55
1 1257 1259 10000000 191 94 16 120 18 13
0 1260 1260 10000000 194 17 13 138 92 17
1 1260 1261 10000000 204 157 65 130 34 30
1 1260 1262 10000000 190 723 367 125 327 454
1 1260 1263 10000000 187 433 159 129 145 148
0 1264 1264 10000000 195 16 14 143 102 16
1 1264 1265 10000000 202 211 98 133 58 52
1 1264 1266 10000000 784 119 23 141 46 12
0 1267 1267 10000000 201 28 38 149 100 16
1 1267 1268 10000000 183 120 38 137 46 21
1 1267 1269 10000000 191 151 54 133 33 30
0 1270 1270 10000000 199 25 27 154 101 16
1 1270 1271 10000000 186 113 30 135 49 19
1 1270 1272 10000000 193 146 36 136 27 35
0 1273 1273 10000000 190 29 39 150 102 16
1 1273 1274 10000000 187 121 39 137 48 21
1 1273 1275 10000000 188 184 64 140 60 39
0 1276 1276 10000000 215 25 27 182 100 16
1 1276 1277 10000000 197 169 73 137 49 39
1 1276 1278 10000000 187 147 53 139 34 29
0 1279 1279 10000000 196 26 29 159 103 16
1 1279 1280 10000000 186 165 65 207 52 34
1 1279 1281 10000000 183 152 53 140 35 30
0 1282 1282 10000000 363 41 62 170 108 20
1 1282 1283 10000000 191 118 43 147 49 21
1 1282 1284 10000000 186 594 256 146 197 270
1 1282 1285 10000000 184 167 67 141 62 41
0 1286 1286 10000000 193 282 231 169 115 24
1 1286 1287 10000000 187 163 60 140 92 76
1 1286 1288 10000000 192 166 58 137 92 81
0 1289 1289 10000000 191 19 13 106 89 17
1 1289 1290 10000000 199 687 52 107 54 22
1 1289 1291 10000000 201 152 72 107 53 31
0 1292 1292 10000000 195 19 12 117 102 15
1 1292 1293 10000000 190 102 20 110 42 12
1 1292 1294 10000000 186 432 222 108 223 194
1 1292 1295 10000000 191 197 99 107 70 55
0 1296 1296 10000000 211 19 13 129 104 18
1 1296 1297 10000000 193 194 74 112 66 59
1 1296 1298 10000000 1954 2728 577 148 740 643
1 1296 1299 10000000 186 252 57 120 53 31
0 1300 1300 10000000 207 17 13 134 102 17
1 1300 1301 10000000 208 112 25 123 51 13
1 1300 1302 10000000 190 155 63 119 33 27
0 1303 1303 10000000 195 26 27 140 96 18
1 1303 1304 10000000 196 197 72 125 192 147
1 1303 1305 10000000 200 411 174 127 256 269
0 1306 1306 10000000 216 27 28 147 104 19
1 1306 1307 10000000 201 147 43 131 32 23
1 1306 1308 10000000 185 160 48 130 52 31
0 1309 1309 10000000 213 27 30 147 104 19
1 1309 1310 10000000 442 151 38 129 48 21
1 1309 1311 10000000 204 182 59 140 39 32
0 1312 1312 10000000 204 28 26 150 101 18
1 1312 1313 10000000 194 187 84 129 194 226
1 1312 1314 10000000 190 156 47 132 50 32
0 1315 1315 10000000 212 22 13 151 101 18
1 1315 1316 10000000 190 160 61 132 35 34
1 1315 1317 10000000 194 233 88 133 79 73
0 1318 1318 10000000 212 31 29 158 100 20
1 1318 1319 10000000 184 191 76 130 184 151
1 1318 1320 10000000 187 1900 747 133 831 801
1 1318 1321 10000000 203 278 106 131 104 111
0 1322 1322 10000000 202 85 80 158 105 29
1 1322 1323 10000000 189 191 69 128 68 57
1 1322 1324 10000000 194 104 18 131 23 14
0 1325 1325 10000000 193 18 13 167 94 16
1 1325 1326 10000000 183 102 17 147 47 12
1 1325 1327 10000000 186 94 16 153 19 12
0 1328 1328 10000000 206 20 13 169 95 17
1 1328 1329 10000000 181 148 57 145 33 31
1 1328 1330 10000000 214 183 66 156 37 30
0 1331 1331 10000000 204 18 12 208 104 16
1 1331 1332 10000000 235 156 60 133 34 35
1 1331 1333 10000000 225 157 65 139 35 28
0 1334 1334 10000000 192 19 13 189 104 18
1 1334 1335 10000000 207 128 41 139 46 22
1 1334 1336 10000000 208 1077 461 144 537 604
1 1334 1337 10000000 213 237 97 146 220 164
0 1338 1338 10000000 200 19 13 177 94 18
1 1338 1339 10000000 215 93 18 152 22 13
1 1338 1340 10000000 206 748 379 147 382 489
0 1341 1341 10000000 193 18 13 190 100 17
1 1341 1342 10000000 224 129 39 137 48 22
1 1341 1343 10000000 206 885 449 136 356 392
1 1341 1344 10000000 208 500 304 144 126 341
0 1345 1345 10000000 197 19 13 314 122 17
1 1345 1346 10000000 260 170 64 143 57 37
1 1345 1347 10000000 218 104 19 149 48 12
0 1348 1348 10000000 209 28 27 200 94 19
1 1348 1349 10000000 223 226 63 150 56 34
1 1348 1350 10000000 221 104 19 151 42 14
0 1351 1351 10000000 196 27 30 203 103 23
1 1351 1352 10000000 219 172 68 157 58 51
1 1351 1353 10000000 1016 126 17 152 49 15
0 1354 1354 10000000 200 24 20 190 106 34
1 1354 1355 10000000 219 100 20 153 19 13
1 1354 1356 10000000 183 1413 636 151 523 547
1 1354 1357 10000000 222 236 106 148 74 85
0 1358 1358 10000000 208 27 30 189 120 22
1 1358 1359 10000000 218 153 58 158 35 32
1 1358 1360 10000000 220 100 19 157 43 13
0 1361 1361 10000000 194 28 30 195 99 19
1 1361 1362 10000000 211 90 16 134 18 13
1 1361 1363 10000000 215 160 77 154 34 33
0 1364 1364 10000000 204 18 13 111 104 17
1 1364 1365 10000000 205 193 117 108 69 56
1 1364 1366 10000000 194 1069 535 111 454 493
1 1364 1367 10000000 192 538 306 108 232 256
0 1368 1368 10000000 208 159 115 114 108 23
1 1368 1369 10000000 205 345 121 107 98 95
1 1368 1370 10000000 214 154 64 106 53 34
0 1371 1371 10000000 205 160 110 119 102 23
1 1371 1372 10000000 197 408 159 111 139 133
1 1371 1373 10000000 191 130 49 111 52 24
0 1374 1374 10000000 203 17 12 118 99 15
1 1374 1375 10000000 191 326 251 115 992 122
1 1374 1376 10000000 189 301 146 115 116 110
0 1377 1377 10000000 214 156 109 122 99 21
1 1377 1378 10000000 196 488 267 120 212 247
1 1377 1379 10000000 201 444 182 119 142 197
0 1380 1380 10000000 211 49 57 126 95 37
1 1380 1381 10000000 196 153 43 120 29 21
1 1380 1382 10000000 213 186 75 116 59 52
0 1383 1383 10000000 287 17 15 127 96 16
1 1383 1384 10000000 197 249 114 127 90 78
1 1383 1385 10000000 203 982 544 127 469 476
1 1383 1386 10000000 197 536 288 124 246 293
0 1387 1387 10000000 213 46 65 141 106 18
1 1387 1388 10000000 200 507 273 123 215 272
1 1387 1389 10000000 197 99 17 121 42 17
0 1390 1390 10000000 239 29 28 138 105 16
1 1390 1391 10000000 202 374 165 127 136 134
1 1390 1392 10000000 188 556 332 162 282 276
0 1393 1393 10000000 214 25 27 146 100 17
1 1393 1394 10000000 198 159 60 139 34 30
1 1393 1395 10000000 190 1034 559 133 639 536
1 1393 1396 10000000 200 516 672 132 187 323
0 1397 1397 10000000 272 18 13 150 102 18
1 1397 1398 10000000 200 502 248 132 294 301
1 1397 1399 10000000 191 488 245 137 179 287
0 1400 1400 10000000 218 30 29 145 107 17
1 1400 1401 10000000 192 202 60 137 56 35
1 1400 1402 10000000 197 299 129 135 183 108
0 1403 1403 10000000 212 27 27 150 100 22
1 1403 1404 10000000 199 218 103 136 63 72
1 1403 1405 10000000 190 297 123 144 113 110
0 1406 1406 10000000 208 26 26 159 101 16
1 1406 1407 10000000 191 171 61 146 61 51
1 1406 1408 10000000 218 199 83 136 72 55
0 1409 1409 10000000 210 17 12 152 89 17
1 1409 1410 10000000 203 435 183 156 144 167
1 1409 1411 10000000 200 750 361 156 342 410
1 1409 1412 10000000 196 157 58 154 36 32
0 1413 1413 10000000 212 70 61 187 110 32
1 1413 1414 10000000 218 296 210 140 118 118
1 1413 1415 10000000 229 844 452 140 355 454
1 1413 1416 10000000 216 177 69 138 61 38
0 1417 1417 10000000 214 75 67 194 109 17
1 1417 1418 10000000 231 91 20 160 22 13
1 1417 1419 10000000 254 428 192 146 141 168
1 1417 1420 10000000 220 158 67 152 48 40
0 1421 1421 10000000 208 16 13 184 98 19
1 1421 1422 10000000 207 89 20 136 18 13
1 1421 1423 10000000 193 1205 632 143 522 549
0 1424 1424 10000000 210 18 13 184 102 16
1 1424 1425 10000000 217 154 65 246 50 39
1 1424 1426 10000000 192 1055 582 152 518 440
1 1424 1427 10000000 227 220 94 154 74 71
0 1428 1428 10000000 213 20 13 188 96 17
1 1428 1429 10000000 220 182 62 148 461 407
1 1428 1430 10000000 215 480 292 148 1371 955
0 1431 1431 10000000 218 19 12 106 91 17
1 1431 1432 10000000 206 280 140 105 97 97
1 1431 1433 10000000 201 1873 820 106 666 728
1 1431 1434 10000000 197 419 196 109 156 161
0 1435 1435 10000000 209 19 13 113 98 17
1 1435 1436 10000000 206 118 40 109 48 20
1 1435 1437 10000000 205 533 233 108 224 208
0 1438 1438 10000000 212 16 12 115 87 19
1 1438 1439 10000000 218 42405 182 121 153 125
1 1438 1440 10000000 209 1633 649 112 586 591
1 1438 1441 10000000 231 713 189 110 150 151
0 1442 1442 10000000 226 559 440 129 115 37
1 1442 1443 10000000 1330 239 78 122 119 109
1 1442 1444 10000000 209 218 105 114 64 59
0 1445 1445 10000000 204 35 44 131 101 17
1 1445 1446 10000000 214 199 90 128 128 108
1 1445 1447 10000000 205 534 237 120 282 363
0 1448 1448 10000000 219 19 15 133 101 18
1 1448 1449 10000000 250 200 1132 121 107 454
1 1448 1450 10000000 198 2058 916 122 891 949
1 1448 1451 10000000 354 639 272 128 304 408
0 1452 1452 10000000 211 20 12 130 99 18
1 1452 1453 10000000 203 216 79 125 121 113
1 1452 1454 10000000 197 192 81 122 125 111
0 1455 1455 10000000 213 69 59 139 109 15
1 1455 1456 10000000 220 251 116 126 154 133
1 1455 1457 10000000 203 238 84 125 83 85
0 1458 1458 10000000 204 19 13 145 109 18
1 1458 1459 10000000 726 557 555 144 268 403
1 1458 1460 10000000 200 1019 10803 136 641 683
1 1458 1461 10000000 209 696 333 133 311 418
0 1462 1462 10000000 207 16 13 162 104 17
1 1462 1463 10000000 204 309 241 146 208 171
1 1462 1464 10000000 206 221 103 147 132 121
1 1462 1465 10000000 195 236 93 159 128 126
0 1466 1466 10000000 225 18 13 189 109 18
1 1466 1467 10000000 229 474 249 146 266 350
1 1466 1468 10000000 236 507 246 138 268 358
0 1469 1469 10000000 209 277 208 168 101 42
1 1469 1470 10000000 199 289 206 147 166 150
1 1469 1471 10000000 202 838 490 142 576 577
1 1469 1472 10000000 203 525 246 151 283 824
0 1473 1473 10000000 202 19 13 176 107 18
1 1473 1474 10000000 196 389 168 145 221 186
1 1473 1475 10000000 201 610 362 154 316 366
0 1476 1476 10000000 210 29 42 175 103 22
1 1476 1477 10000000 205 207 80 151 63 64
1 1476 1478 10000000 205 221 86 149 75 74
0 1479 1479 10000000 209 72 55 201 108 30
1 1479 1480 10000000 239 530 645 161 278 377
1 1479 1481 10000000 266 162 55 153 57 38
0 1482 1482 10000000 209 18 13 211 105 32
1 1482 1483 10000000 446 554 259 318 376 446
1 1482 1484 10000000 224 909 475 161 432 560
1 1482 1485 10000000 221 218 93 168 73 78
0 1486 1486 10000000 211 17 12 202 95 17
1 1486 1487 10000000 236 482 236 160 265 253
1 1486 1488 10000000 218 1157 659 160 607 632
1 1486 1489 10000000 246 104 18 170 44 13
0 1490 1490 10000000 215 19 15 183 92 16
1 1490 1491 10000000 201 176 60 162 60 53
1 1490 1492 10000000 199 1005 541 160 531 646
1 1490 1493 10000000 245 635 313 422 342 352
0 1494 1494 10000000 212 557 370 184 215 94
1 1494 1495 10000000 199 541 273 159 301 310
1 1494 1496 10000000 198 234 105 162 75 70
0 1497 1497 10000000 209 21 12 197 103 16
1 1497 1498 10000000 210 494 251 154 265 255
1 1497 1499 10000000 214 159 45 156 50 32
0 1500 1500 10000000 237 18 12 203 103 18
1 1500 1501 10000000 204 191 83 167 63 67
1 1500 1502 10000000 200 1132 615 166 645 755
1 1500 1503 10000000 206 107 18 159 45 15
0 1504 1504 10000000 202 37 64 192 90 128
1 1504 1505 10000000 196 500 231 157 2799 1690
1 1504 1506 10000000 200 977 627 156 4012 2009
1 1504 1507 10000000 201 220 103 156 2118 1244
0 1508 1508 10000000 204 18 13 123 103 17
1 1508 1509 10000000 189 128 26 124 180 169
1 1508 1510 10000000 201 167 76 159 251 176
1 1508 1511 10000000 194 599 35 128 66 38
0 1512 1512 10000000 211 18 13 135 109 17
1 1512 1513 10000000 194 367 146 123 253 1271
1 1512 1514 10000000 188 704 312 126 1171 566
1 1512 1515 10000000 191 222 91 159 323 219
0 1516 1516 10000000 365 18 13 133 128 18
1 1516 1517 10000000 193 162 51 131 142 122
1 1516 1518 10000000 201 176 59 130 331 230
0 1519 1519 10000000 242 17 13 135 101 18
1 1519 1520 10000000 214 108 28 129 49 34
1 1519 1521 10000000 206 510 263 130 415 488
0 1522 1522 10000000 285 23 20 192 148 30
1 1522 1523 10000000 332 607 19 148 54 13
1 1522 1524 10000000 193 2487 1062 136 982 1147
1 1522 1525 10000000 190 484 152 143 265 288
0 1526 1526 10000000 205 19 13 146 98 17
1 1526 1527 10000000 194 170 79 133 59 40
1 1526 1528 10000000 190 2186 948 144 831 1131
0 1529 1529 10000000 208 21 13 148 99 17
1 1529 1530 10000000 214 282 134 144 325 240
1 1529 1531 10000000 190 1550 785 140 759 819
1 1529 1532 10000000 212 381 830 147 251 283
0 1533 1533 10000000 216 18 13 148 100 17
1 1533 1534 10000000 217 131 43 146 49 24
1 1533 1535 10000000 199 2492 950 146 914 1109
1 1533 1536 10000000 185 214 82 146 98 95
0 1537 1537 10000000 268 75 57 150 109 15
1 1537 1538 10000000 192 357 155 142 217 251
1 1537 1539 10000000 196 387 153 149 243 264
0 1540 1540 10000000 204 46 66 157 107 17
1 1540 1541 10000000 202 149 53 146 72 59
1 1540 1542 10000000 198 838 465 145 522 631
1 1540 1543 10000000 212 275 127 138 283 220
0 1544 1544 10000000 213 145 62 155 104 17
1 1544 1545 10000000 217 353 132 153 343 228
1 1544 1546 10000000 197 353 135 146 944 226
0 1547 1547 10000000 243 19 13 474 118 17
1 1547 1548 10000000 197 105 20 148 43 13
1 1547 1549 10000000 187 808 457 158 525 615
1 1547 1550 10000000 194 155 54 157 72 59
0 1551 1551 10000000 201 22 17 176 92 32
1 1551 1552 10000000 236 352 155 157 225 253
1 1551 1553 10000000 228 565 267 156 327 464
1 1551 1554 10000000 250 195 60 159 286 170
0 1555 1555 10000000 211 18 12 208 114 21
1 1555 1556 10000000 214 161 58 154 266 166
1 1555 1557 10000000 217 103 20 159 42 12
0 1558 1558 10000000 214 86 67 200 102 16
1 1558 1559 10000000 237 364 158 156 228 248
1 1558 1560 10000000 192 2670 1133 155 908 1100
1 1558 1561 10000000 237 147 31 155 47 20
0 1562 1562 10000000 208 17 13 185 96 18
1 1562 1563 10000000 233 116 32 156 46 20
1 1562 1564 10000000 188 1160 614 161 661 718
0 1565 1565 10000000 225 20 13 200 104 17
1 1565 1566 10000000 224 140 44 165 28 21
1 1565 1567 10000000 188 1484 791 167 746 801
0 1568 1568 10000000 200 18 12 202 102 16
1 1568 1569 10000000 218 116 41 152 77 57
1 1568 1570 10000000 186 1044 567 164 1266 927
1 1568 1571 10000000 222 139 46 157 36 46
0 1572 1572 10000000 215 17 12 128 97 17
1 1572 1573 10000000 202 228 105 129 296 229
1 1572 1574 10000000 192 2818 1180 133 1069 1301
1 1572 1575 10000000 221 220 87 144 391 254
0 1576 1576 10000000 220 255 195 129 100 15
1 1576 1577 10000000 193 151 55 123 324 241
1 1576 1578 10000000 184 102 32 127 140 108
0 1579 1579 10000000 210 17 12 212 105 19
1 1579 1580 10000000 193 112 27 141 58 36
1 1579 1581 10000000 207 149 38 136 42 50
0 1582 1582 10000000 206 247 201 138 96 14
1 1582 1583 10000000 194 161 55 133 336 212
1 1582 1584 10000000 197 458 197 130 878 404
0 1585 1585 10000000 213 84 80 136 102 17
1 1585 1586 10000000 206 187 116 143 188 158
1 1585 1587 10000000 196 3159 1864 138 1584 1291
1 1585 1588 10000000 195 318 163 142 400 458
0 1589 1589 10000000 201 38 45 138 106 18
1 1589 1590 10000000 187 173 64 139 185 142
1 1589 1591 10000000 191 238 109 138 371 186
0 1592 1592 10000000 221 34 42 143 99 18
1 1592 1593 10000000 197 176 74 149 248 264
1 1592 1594 10000000 186 145 46 152 335 225
0 1595 1595 10000000 219 71 61 146 121 46
1 1595 1596 10000000 260 258 127 148 292 225
1 1595 1597 10000000 193 170 54 148 66 138
0 1598 1598 10000000 480 31 42 146 123 18
1 1598 1599 10000000 197 101 18 141 42 12
1 1598 1600 10000000 193 3117 1184 147 1041 1324
0 1601 1601 10000000 202 17 12 149 101 17
1 1601 1602 10000000 187 133 46 145 308 218
1 1601 1603 10000000 210 3690 1163 147 1018 1286
1 1601 1604 10000000 191 142 58 136 54 39
0 1605 1605 10000000 222 39 61 160 116 17
1 1605 1606 10000000 220 288 1195 398 354 242
1 1605 1607 10000000 203 899 441 151 1387 725
1 1605 1608 10000000 189 104 19 155 42 13
0 1609 1609 10000000 211 19 12 165 109 17
1 1609 1610 10000000 283 124 33 150 50 20
1 1609 1611 10000000 188 4137 1393 152 1117 1401
1 1609 1612 10000000 197 191 87 150 118 95
0 1613 1613 10000000 200 17 12 150 112 33
1 1613 1614 10000000 191 169 61 150 64 47
1 1613 1615 10000000 195 216 499 146 74 74
0 1616 1616 10000000 197 18 12 190 105 16
1 1616 1617 10000000 242 199 140 153 169 133
1 1616 1618 10000000 226 826 444 145 543 637
1 1616 1619 10000000 214 174 85 150 128 105
0 1620 1620 10000000 202 35 51 173 93 17
1 1620 1621 10000000 228 180 90 160 126 106
1 1620 1622 10000000 212 840 471 153 549 655
0 1623 1623 10000000 199 97 60 160 102 12
1 1623 1624 10000000 206 116 32 154 83 63
1 1623 1625 10000000 190 861 454 143 576 648
0 1626 1626 10000000 202 17 12 184 93 20
1 1626 1627 10000000 223 200 151 163 148 121
1 1626 1628 10000000 194 3362 1296 157 1044 1248
0 1629 1629 10000000 211 18 13 182 97 20
1 1629 1630 10000000 253 148 56 149 50 41
1 1629 1631 10000000 188 3460 1330 147 2522 1748
1 1629 1632 10000000 229 247 107 152 1164 713
0 1633 1633 10000000 221 17 13 134 104 20
1 1633 1634 10000000 199 104 33 129 43 22
1 1633 1635 10000000 255 111 19 142 42 13
0 1636 1636 10000000 209 18 14 130 101 18
1 1636 1637 10000000 202 104 40 127 279 206
1 1636 1638 10000000 201 3692 1369 137 1391 1436
1 1636 1639 10000000 199 117 36 135 301 195
0 1640 1640 10000000 213 17 12 141 99 17
1 1640 1641 10000000 205 116 40 145 223 155
1 1640 1642 10000000 270 3678 1363 154 1257 1352
0 1643 1643 10000000 229 318 219 140 164 71
1 1643 1644 10000000 227 180 58 155 258 178
1 1643 1645 10000000 202 3620 1420 143 1234 1362
0 1646 1646 10000000 232 23 14 153 121 73
1 1646 1647 10000000 206 252 121 159 408 279
1 1646 1648 10000000 203 3627 1465 153 2008 1401
1 1646 1649 10000000 208 207 102 151 259 210
0 1650 1650 10000000 215 87 80 158 109 16
1 1650 1651 10000000 203 183 101 146 258 201
1 1650 1652 10000000 209 111 28 157 43 17
0 1653 1653 10000000 211 20 12 153 92 15
1 1653 1654 10000000 197 97 19 150 42 12
1 1653 1655 10000000 204 1624 804 156 874 893
1 1653 1656 10000000 196 301 126 149 440 326
0 1657 1657 10000000 222 16 13 168 94 18
1 1657 1658 10000000 219 273 126 244 422 279
1 1657 1659 10000000 198 853 508 153 598 645
1 1657 1660 10000000 201 152 34 160 180 138
0 1661 1661 10000000 222 26 30 191 108 16
1 1661 1662 10000000 248 150 36 168 177 142
1 1661 1663 10000000 228 124 28 163 187 128
0 1664 1664 10000000 260 24 25 167 100 16
1 1664 1665 10000000 194 88 17 144 16 14
1 1664 1666 10000000 198 3195 1362 236 1207 1314
1 1664 1667 10000000 208 122 30 157 51 47
0 1668 1668 10000000 211 17 13 161 92 18
1 1668 1669 10000000 194 98 37 146 40 15
1 1668 1670 10000000 198 1927 804 155 897 982
0 1671 1671 10000000 207 83 76 172 110 17
1 1671 1672 10000000 198 108 30 145 47 50
1 1671 1673 10000000 203 1904 814 150 908 1309
0 1674 1674 10000000 211 17 13 188 90 17
1 1674 1675 10000000 290 275 134 151 296 257
1 1674 1676 10000000 203 3805 1431 155 1403 1360
0 1677 1677 10000000 293 18 13 167 93 16
1 1677 1678 10000000 212 92 18 156 19 14
1 1677 1679 10000000 203 3521 1349 157 1210 1295
1 1677 1680 10000000 197 239 372 287 260 227
0 1681 1681 10000000 215 1730 1018 169 186 153
1 1681 1682 10000000 200 209 132 155 1362 783
1 1681 1683 10000000 200 163 45 155 1399 615
0 1684 1684 10000000 213 2464 1003 136 129 64
1 1684 1685 10000000 194 195 81 154 895 534
1 1684 1686 10000000 191 2027 900 145 1630 1301
0 1687 1687 10000000 201 18 13 139 288 16
1 1687 1688 10000000 320 204 89 150 696 668
1 1687 1689 10000000 196 2800 1142 147 1387 1246
0 1690 1690 10000000 251 18 13 145 97 17
1 1690 1691 10000000 195 172 77 152 527 283
1 1690 1692 10000000 194 3196 1120 154 1315 1294
0 1693 1693 10000000 212 18 13 146 111 18
1 1693 1694 10000000 192 364 124 511 394 201
1 1693 1695 10000000 195 2833 1104 152 1081 1152
0 1696 1696 10000000 220 433 290 150 132 58
1 1696 1697 10000000 187 208 84 165 263 192
1 1696 1698 10000000 188 2842 1118 157 1057 2062
