0 0 0 10000000 188 188 1 1 1 0 22 1 22 1 22.000000 6 188 188 1 1 1 1 22 0 22 0 22.000000 2
1 0 1 10000000 188 188 2 2 2 1 69 1 69 1 69.000000 6 188 188 2 2 2 2 69 0 69 1 69.000000 1
1 0 2 10000000 188 188 1 1 1 1 22 0 22 0 22.000000 5 188 188 1 1 1 1 22 0 22 1 22.000000 1
1 0 3 10000000 188 188 8 8 8 1 686 1 686 1 686.000000 12 188 188 8 8 8 2 686 1 686 0 686.000000 2
0 4 4 10000000 188 188 1 1 1 2 110 0 110 0 110.000000 7 188 189 1 1 1 1 110 0 110 1 110.000000 2
1 4 5 10000000 188 188 2 2 2 1 208 0 208 0 208.000000 6 188 189 2 2 2 0 208 1 208 1 208.000000 2
1 4 6 10000000 188 188 1 1 1 0 110 0 110 0 110.000000 4 188 189 1 1 1 1 110 1 110 0 110.000000 2
1 4 7 10000000 188 188 4 4 4 1 354 1 354 0 354.000000 5 188 189 4 4 4 3 354 0 354 1 354.000000 2
0 8 8 10000000 188 188 1 1 1 3 163 0 163 0 163.000000 8 189 191 1 1 1 1 164 0 164 0 164.000000 1
1 8 9 10000000 188 188 2 2 2 2 267 1 267 1 267.000000 5 189 191 2 2 2 1 269 0 269 1 269.000000 1
1 8 10 10000000 188 188 1 1 1 2 163 0 163 0 163.000000 6 189 191 1 1 1 0 164 1 164 0 164.000000 1
1 8 11 10000000 188 188 4 4 4 1 559 2 559 1 559.000000 7 189 191 4 4 4 2 563 1 563 0 563.000000 2
0 12 12 10000000 188 188 1 1 1 2 127 1 127 1 127.000000 5 190 193 1 1 1 1 129 0 129 0 129.000000 2
1 12 13 10000000 188 188 2 2 2 0 252 1 252 1 252.000000 7 190 193 2 2 2 0 256 1 256 0 256.000000 2
1 12 14 10000000 188 188 1 1 1 0 127 1 127 1 127.000000 6 190 193 1 1 1 1 129 1 129 0 129.000000 2
1 12 15 10000000 188 188 5 5 5 1 570 1 570 1 570.000000 6 190 193 5 5 5 1 580 1 580 1 580.000000 2
0 16 16 10000000 188 188 1 1 1 1 27 0 27 0 27.000000 6 191 195 1 1 1 1 30 1 30 1 30.000000 1
1 16 17 10000000 188 188 2 2 2 0 186 0 186 0 186.000000 4 191 195 2 2 2 1 192 1 192 1 192.000000 2
1 16 18 10000000 188 188 1 1 1 1 27 0 27 0 27.000000 6 191 195 1 1 1 0 30 1 30 1 30.000000 1
1 16 19 10000000 188 188 4 4 4 2 151 1 151 1 151.000000 6 191 195 4 4 4 0 163 1 163 1 163.000000 2
0 20 20 10000000 188 188 1 1 1 3 35 1 35 0 35.000000 8 191 196 1 1 1 1 38 1 38 0 38.000000 1
1 20 21 10000000 188 188 2 2 2 1 161 0 161 1 161.000000 6 191 196 2 2 2 1 167 0 167 1 167.000000 1
1 20 22 10000000 188 188 1 1 1 0 35 1 35 1 35.000000 5 191 196 1 1 1 1 38 1 38 1 38.000000 1
1 20 23 10000000 188 188 4 4 4 2 370 2 370 2 370.000000 5 191 196 4 4 4 1 382 1 382 0 382.000000 2
0 24 24 10000000 188 188 1 1 1 2 46 0 46 0 46.000000 6 191 197 1 1 1 0 49 1 49 1 49.000000 2
1 24 25 10000000 188 188 2 2 2 0 105 0 105 0 105.000000 5 191 197 2 2 2 0 111 1 111 0 111.000000 1
1 24 26 10000000 188 188 1 1 1 1 46 0 46 1 46.000000 6 191 197 1 1 1 1 49 0 49 1 49.000000 2
1 24 27 10000000 188 188 4 4 4 1 412 1 412 1 412.000000 6 191 197 4 4 4 0 424 1 424 1 424.000000 2
0 28 28 10000000 188 188 1 1 1 1 174 1 174 0 174.000000 5 191 198 1 1 1 1 177 1 177 0 177.000000 2
1 28 29 10000000 188 188 2 2 2 1 238 1 238 1 238.000000 6 191 198 2 2 2 0 244 0 244 0 244.000000 1
1 28 30 10000000 188 188 1 1 1 2 174 1 174 1 174.000000 6 191 198 1 1 1 2 177 1 177 0 177.000000 1
1 28 31 10000000 188 188 3 3 3 2 348 1 348 1 348.000000 5 191 198 3 3 3 1 357 1 357 0 357.000000 2
0 32 32 10000000 188 188 1 1 1 1 173 1 173 1 173.000000 5 192 200 1 1 1 1 177 0 177 1 177.000000 1
1 32 33 10000000 188 188 2 2 2 1 207 0 207 1 207.000000 6 192 200 2 2 2 1 215 0 215 1 215.000000 1
1 32 34 10000000 188 188 1 1 1 1 173 1 173 1 173.000000 4 192 200 1 1 1 1 177 0 177 1 177.000000 1
1 32 35 10000000 188 188 2 2 2 2 274 1 274 1 274.000000 4 192 200 2 2 2 1 282 1 282 0 282.000000 1
0 36 36 10000000 188 188 1 1 1 1 90 0 90 1 90.000000 5 193 202 1 1 1 0 95 1 95 0 95.000000 1
1 36 37 10000000 188 188 2 2 2 1 96 0 96 1 96.000000 7 193 202 2 2 2 1 106 1 106 1 106.000000 1
1 36 38 10000000 188 188 1 1 1 1 90 0 90 0 90.000000 5 193 202 1 1 1 2 95 1 95 1 95.000000 1
1 36 39 10000000 188 188 3 3 3 1 133 1 133 1 133.000000 5 193 202 3 3 3 1 148 0 148 0 148.000000 2
0 40 40 10000000 188 188 1 1 1 0 31 1 31 0 31.000000 5 194 204 1 1 1 0 37 0 37 1 37.000000 1
1 40 41 10000000 188 188 2 2 2 1 102 0 102 1 102.000000 5 194 204 2 2 2 1 114 0 114 1 114.000000 1
1 40 42 10000000 188 188 1 1 1 1 31 1 31 1 31.000000 5 194 204 1 1 1 0 37 0 37 1 37.000000 2
1 40 43 10000000 188 188 3 3 3 1 273 1 273 1 273.000000 6 194 204 3 3 3 1 291 1 291 0 291.000000 2
0 44 44 10000000 188 188 1 1 1 0 37 0 37 1 37.000000 4 194 205 1 1 1 1 43 1 43 0 43.000000 1
1 44 45 10000000 188 188 2 2 2 0 79 1 79 1 79.000000 6 194 205 2 2 2 1 91 0 91 1 91.000000 1
1 44 46 10000000 188 188 1 1 1 1 37 0 37 0 37.000000 5 194 205 1 1 1 1 43 0 43 1 43.000000 2
1 44 47 10000000 188 188 3 3 3 1 169 1 169 0 169.000000 7 194 205 3 3 3 1 187 1 187 1 187.000000 3
0 48 48 10000000 188 188 1 1 1 2 79 0 79 1 79.000000 5 194 206 1 1 1 1 85 1 85 0 85.000000 1
1 48 49 10000000 188 188 2 2 2 1 174 0 174 0 174.000000 5 194 206 2 2 2 1 186 0 186 1 186.000000 1
1 48 50 10000000 188 188 1 1 1 0 79 1 79 0 79.000000 5 194 206 1 1 1 0 85 0 85 1 85.000000 2
1 48 51 10000000 188 188 2 2 2 1 185 1 185 1 185.000000 6 194 206 2 2 2 2 197 1 197 1 197.000000 1
0 52 52 10000000 188 188 1 1 1 1 58 0 58 0 58.000000 5 194 207 1 1 1 0 64 1 64 1 64.000000 1
1 52 53 10000000 188 188 2 2 2 1 227 1 227 1 227.000000 6 194 207 2 2 2 1 239 0 239 1 239.000000 1
1 52 54 10000000 188 188 1 1 1 1 58 1 58 0 58.000000 6 194 207 1 1 1 1 64 1 64 1 64.000000 1
1 52 55 10000000 188 188 3 3 3 1 277 1 277 1 277.000000 6 194 207 3 3 3 1 295 0 295 0 295.000000 2
0 56 56 10000000 188 188 1 1 1 1 15 1 15 0 15.000000 6 194 208 1 1 1 1 21 0 21 0 21.000000 2
1 56 57 10000000 188 188 2 2 2 1 82 0 82 1 82.000000 6 194 208 2 2 2 0 94 1 94 1 94.000000 1
1 56 58 10000000 188 188 1 1 1 1 15 1 15 0 15.000000 10 194 208 1 1 1 1 21 1 21 1 21.000000 1
1 56 59 10000000 188 188 3 3 3 1 151 0 151 1 151.000000 6 194 208 3 3 3 1 169 1 169 1 169.000000 1
0 60 60 10000000 188 188 1 1 1 1 101 0 101 0 101.000000 5 194 209 1 1 1 1 107 1 107 0 107.000000 2
1 60 61 10000000 188 188 2 2 2 1 274 1 274 1 274.000000 5 194 209 2 2 2 0 286 1 286 1 286.000000 1
1 60 62 10000000 188 188 1 1 1 1 101 0 101 0 101.000000 5 194 209 1 1 1 1 107 0 107 1 107.000000 1
1 60 63 10000000 188 188 2 2 2 2 187 1 187 1 187.000000 7 194 209 2 2 2 1 199 1 199 1 199.000000 1
0 64 64 10000000 188 188 1 1 1 1 183 1 183 1 183.000000 7 195 211 1 1 1 1 190 0 190 0 190.000000 1
1 64 65 10000000 188 188 2 2 2 2 346 0 346 0 346.000000 8 195 211 2 2 2 3 360 1 360 1 360.000000 2
1 64 66 10000000 188 188 1 1 1 1 183 0 183 0 183.000000 7 195 211 1 1 1 1 190 0 190 1 190.000000 1
1 64 67 10000000 188 188 2 2 2 1 227 1 227 1 227.000000 6 195 211 2 2 2 1 241 1 241 1 241.000000 2
0 68 68 10000000 188 188 1 1 1 2 68 0 68 2 68.000000 6 196 213 1 1 1 0 76 1 76 0 76.000000 1
1 68 69 10000000 188 188 2 2 2 2 225 0 225 0 225.000000 7 196 213 2 2 2 1 241 1 241 0 241.000000 2
1 68 70 10000000 188 188 1 1 1 0 68 1 68 1 68.000000 6 196 213 1 1 1 1 76 1 76 0 76.000000 1
1 68 71 10000000 188 188 2 2 2 1 99 1 99 1 99.000000 6 196 213 2 3 3 1 115 1 115 1 115.000000 1
0 72 72 10000000 188 188 1 1 1 1 110 0 110 0 110.000000 5 196 214 1 1 1 1 118 1 118 1 118.000000 1
1 72 73 10000000 188 188 2 2 2 1 172 1 172 1 172.000000 6 196 214 2 2 2 1 188 0 188 0 188.000000 1
1 72 74 10000000 188 188 1 1 1 1 110 1 110 1 110.000000 5 196 214 1 1 1 1 118 1 118 1 118.000000 2
1 72 75 10000000 188 188 2 2 2 1 191 1 191 1 191.000000 6 196 214 2 2 2 1 207 1 207 1 207.000000 2
0 76 76 10000000 188 188 1 1 1 2 5 0 5 0 5.000000 6 196 214 1 1 1 0 13 0 13 1 13.000000 1
1 76 77 10000000 188 188 2 2 2 2 8 0 8 1 8.000000 6 196 214 2 2 2 0 24 1 24 0 24.000000 1
1 76 78 10000000 188 188 1 1 1 1 5 0 5 0 5.000000 7 196 214 1 1 1 1 13 1 13 0 13.000000 2
1 76 79 10000000 188 188 2 2 2 1 155 1 155 1 155.000000 8 196 214 2 2 2 1 171 0 171 0 171.000000 2
0 80 80 10000000 188 188 1 1 1 1 17 1 17 0 17.000000 6 197 216 1 1 1 0 26 1 26 1 26.000000 1
1 80 81 10000000 188 188 2 2 2 1 170 1 170 1 170.000000 5 197 216 2 2 2 0 188 1 188 0 188.000000 1
1 80 82 10000000 188 188 1 1 1 1 17 1 17 1 17.000000 5 197 216 1 1 1 1 26 1 26 0 26.000000 2
1 80 83 10000000 188 188 2 2 2 0 179 0 179 0 179.000000 7 197 216 2 2 2 1 197 1 197 1 197.000000 2
0 84 84 10000000 188 188 2 2 2 1 174 0 174 1 174.000000 5 197 217 1 2 2 1 104 0 104 1 104.000000 1
1 84 85 10000000 188 188 2 2 2 2 168 1 168 0 168.000000 5 197 217 2 2 2 1 186 0 186 1 186.000000 1
1 84 86 10000000 188 188 2 2 2 2 174 1 174 1 174.000000 6 197 217 2 2 3 1 192 0 192 1 192.000000 2
1 84 87 10000000 188 188 2 2 2 1 89 1 89 1 89.000000 7 197 217 2 3 3 1 107 1 107 1 107.000000 1
0 88 88 10000000 188 188 1 1 1 0 2 0 2 0 2.000000 5 199 220 1 1 1 0 13 1 13 0 13.000000 1
1 88 89 10000000 188 188 2 2 2 1 144 0 144 1 144.000000 6 199 220 2 2 2 1 166 0 166 1 166.000000 1
1 88 90 10000000 188 188 1 1 1 1 2 0 2 1 2.000000 9 199 220 1 1 1 1 13 0 13 1 13.000000 1
0 91 91 10000000 188 188 1 1 1 1 105 0 105 0 105.000000 5 188 210 1 1 1 0 105 0 105 1 105.000000 1
1 91 92 10000000 188 188 2 2 2 1 125 1 125 1 125.000000 6 188 210 2 2 2 1 125 1 125 0 125.000000 2
1 91 93 10000000 188 188 1 1 1 1 105 1 105 0 105.000000 5 188 210 1 1 1 0 105 1 105 1 105.000000 1
1 91 94 10000000 188 188 2 2 2 2 174 1 174 1 174.000000 6 188 210 2 2 2 2 174 0 174 0 174.000000 2
0 95 95 10000000 188 211 1 1 1 1 96 0 96 0 96.000000 5 188 188 1 1 1 1 96 0 96 0 96.000000 2
1 95 96 10000000 188 211 2 2 2 1 156 0 156 1 156.000000 6 188 188 2 2 2 2 156 1 156 1 156.000000 2
1 95 97 10000000 188 211 1 1 1 0 96 1 96 1 96.000000 5 188 188 1 1 1 2 96 0 96 1 96.000000 2
1 95 98 10000000 188 211 2 2 2 2 156 0 156 1 156.000000 6 188 188 2 2 2 2 156 1 156 1 156.000000 1
0 99 99 10000000 188 211 1 1 1 2 36 1 36 1 36.000000 5 189 190 1 1 1 1 37 1 37 0 37.000000 2
1 99 100 10000000 188 211 2 4 4 1 52 0 52 1 52.000000 6 189 190 4 4 4 2 63 0 63 1 63.000000 2
1 99 101 10000000 188 211 1 2 2 1 36 0 36 0 36.000000 6 189 190 2 2 2 0 44 1 44 1 44.000000 2
1 99 102 10000000 188 211 2 4 4 2 52 0 52 1 52.000000 7 189 190 4 4 4 2 63 1 63 2 63.000000 1
0 103 103 10000000 188 211 1 1 1 1 185 0 185 0 185.000000 8 190 192 1 1 1 1 187 0 187 0 187.000000 1
1 103 104 10000000 188 211 2 2 2 0 267 0 267 0 267.000000 7 190 192 2 2 2 1 271 1 271 0 271.000000 2
1 103 105 10000000 188 211 1 1 1 1 185 1 185 1 185.000000 5 190 192 1 1 1 1 187 1 187 0 187.000000 2
0 106 106 10000000 188 211 1 1 1 0 179 1 179 0 179.000000 6 191 194 1 1 1 1 182 0 182 1 182.000000 1
1 106 107 10000000 188 211 2 2 2 2 246 0 246 0 246.000000 7 191 194 2 2 2 2 252 0 252 0 252.000000 2
1 106 108 10000000 188 211 1 1 1 1 179 0 179 0 179.000000 5 191 194 1 1 1 2 182 1 182 0 182.000000 1
0 109 109 10000000 188 211 1 1 1 1 172 0 172 1 172.000000 6 192 196 1 1 1 1 176 1 176 0 176.000000 1
1 109 110 10000000 188 211 2 2 2 1 260 1 260 1 260.000000 6 192 196 2 2 2 2 268 0 268 1 268.000000 1
1 109 111 10000000 188 211 1 1 1 0 172 1 172 1 172.000000 4 192 196 1 1 1 1 176 1 176 0 176.000000 2
0 112 112 10000000 188 211 1 1 1 1 150 0 150 0 150.000000 6 193 198 1 1 1 1 155 1 155 0 155.000000 2
1 112 113 10000000 188 211 2 2 2 1 296 0 296 1 296.000000 5 193 198 2 2 2 1 306 1 306 0 306.000000 2
1 112 114 10000000 188 211 1 1 1 1 150 1 150 2 150.000000 5 193 198 1 1 1 1 155 0 155 0 155.000000 2
0 115 115 10000000 188 211 1 1 1 0 98 0 98 1 98.000000 6 194 200 1 1 1 1 104 1 104 0 104.000000 1
1 115 116 10000000 188 211 2 2 2 0 151 1 151 0 151.000000 5 194 200 2 2 2 2 163 1 163 0 163.000000 2
1 115 117 10000000 188 211 1 1 1 1 98 0 98 1 98.000000 5 194 200 1 1 1 1 104 1 104 0 104.000000 1
0 118 118 10000000 188 211 1 1 1 2 29 1 29 1 29.000000 6 195 202 1 1 1 1 36 0 36 1 36.000000 1
1 118 119 10000000 188 211 2 2 2 1 202 1 202 1 202.000000 6 195 202 2 2 2 2 216 0 216 1 216.000000 2
1 118 120 10000000 188 211 1 1 1 1 29 0 29 0 29.000000 4 195 202 1 1 1 1 36 0 36 1 36.000000 2
0 121 121 10000000 188 211 1 1 1 1 26 0 26 0 26.000000 7 196 205 1 1 1 0 34 1 34 0 34.000000 1
1 121 122 10000000 188 211 2 2 2 1 130 0 130 0 130.000000 7 196 205 2 2 2 2 146 1 146 1 146.000000 2
1 121 123 10000000 188 211 1 1 1 0 26 0 26 1 26.000000 6 196 205 1 1 1 1 34 1 34 1 34.000000 1
0 124 124 10000000 188 211 1 1 1 0 82 1 82 1 82.000000 5 197 207 1 1 1 1 91 1 91 1 91.000000 1
1 124 125 10000000 188 211 2 2 2 1 214 1 214 0 214.000000 6 197 207 2 2 2 2 232 1 232 0 232.000000 2
1 124 126 10000000 188 211 2 2 2 1 267 0 267 1 267.000000 5 197 207 2 2 2 1 285 1 285 1 285.000000 2
0 127 127 10000000 188 211 1 1 1 2 173 1 173 1 173.000000 6 199 210 1 1 1 1 184 0 184 1 184.000000 1
1 127 128 10000000 188 211 2 3 3 0 187 0 187 0 187.000000 6 199 210 3 3 3 1 237 1 237 0 237.000000 2
1 127 129 10000000 188 211 5 6 6 1 570 1 570 1 570.000000 6 199 210 6 6 6 2 653 1 653 1 653.000000 2
0 130 130 10000000 188 211 1 1 1 2 86 0 86 1 86.000000 7 192 206 1 1 1 1 90 0 90 1 90.000000 1
1 130 131 10000000 188 211 2 2 2 1 269 0 269 0 269.000000 6 192 206 2 2 2 1 277 0 277 1 277.000000 1
1 130 132 10000000 188 211 6 7 7 1 656 1 829 0 30412.000000 6 192 206 7 7 7 1 701 0 701 0 701.000000 3
0 133 133 10000000 188 222 1 1 1 2 187 0 187 1 187.000000 6 188 188 1 1 1 0 187 1 187 0 187.000000 1
1 133 134 10000000 188 222 2 3 3 3 207 0 207 1 207.000000 6 188 188 3 3 3 2 215 0 215 0 215.000000 2
1 133 135 10000000 188 222 7 10 9 2 843 1 1016 1 30599.000000 7 188 188 10 10 10 1 901 1 901 1 901.000000 3
0 136 136 10000000 188 222 1 1 1 0 34 1 34 0 34.000000 5 188 193 1 1 1 0 34 1 34 0 34.000000 1
1 136 137 10000000 188 222 2 2 2 0 188 1 188 0 188.000000 6 188 193 2 7 7 1 188 0 188 1 188.000000 2
1 136 138 10000000 188 222 8 12 11 1 877 1 1237 1 65415.000000 7 188 193 12 12 12 2 943 1 943 1 943.000000 3
0 139 139 10000000 188 222 1 7 2 0 1 0 1 1 1.000000 2 190 196 1 1 1 2 3 1 3 1 3.000000 5
1 139 140 10000000 188 222 2 2 2 1 148 1 148 1 148.000000 5 190 196 2 2 2 1 152 1 152 0 152.000000 2
1 139 141 10000000 188 222 9 13 12 1 878 1 941 1 2812.000000 8 190 196 13 13 13 2 970 1 970 1 970.000000 4
0 142 142 10000000 188 222 1 1 1 1 47 0 47 1 47.000000 4 193 205 1 1 1 1 52 0 52 1 52.000000 2
1 142 143 10000000 188 222 2 7 3 1 126 1 126 1 126.000000 6 193 205 7 7 7 3 177 1 177 2 177.000000 7
1 142 144 10000000 188 222 11 20 15 1 947 1 977 1 1759.000000 8 193 205 20 19 20 4 1129 1 1129 1 1129.000000 5
0 145 145 10000000 188 222 1 1 1 1 104 0 104 0 104.000000 5 197 211 1 1 1 1 113 0 113 1 113.000000 1
1 145 146 10000000 188 222 2 2 2 1 227 0 227 1 227.000000 5 197 211 2 2 2 1 245 1 245 1 245.000000 2
1 145 147 10000000 188 222 15 24 19 2 1423 1 1673 1 20767.000000 9 197 211 24 23 24 2 1721 1 1721 2 1721.000000 6
0 148 148 10000000 188 222 1 1 1 2 163 0 163 0 163.000000 5 197 214 1 1 1 1 172 1 172 1 172.000000 2
1 148 149 10000000 188 222 2 4 4 1 136 0 136 1 136.000000 4 197 214 4 7 7 2 198 1 198 1 198.000000 2
1 148 150 10000000 188 222 13 22 17 1 1077 1 1293 1 19299.000000 9 197 214 22 22 25 3 1357 1 1357 1 1357.000000 6
0 151 151 10000000 188 222 1 1 1 1 54 0 54 4 54.000000 4 203 222 1 1 1 1 69 1 69 0 69.000000 2
1 151 152 10000000 188 222 2 3 3 2 105 1 105 1 105.000000 6 203 222 3 3 3 1 169 1 169 1 169.000000 2
1 151 153 10000000 188 222 14 23 19 2 1131 2 1401 1 22215.000000 11 203 222 23 22 23 4 1558 1 1558 1 1558.000000 6
0 154 154 10000000 188 222 1 2 2 2 23 0 23 1 23.000000 5 195 216 1 1 1 1 30 0 30 1 30.000000 2
1 154 155 10000000 188 222 2 2 2 1 96 0 96 0 96.000000 7 195 216 2 2 2 1 110 1 110 0 110.000000 2
1 154 156 10000000 188 222 15 24 20 3 1154 1 1372 2 16050.000000 9 195 216 24 23 24 3 1404 1 1404 1 1404.000000 6
0 157 157 10000000 188 229 1 1 1 1 49 1 49 0 49.000000 6 188 188 1 1 1 1 49 1 49 0 49.000000 1
1 157 158 10000000 188 229 2 3 3 1 179 1 179 1 179.000000 7 188 188 3 3 3 2 202 1 202 1 202.000000 2
1 157 159 10000000 188 229 16 17 18 2 1203 2 1334 2 9001.000000 9 188 188 17 17 17 3 1218 2 1218 1 1218.000000 5
0 160 160 10000000 188 229 1 1 1 1 97 0 97 0 97.000000 5 188 195 1 1 1 1 97 0 97 1 97.000000 2
1 160 161 10000000 188 229 2 2 2 1 226 0 226 0 226.000000 6 188 195 2 2 2 1 226 1 226 0 226.000000 2
1 160 162 10000000 188 229 17 18 19 2 1300 1 1431 1 9098.000000 11 188 195 18 25 25 3 1315 1 1315 1 1315.000000 6
0 163 163 10000000 188 229 1 1 1 1 67 0 67 0 67.000000 6 190 200 1 1 1 1 69 0 69 1 69.000000 2
1 163 164 10000000 188 229 2 2 2 2 296 0 296 1 296.000000 6 190 200 2 2 2 1 300 0 300 1 300.000000 1
1 163 165 10000000 188 229 20 20 22 2 1561 1 1659 2 8413.000000 10 190 200 20 20 20 3 1601 1 1601 1 1601.000000 5
0 166 166 10000000 188 229 1 1 1 1 111 1 111 1 111.000000 4 193 209 1 1 1 1 116 0 116 1 116.000000 2
1 166 167 10000000 188 229 2 2 2 2 159 1 159 1 159.000000 7 193 209 2 2 2 1 169 1 169 0 169.000000 2
1 166 168 10000000 188 229 21 21 23 3 1672 1 1949 2 40386.000000 10 193 209 21 21 21 4 1777 1 1777 2 1777.000000 5
0 169 169 10000000 188 229 1 1 1 2 136 1 136 0 136.000000 6 197 221 1 1 1 1 145 0 145 1 145.000000 1
1 169 170 10000000 188 229 2 3 3 1 173 0 173 1 173.000000 6 197 221 3 3 3 1 215 0 215 0 215.000000 2
1 169 171 10000000 188 229 22 22 24 3 1808 2 2042 1 27020.000000 11 197 221 22 22 22 3 2006 1 2006 1 2006.000000 6
0 172 172 10000000 188 229 1 1 1 1 124 1 124 0 124.000000 6 202 227 1 1 1 2 138 1 138 1 138.000000 3
1 172 173 10000000 188 229 2 3 3 0 79 0 79 1 79.000000 6 202 227 3 3 3 1 136 0 136 1 136.000000 2
1 172 174 10000000 188 229 23 23 25 3 1932 2 2154 2 24036.000000 9 202 227 23 23 23 2 2254 2 2254 1 2254.000000 6
0 175 175 10000000 188 229 1 2 2 1 30 0 30 1 30.000000 6 194 220 1 1 1 1 36 0 36 1 36.000000 2
1 175 176 10000000 188 229 2 4 3 1 191 0 191 1 191.000000 5 194 220 4 4 4 2 258 0 258 0 258.000000 2
1 175 177 10000000 188 229 24 24 26 3 1962 2 2171 2 21024.000000 13 194 220 24 24 24 6 2106 1 2106 1 2106.000000 6
0 178 178 10000000 188 236 1 1 1 0 168 1 168 1 168.000000 6 188 188 1 1 1 1 168 1 168 0 168.000000 2
1 178 179 10000000 188 236 2 2 2 2 42 1 42 1 42.000000 6 188 188 2 2 2 3 42 0 42 2 42.000000 2
1 178 180 10000000 188 236 25 33 28 3 2130 1 2418 2 42456.000000 11 188 188 33 32 33 3 2191 1 2191 1 2191.000000 8
0 181 181 10000000 188 236 1 1 1 3 41 1 41 0 41.000000 5 188 193 1 1 1 1 41 1 41 2 41.000000 1
1 181 182 10000000 188 236 2 3 3 1 209 1 209 1 209.000000 5 188 193 3 3 3 1 232 1 232 1 232.000000 1
1 181 183 10000000 188 236 26 34 29 4 2171 2 2459 2 42497.000000 11 188 193 34 36 44 3 2232 2 2232 2 2232.000000 8
0 184 184 10000000 188 236 1 1 1 1 142 0 142 0 142.000000 6 190 205 1 1 1 1 144 0 144 1 144.000000 2
1 184 185 10000000 188 236 2 2 2 1 222 1 222 1 222.000000 6 190 205 2 2 2 2 226 0 226 1 226.000000 1
1 184 186 10000000 188 236 28 37 32 3 2315 2 2670 2 57769.000000 12 190 205 37 34 37 6 2451 1 2451 2 2451.000000 9
0 187 187 10000000 188 236 1 1 1 2 43 0 43 1 43.000000 5 193 217 1 1 1 2 48 1 48 1 48.000000 4
1 187 188 10000000 188 236 2 2 2 1 103 0 103 0 103.000000 6 193 217 2 2 2 1 113 1 113 1 113.000000 1
1 187 189 10000000 188 236 29 38 33 4 2358 1 2849 2 76172.000000 12 193 217 38 35 38 4 2610 1 2610 2 2610.000000 9
0 190 190 10000000 188 236 1 1 1 2 56 0 56 1 56.000000 6 197 229 1 1 1 3 65 1 65 1 65.000000 1
1 190 191 10000000 188 236 2 2 2 2 221 1 221 1 221.000000 6 197 229 2 2 2 2 239 1 239 1 239.000000 1
1 190 192 10000000 188 236 30 39 34 3 2414 2 2893 2 73120.000000 12 197 229 39 36 39 3 2827 2 2827 2 2827.000000 9
0 193 193 10000000 188 236 1 1 1 2 53 0 53 1 53.000000 5 202 235 1 1 1 2 67 1 67 0 67.000000 2
1 193 194 10000000 188 236 2 6 4 2 137 1 137 1 137.000000 5 202 235 6 6 6 1 260 1 260 2 260.000000 3
1 193 195 10000000 188 236 32 43 37 3 2565 2 3007 1 67085.000000 13 202 235 43 40 43 2 3268 2 3268 3 3268.000000 10
0 196 196 10000000 188 236 1 2 2 2 13 0 13 0 13.000000 6 194 237 1 3 3 1 19 0 19 1 19.000000 2
1 196 197 10000000 188 236 2 2 2 0 301 0 301 1 301.000000 6 194 237 2 2 2 1 313 0 313 0 313.000000 2
1 196 198 10000000 188 236 33 46 39 2 2578 1 3017 2 66850.000000 13 194 237 46 41 46 3 2960 2 2960 3 2960.000000 11
0 199 199 10000000 188 243 1 1 1 2 133 1 133 1 133.000000 6 188 188 1 1 1 2 133 0 133 0 133.000000 2
1 199 200 10000000 188 243 2 2 2 1 338 1 338 1 338.000000 6 188 188 2 2 2 2 338 0 338 1 338.000000 2
1 199 201 10000000 188 243 34 50 42 4 2711 3 2936 2 15321.000000 13 188 188 50 44 50 4 2827 2 2827 3 2827.000000 12
0 202 202 10000000 188 243 1 1 1 2 125 0 125 1 125.000000 5 188 193 1 1 1 1 125 1 125 0 125.000000 2
1 202 203 10000000 188 243 2 7 3 1 278 1 278 1 278.000000 6 188 193 7 8 12 2 293 1 293 1 293.000000 2
1 202 204 10000000 188 243 2 7 3 2 252 0 252 1 252.000000 6 188 193 7 8 12 2 267 1 267 0 267.000000 3
0 205 205 10000000 188 243 1 1 1 0 62 1 62 0 62.000000 5 188 195 1 1 1 0 62 1 62 1 62.000000 1
1 205 206 10000000 188 243 2 2 2 1 191 0 191 1 191.000000 7 188 195 2 2 2 1 191 0 191 0 191.000000 1
1 205 207 10000000 188 243 2 2 2 0 172 0 172 0 172.000000 6 188 195 2 2 2 1 172 0 172 1 172.000000 1
0 208 208 10000000 188 243 2 34 5 1 3 1 3 1 3.000000 3 188 197 1 2 2 1 2 1 2 1 2.000000 1
1 208 209 10000000 188 243 2 3 3 1 68 0 68 1 68.000000 6 188 197 3 7 8 2 69 1 69 1 69.000000 1
1 208 210 10000000 188 243 1 2 2 2 2 0 2 1 2.000000 5 188 197 2 6 7 2 3 1 3 1 3.000000 2
0 211 211 10000000 188 243 1 1 1 0 113 1 113 0 113.000000 6 189 211 1 1 1 1 114 1 114 0 114.000000 1
1 211 212 10000000 188 243 2 2 2 2 223 0 223 1 223.000000 5 189 211 2 2 2 2 225 0 225 2 225.000000 2
1 211 213 10000000 188 243 1 1 1 1 113 1 113 1 113.000000 5 189 211 1 1 1 1 114 1 114 0 114.000000 1
0 214 214 10000000 188 243 1 1 1 1 81 1 81 1 81.000000 5 190 214 1 1 1 1 83 0 83 1 83.000000 3
1 214 215 10000000 188 243 2 2 2 1 91 1 91 1 91.000000 7 190 214 2 2 2 1 95 0 95 1 95.000000 1
1 214 216 10000000 188 243 4 4 4 1 366 1 366 1 366.000000 6 190 214 4 4 4 2 374 1 374 1 374.000000 2
0 217 217 10000000 188 243 1 1 1 1 127 1 127 0 127.000000 4 193 223 1 1 1 1 132 1 132 0 132.000000 2
1 217 218 10000000 188 243 2 7 3 2 252 1 252 2 252.000000 6 193 223 7 8 12 2 302 1 302 1 302.000000 3
1 217 219 10000000 188 243 1 1 1 0 125 0 125 0 125.000000 5 193 223 1 1 1 2 130 1 130 0 130.000000 2
0 220 220 10000000 188 243 1 17 3 2 8 1 8 1 8.000000 5 193 223 1 2 2 1 13 0 13 0 13.000000 2
1 220 221 10000000 188 243 2 12 4 1 12 0 12 1 12.000000 6 193 223 12 9 22 1 106 1 106 1 106.000000 4
1 220 222 10000000 188 243 1 8 2 1 8 1 8 1 8.000000 6 193 223 8 9 13 2 76 1 76 1 76.000000 4
0 223 223 10000000 188 243 2 43 7 0 5 0 5 0 5.000000 5 194 225 1 6 4 0 10 0 10 0 10.000000 1
1 223 224 10000000 188 243 2 8 4 2 15 1 15 0 15.000000 6 194 225 8 9 13 2 84 0 84 2 84.000000 3
1 223 225 10000000 188 243 2 12 4 1 12 0 12 1 12.000000 5 194 225 12 9 22 2 118 1 118 1 118.000000 3
0 226 226 10000000 188 243 1 1 1 2 151 1 151 1 151.000000 7 196 228 1 1 1 2 159 0 159 1 159.000000 1
1 226 227 10000000 188 243 2 2 2 1 149 0 149 1 149.000000 6 196 228 2 2 2 0 165 1 165 0 165.000000 2
1 226 228 10000000 188 243 3 8 4 1 403 1 403 1 403.000000 6 196 228 8 9 13 1 482 1 482 2 482.000000 3
0 229 229 10000000 188 243 1 19 3 0 7 1 7 1 7.000000 4 198 231 1 2 2 1 17 1 17 0 17.000000 2
1 229 230 10000000 188 243 2 6 4 1 95 0 95 0 95.000000 7 198 231 6 8 11 1 191 0 191 0 191.000000 3
1 229 231 10000000 188 243 3 12 6 2 19 1 19 1 19.000000 6 198 231 12 9 22 2 166 1 166 1 166.000000 4
0 232 232 10000000 188 243 1 1 1 0 91 0 91 1 91.000000 5 201 235 1 1 1 2 104 0 104 1 104.000000 1
1 232 233 10000000 188 243 2 10 4 0 85 0 85 1 85.000000 7 201 235 10 11 15 1 271 1 271 1 271.000000 4
1 232 234 10000000 188 243 4 14 8 2 110 1 110 1 110.000000 7 201 235 14 11 24 2 349 1 349 1 349.000000 4
0 235 235 10000000 188 243 1 1 1 2 77 0 77 1 77.000000 6 192 227 1 1 1 2 81 2 81 1 81.000000 3
1 235 236 10000000 188 243 2 9 4 1 9 1 9 1 9.000000 6 192 227 9 18 16 1 67 1 67 1 67.000000 3
1 235 237 10000000 188 243 5 16 10 1 187 1 187 1 187.000000 5 192 227 16 22 31 2 336 1 336 1 336.000000 5
0 238 238 10000000 188 254 1 1 1 0 66 0 66 1 66.000000 5 188 188 1 1 1 1 66 0 66 1 66.000000 2
1 238 239 10000000 188 254 2 8 4 1 109 1 109 1 109.000000 13 188 188 8 8 8 2 175 1 175 2 175.000000 3
1 238 240 10000000 188 254 7 11 12 1 255 1 255 1 255.000000 8 188 188 11 11 11 1 299 1 299 1 299.000000 3
0 241 241 10000000 188 254 1 1 1 1 102 0 102 0 102.000000 8 188 191 1 1 1 2 102 1 102 0 102.000000 2
1 241 242 10000000 188 254 2 3 3 1 159 1 159 1 159.000000 5 188 191 3 3 3 1 160 1 160 0 160.000000 1
1 241 243 10000000 188 254 8 14 14 4 357 1 357 3 357.000000 10 188 191 14 16 17 2 456 1 456 2 456.000000 5
0 244 244 10000000 188 254 1 1 1 0 157 0 157 1 157.000000 4 190 195 1 1 1 1 159 0 159 1 159.000000 1
1 244 245 10000000 188 254 2 3 3 2 119 0 119 1 119.000000 6 190 195 3 3 3 1 126 0 126 1 126.000000 2
1 244 246 10000000 188 254 10 17 17 1 582 1 582 1 582.000000 9 190 195 17 16 17 2 719 1 719 1 719.000000 5
0 247 247 10000000 188 254 1 1 1 1 117 0 117 0 117.000000 4 193 200 1 1 1 1 122 1 122 0 122.000000 1
1 247 248 10000000 188 254 2 5 3 1 133 0 133 0 133.000000 5 193 200 5 5 5 2 164 1 164 0 164.000000 3
1 247 249 10000000 188 254 11 18 18 1 699 1 816 1 14271.000000 8 193 200 18 17 18 2 892 1 892 1 892.000000 5
0 250 250 10000000 188 254 1 1 1 1 129 0 129 0 129.000000 6 197 209 1 1 1 1 138 0 138 1 138.000000 1
1 250 251 10000000 188 254 2 8 3 1 202 0 202 1 202.000000 5 197 209 8 8 8 2 299 1 299 1 299.000000 3
1 250 252 10000000 188 254 12 19 19 1 828 1 1074 1 30912.000000 8 197 209 19 18 19 3 1102 1 1102 1 1102.000000 5
0 253 253 10000000 188 254 1 1 1 3 85 2 85 1 85.000000 6 202 215 1 1 1 2 99 0 99 1 99.000000 2
1 253 254 10000000 188 254 2 2 2 1 209 1 209 2 209.000000 6 202 215 2 2 2 2 237 1 237 1 237.000000 1
1 253 255 10000000 188 254 13 21 21 3 913 1 1132 1 24787.000000 9 202 215 21 21 21 2 1321 1 1321 1 1321.000000 6
0 256 256 10000000 188 254 1 1 1 1 132 0 132 0 132.000000 5 194 212 1 1 1 1 138 0 138 1 138.000000 1
1 256 257 10000000 188 254 2 2 2 1 267 0 267 1 267.000000 7 194 212 2 2 2 2 279 1 279 0 279.000000 2
1 256 258 10000000 188 254 14 22 22 2 1045 1 1264 5 24919.000000 9 194 212 22 22 22 2 1291 2 1291 2 1291.000000 6
0 259 259 10000000 188 261 1 1 1 1 135 0 135 0 135.000000 5 188 188 1 1 1 0 135 1 135 0 135.000000 2
1 259 260 10000000 188 261 2 2 2 1 137 0 137 1 137.000000 6 188 188 2 2 2 1 137 0 137 0 137.000000 2
1 259 261 10000000 188 261 15 21 22 3 1180 1 1333 2 12876.000000 12 188 188 21 21 21 4 1268 2 1268 2 1268.000000 5
0 262 262 10000000 188 261 1 1 1 1 52 0 52 0 52.000000 6 188 196 1 1 1 0 52 1 52 1 52.000000 1
1 262 263 10000000 188 261 2 3 3 1 268 1 268 1 268.000000 6 188 196 3 3 3 1 317 0 317 1 317.000000 2
1 262 264 10000000 188 261 16 22 23 3 1232 1 1366 1 10078.000000 8 188 196 22 27 30 3 1320 1 1320 2 1320.000000 6
0 265 265 10000000 188 261 1 1 1 1 177 0 177 0 177.000000 4 190 204 1 1 1 2 179 1 179 0 179.000000 2
1 265 266 10000000 188 261 2 6 3 1 213 0 213 0 213.000000 7 190 204 6 6 6 1 251 0 251 0 251.000000 3
1 265 267 10000000 188 261 17 24 25 3 1409 1 1543 2 10255.000000 11 190 204 24 24 24 4 1594 1 1594 2 1594.000000 6
0 268 268 10000000 188 261 1 1 1 0 147 1 147 1 147.000000 4 193 214 1 1 1 1 152 1 152 0 152.000000 2
1 268 269 10000000 188 261 2 3 3 1 99 1 99 1 99.000000 4 193 214 3 3 3 1 144 0 144 0 144.000000 2
1 268 270 10000000 188 261 18 27 27 3 1556 2 1690 1 10402.000000 10 193 214 27 27 27 2 1851 2 1851 2 1851.000000 7
0 271 271 10000000 188 261 1 2 2 0 31 0 31 0 31.000000 5 197 227 1 1 1 0 40 1 40 0 40.000000 1
1 271 272 10000000 188 261 2 8 4 2 144 1 144 2 144.000000 7 197 227 8 8 8 1 283 1 283 1 283.000000 3
1 271 273 10000000 188 261 19 28 28 2 1587 2 1882 2 39681.000000 10 197 227 28 28 28 5 1999 1 1999 1 1999.000000 7
0 274 274 10000000 188 261 1 16 3 1 8 0 8 1 8.000000 4 202 246 1 6 2 0 22 0 22 0 22.000000 1
1 274 275 10000000 188 261 2 3 3 2 361 1 361 1 361.000000 7 202 246 3 3 3 1 452 1 452 1 452.000000 1
1 274 276 10000000 188 261 4 7 7 2 401 1 401 1 401.000000 6 202 246 7 7 7 2 551 1 551 0 551.000000 3
0 277 277 10000000 188 261 1 1 1 1 184 0 184 1 184.000000 6 190 235 1 1 1 1 186 1 186 1 186.000000 1
1 277 278 10000000 188 261 2 2 2 1 193 0 193 1 193.000000 5 190 235 2 2 2 1 197 1 197 1 197.000000 2
1 277 279 10000000 188 261 5 8 8 1 585 1 585 1 585.000000 8 190 235 8 29 25 2 653 1 653 0 653.000000 3
0 280 280 10000000 188 266 1 1 1 2 66 0 66 0 66.000000 5 188 188 1 1 1 0 66 1 66 0 66.000000 1
1 280 281 10000000 188 266 2 7 3 2 135 0 135 1 135.000000 5 188 188 7 7 7 2 150 1 150 1 150.000000 3
1 280 282 10000000 188 266 6 10 8 1 687 1 864 1 31839.000000 8 188 188 10 10 10 2 704 1 704 1 704.000000 4
0 283 283 10000000 188 266 1 4 3 3 24 0 24 0 24.000000 5 189 204 1 1 1 0 25 1 25 1 25.000000 1
1 283 284 10000000 188 266 2 7 4 2 47 0 47 1 47.000000 4 189 204 7 7 7 2 84 1 84 1 84.000000 3
1 283 285 10000000 188 266 4 9 6 3 427 1 578 1 23077.000000 7 189 204 9 9 9 3 509 1 509 0 509.000000 4
0 286 286 10000000 188 266 1 1 1 0 129 0 129 1 129.000000 7 190 209 1 1 1 2 131 0 131 0 131.000000 2
1 286 287 10000000 188 266 2 2 2 1 202 1 202 1 202.000000 6 190 209 2 2 2 1 206 0 206 1 206.000000 2
1 286 288 10000000 188 266 2 3 3 2 137 1 137 2 137.000000 5 190 209 3 3 3 3 171 1 171 1 171.000000 2
0 289 289 10000000 188 266 1 1 1 5 126 0 126 1 126.000000 7 190 209 1 1 1 2 128 0 128 1 128.000000 1
1 289 290 10000000 188 266 2 2 2 1 138 1 138 0 138.000000 7 190 209 2 2 2 1 142 1 142 0 142.000000 2
1 289 291 10000000 188 266 2 2 2 1 161 1 161 1 161.000000 6 190 209 2 2 2 1 165 0 165 1 165.000000 1
0 292 292 10000000 188 266 1 34 5 1 6 0 6 1 6.000000 5 190 211 1 2 2 1 8 1 8 1 8.000000 1
1 292 293 10000000 188 266 2 12 4 1 12 0 12 1 12.000000 6 190 211 12 8 12 2 70 1 70 1 70.000000 4
1 292 294 10000000 188 266 8 29 12 1 783 1 787 1 795.000000 8 190 211 29 19 29 2 989 1 989 2 989.000000 8
0 295 295 10000000 188 266 1 2 2 1 52 0 52 1 52.000000 7 192 216 1 1 1 1 56 1 56 0 56.000000 2
1 295 296 10000000 188 266 2 5 3 1 197 1 197 1 197.000000 6 192 216 5 5 5 5 231 1 231 1 231.000000 2
1 295 297 10000000 188 266 2 2 2 1 361 0 361 0 361.000000 6 192 216 2 2 2 1 369 0 369 1 369.000000 2
0 298 298 10000000 188 266 1 3 2 2 20 1 20 0 20.000000 6 193 231 1 1 1 1 25 0 25 0 25.000000 1
1 298 299 10000000 188 266 2 2 2 1 328 0 328 1 328.000000 6 193 231 2 2 2 1 338 0 338 1 338.000000 1
1 298 300 10000000 188 266 4 7 5 2 486 1 670 1 34158.000000 5 193 231 7 7 7 1 535 1 535 1 535.000000 2
0 301 301 10000000 188 266 1 1 1 2 127 0 127 0 127.000000 6 195 250 1 1 1 1 134 0 134 1 134.000000 1
1 301 302 10000000 188 266 2 3 3 1 246 1 246 1 246.000000 5 195 250 3 3 3 1 311 1 311 1 311.000000 1
1 301 303 10000000 188 266 6 9 7 2 764 1 869 1 11684.000000 8 195 250 9 9 9 1 841 1 841 0 841.000000 2
0 304 304 10000000 188 266 1 1 1 1 119 0 119 0 119.000000 5 198 256 1 1 1 0 129 1 129 1 129.000000 1
1 304 305 10000000 188 266 2 8 3 1 169 0 169 1 169.000000 5 198 256 8 8 8 2 270 1 270 1 270.000000 3
1 304 306 10000000 188 266 7 11 9 1 883 1 988 1 11803.000000 8 198 256 11 11 11 2 1051 1 1051 1 1051.000000 4
0 307 307 10000000 188 266 1 3 2 2 18 1 18 0 18.000000 6 202 264 1 1 1 2 32 1 32 1 32.000000 2
1 307 308 10000000 188 266 2 15 3 1 175 1 175 1 175.000000 6 202 264 15 15 15 2 493 1 493 1 493.000000 5
1 307 309 10000000 188 266 8 18 11 1 901 1 919 1 1207.000000 8 202 264 18 16 18 3 1232 1 1232 1 1232.000000 5
0 310 310 10000000 188 266 1 2 2 1 48 1 48 1 48.000000 6 193 258 1 1 1 0 53 1 53 1 53.000000 1
1 310 311 10000000 188 266 2 3 3 1 252 1 252 1 252.000000 5 193 258 3 3 3 1 313 1 313 0 313.000000 1
1 310 312 10000000 188 266 9 32 13 1 949 2 1126 1 32101.000000 8 193 258 32 33 72 2 1296 1 1296 2 1296.000000 8
0 313 313 10000000 188 273 1 43 3 1 3 0 3 1 3.000000 5 188 188 1 1 1 0 3 1 3 1 3.000000 2
1 313 314 10000000 188 273 2 8 4 2 155 0 155 0 155.000000 5 188 188 8 8 8 2 185 1 185 1 185.000000 3
1 313 315 10000000 188 273 2 8 4 2 8 1 8 1 8.000000 6 188 188 8 5 8 2 21 1 21 2 21.000000 3
0 316 316 10000000 188 273 1 1 1 1 125 1 125 0 125.000000 6 188 191 1 1 1 0 125 0 125 1 125.000000 1
1 316 317 10000000 188 273 2 10 3 1 249 1 249 1 249.000000 4 188 191 10 10 10 2 285 1 285 1 285.000000 3
1 316 318 10000000 188 273 6 24 8 2 655 1 673 1 961.000000 7 188 191 24 18 24 6 764 2 764 1 764.000000 6
0 319 319 10000000 188 273 1 1 1 1 157 1 157 1 157.000000 5 189 202 1 1 1 2 158 0 158 1 158.000000 1
1 319 320 10000000 188 273 2 4 3 1 225 1 225 1 225.000000 6 189 202 4 4 4 1 298 1 298 1 298.000000 2
1 319 321 10000000 188 273 3 23 5 0 254 0 371 0 13826.000000 6 189 202 23 16 23 2 424 1 424 2 424.000000 6
0 322 322 10000000 188 273 1 1 1 2 103 0 103 0 103.000000 5 190 214 1 1 1 1 105 0 105 1 105.000000 1
1 322 323 10000000 188 273 2 16 4 2 154 0 154 1 154.000000 6 190 214 16 12 16 4 375 1 375 2 375.000000 5
1 322 324 10000000 188 273 3 20 5 1 264 1 367 1 10770.000000 6 190 214 20 18 20 2 512 1 512 1 512.000000 6
0 325 325 10000000 188 273 1 4 3 2 28 0 28 0 28.000000 8 190 217 1 1 1 1 30 0 30 1 30.000000 1
1 325 326 10000000 188 273 2 9 3 1 141 1 141 0 141.000000 6 190 217 9 9 9 2 201 0 201 0 201.000000 3
1 325 327 10000000 188 273 4 21 7 1 292 1 418 1 16042.000000 7 190 217 21 19 21 4 559 1 559 4 559.000000 5
0 328 328 10000000 188 273 1 1 1 1 106 0 106 1 106.000000 5 192 221 1 1 1 1 110 1 110 0 110.000000 2
1 328 329 10000000 188 273 2 14 3 1 121 1 121 1 121.000000 6 192 221 14 14 14 1 265 1 265 1 265.000000 4
1 328 330 10000000 188 273 5 22 8 2 398 1 504 1 11528.000000 7 192 221 22 20 22 2 711 1 711 1 711.000000 6
0 331 331 10000000 188 273 1 1 1 2 119 0 119 1 119.000000 5 195 233 1 1 1 0 126 1 126 1 126.000000 2
1 331 332 10000000 188 273 2 6 3 1 192 1 192 1 192.000000 6 195 233 6 6 6 1 257 1 257 1 257.000000 2
1 331 333 10000000 188 273 6 32 10 2 416 1 444 1 1172.000000 7 195 233 32 27 32 2 932 2 932 2 932.000000 8
0 334 334 10000000 188 273 1 1 1 1 164 1 164 1 164.000000 6 199 238 1 1 1 1 175 1 175 0 175.000000 2
1 334 335 10000000 188 273 2 4 3 1 214 1 214 1 214.000000 6 199 238 4 4 4 2 327 0 327 0 327.000000 3
1 334 336 10000000 188 273 7 33 11 1 580 1 608 1 1336.000000 9 199 238 33 28 33 3 1235 1 1235 2 1235.000000 9
0 337 337 10000000 188 273 1 1 1 4 108 1 108 2 108.000000 5 193 233 1 1 1 1 113 1 113 1 113.000000 1
1 337 338 10000000 188 273 2 11 3 2 129 1 129 1 129.000000 9 193 233 11 26 32 3 230 1 230 1 230.000000 4
1 337 339 10000000 188 273 11 37 18 1 942 2 1317 1 50564.000000 12 193 233 37 40 58 3 1502 1 1502 2 1502.000000 9
0 340 340 10000000 188 279 1 11 3 2 12 0 12 0 12.000000 6 188 188 1 1 1 1 12 1 12 0 12.000000 1
1 340 341 10000000 188 279 2 2 2 1 206 0 206 0 206.000000 5 188 188 2 2 2 1 206 0 206 1 206.000000 1
1 340 342 10000000 188 279 12 37 19 1 954 1 1000 4 2016.000000 8 188 188 37 30 37 4 1257 1 1257 2 1257.000000 9
0 343 343 10000000 188 279 2 13 3 2 198 0 198 0 198.000000 7 188 195 1 2 2 0 188 0 376 1 35344.000000 2
1 343 344 10000000 188 279 2 16 4 2 118 0 118 1 118.000000 7 188 195 16 16 16 3 273 1 273 2 273.000000 5
1 343 345 10000000 188 279 13 38 20 3 1142 1 1188 1 2204.000000 7 188 195 38 36 45 3 1445 2 1445 2 1445.000000 9
0 346 346 10000000 188 279 1 3 2 3 33 1 33 1 33.000000 6 190 200 1 1 1 1 35 1 35 1 35.000000 2
1 346 347 10000000 188 279 2 3 3 2 175 0 175 1 175.000000 6 190 200 3 3 3 1 182 1 182 1 182.000000 2
1 346 348 10000000 188 279 14 42 22 2 1175 2 1221 2 2237.000000 10 190 200 42 35 42 6 1615 1 1615 2 1615.000000 12
0 349 349 10000000 188 279 1 1 1 2 72 1 72 0 72.000000 11 193 209 1 1 1 0 77 1 77 0 77.000000 1
1 349 350 10000000 188 279 2 2 2 2 170 1 170 1 170.000000 6 193 209 2 2 2 1 180 1 180 0 180.000000 2
1 349 351 10000000 188 279 15 43 24 3 1247 1 1293 1 2309.000000 10 193 209 43 36 43 3 1818 1 1818 4 1818.000000 11
0 352 352 10000000 188 279 1 2 2 2 64 1 64 0 64.000000 9 197 217 1 5 2 1 73 0 73 0 73.000000 1
1 352 353 10000000 188 279 2 5 3 6 183 1 183 1 183.000000 7 197 217 5 5 5 3 265 1 265 2 265.000000 2
1 352 354 10000000 188 279 17 45 26 3 1485 1 1939 1 71531.000000 10 197 217 45 38 45 3 2246 2 2246 2 2246.000000 11
0 355 355 10000000 188 279 1 7 2 3 19 0 19 0 19.000000 7 202 230 1 6 5 2 33 0 33 1 33.000000 2
1 355 356 10000000 188 279 2 2 2 3 195 0 195 1 195.000000 5 202 230 2 2 2 3 223 1 223 1 223.000000 3
1 355 357 10000000 188 279 18 47 28 3 1504 74 1934 2 63126.000000 13 202 230 47 40 47 6 2533 2 2533 3 2533.000000 11
0 358 358 10000000 188 279 1 1 1 2 87 0 87 1 87.000000 6 194 225 1 1 1 0 93 1 93 0 93.000000 2
1 358 359 10000000 188 279 2 9 4 2 149 0 149 0 149.000000 10 194 225 9 9 9 1 335 1 335 1 335.000000 3
1 358 360 10000000 188 279 19 48 29 4 1591 2 1934 2 40593.000000 12 194 225 48 41 48 5 2250 3 2250 3 2250.000000 12
0 361 361 10000000 188 286 1 1 1 1 114 0 114 0 114.000000 5 188 188 1 1 1 1 114 1 114 0 114.000000 1
1 361 362 10000000 188 286 2 2 2 2 275 0 383 2 11831.000000 10 188 188 2 2 2 1 275 1 275 0 275.000000 2
1 361 363 10000000 188 286 20 53 32 3 1705 1 2120 2 51111.000000 10 188 188 53 48 53 4 2376 2 2376 2 2376.000000 12
0 364 364 10000000 188 286 1 1 1 1 167 0 167 1 167.000000 7 188 192 1 1 1 1 167 0 167 2 167.000000 1
1 364 365 10000000 188 286 2 10 3 1 185 1 264 1 6347.000000 12 188 192 10 10 10 3 278 1 278 1 278.000000 3
1 364 366 10000000 188 286 21 54 33 3 1872 2 2287 2 51278.000000 11 188 192 54 52 58 3 2543 2 2543 3 2543.000000 12
0 367 367 10000000 188 286 1 1 1 1 79 1 79 0 79.000000 7 190 199 1 1 1 1 81 1 81 0 81.000000 1
1 367 368 10000000 188 286 2 11 4 2 147 0 219 1 5259.000000 6 190 199 11 10 11 2 259 1 259 1 259.000000 4
1 367 369 10000000 188 286 22 56 35 1 1951 1 2366 1 51357.000000 15 190 199 56 51 56 4 2778 2 2778 6 2778.000000 13
0 370 370 10000000 188 286 1 1 1 2 75 0 75 1 75.000000 6 193 206 1 1 1 1 80 1 80 0 80.000000 1
1 370 371 10000000 188 286 2 9 3 1 111 0 130 0 453.000000 7 193 206 9 9 9 1 184 1 184 1 184.000000 4
1 370 372 10000000 188 286 23 57 37 2 2026 2 2441 2 51432.000000 13 193 206 57 52 57 4 3026 1 3026 3 3026.000000 14
0 373 373 10000000 188 286 1 1 1 1 92 1 92 0 92.000000 6 197 216 1 1 1 0 101 0 101 0 101.000000 2
1 373 374 10000000 188 286 2 6 3 2 363 1 538 1 30813.000000 7 197 216 6 6 6 2 545 1 545 0 545.000000 2
1 373 375 10000000 188 286 24 57 39 2 2118 2 2533 2 51524.000000 11 197 216 57 53 57 4 3342 2 3342 3 3342.000000 15
0 376 376 10000000 188 286 1 1 1 2 175 0 175 0 175.000000 5 202 226 1 1 1 0 189 1 378 0 35721.000000 2
1 376 377 10000000 188 286 2 10 3 1 89 0 99 1 179.000000 6 202 226 10 10 10 2 322 1 322 1 322.000000 4
1 376 378 10000000 188 286 25 58 40 3 2293 1 2896 2 86855.000000 12 202 226 58 54 58 3 3816 2 3816 3 3816.000000 14
0 379 379 10000000 188 286 1 20 2 1 10 1 10 0 10.000000 6 194 221 1 1 1 0 16 1 32 1 256.000000 1
1 379 380 10000000 188 286 2 16 3 3 169 0 187 1 475.000000 6 194 221 16 16 16 3 451 1 451 2 451.000000 5
1 379 381 10000000 188 286 26 58 41 3 2303 1 2874 1 80563.000000 12 194 221 58 54 58 4 3352 2 3352 3 3352.000000 13
0 382 382 10000000 188 292 1 13 4 1 20 0 20 0 20.000000 5 188 188 1 1 1 1 20 0 20 0 20.000000 2
1 382 383 10000000 188 292 2 3 3 1 294 0 294 1 294.000000 6 188 188 3 3 3 1 361 1 361 1 361.000000 1
1 382 384 10000000 188 292 27 58 42 5 2454 1 3030 2 69612.000000 15 188 188 58 56 58 7 3087 2 3087 4 3087.000000 13
0 385 385 10000000 188 292 1 1 1 2 180 1 180 0 180.000000 7 189 197 1 1 1 1 181 1 181 0 181.000000 1
1 385 386 10000000 188 292 2 2 2 2 301 1 301 1 301.000000 8 189 197 2 2 2 3 303 1 303 1 303.000000 1
1 385 387 10000000 188 292 28 60 44 7 2634 2 3210 2 69792.000000 15 189 197 60 58 60 7 3394 2 3394 2 3394.000000 14
0 388 388 10000000 188 292 1 1 1 4 134 7 134 2 134.000000 23 191 209 1 1 1 2 137 1 137 1 137.000000 1
1 388 389 10000000 188 292 2 9 4 1 157 1 157 1 157.000000 6 191 209 9 9 9 5 289 0 289 1 289.000000 3
1 388 390 10000000 188 292 29 61 45 2 2768 1 3337 2 67546.000000 15 191 209 61 59 61 6 3651 2 3651 4 3651.000000 14
0 391 391 10000000 188 292 1 1 1 1 70 1 70 1 70.000000 8 194 222 1 1 1 1 76 1 76 0 76.000000 2
1 391 392 10000000 188 292 2 3 3 1 288 0 288 1 288.000000 7 194 222 3 3 3 2 365 1 365 3 365.000000 1
1 391 393 10000000 188 292 30 65 47 3 2838 1 3374 2 57716.000000 18 194 222 65 63 65 6 4023 2 4023 4 4023.000000 15
0 394 394 10000000 188 292 1 1 1 1 162 0 162 1 162.000000 7 198 234 1 1 1 0 172 1 172 0 172.000000 1
1 394 395 10000000 188 292 2 2 2 1 251 1 251 1 251.000000 5 198 234 2 2 2 1 271 0 271 0 271.000000 1
1 394 396 10000000 188 292 31 66 48 2 3000 1 3536 2 57878.000000 14 198 234 66 64 66 3 4455 2 4455 3 4455.000000 16
0 397 397 10000000 188 292 1 1 1 1 145 1 145 1 145.000000 6 203 247 1 1 1 1 160 0 160 1 160.000000 1
1 397 398 10000000 188 292 2 13 4 2 63 1 63 2 63.000000 17 203 247 13 11 13 7 347 1 347 3 347.000000 4
1 397 399 10000000 188 292 32 67 49 2 3145 2 3681 2 58023.000000 14 203 247 67 65 67 4 4945 2 4945 3 4945.000000 15
0 400 400 10000000 188 292 1 2 2 1 51 0 51 0 51.000000 5 189 244 1 1 1 1 52 1 52 1 52.000000 1
1 400 401 10000000 188 292 2 12 3 2 188 0 188 0 188.000000 9 189 244 12 21 48 2 276 1 276 1 276.000000 4
1 400 402 10000000 188 292 33 69 51 6 3196 1 3712 2 53134.000000 15 189 244 69 71 130 5 4094 2 4094 3 4094.000000 16
0 403 403 10000000 188 298 1 1 1 1 169 0 169 1 169.000000 4 188 188 1 1 1 1 169 1 169 0 169.000000 1
1 403 404 10000000 188 298 2 10 3 2 275 0 275 0 275.000000 5 188 188 10 10 10 2 426 1 426 2 426.000000 3
1 403 405 10000000 188 298 35 67 58 2 3423 1 4243 2 90135.000000 15 188 188 67 65 67 4 4133 2 4133 3 4133.000000 16
0 406 406 10000000 188 298 1 1 1 2 161 0 161 0 161.000000 6 188 195 1 1 1 1 161 1 161 0 161.000000 2
1 406 407 10000000 188 298 2 4 3 0 170 0 170 0 170.000000 5 188 195 4 4 4 1 173 1 173 0 173.000000 2
1 406 408 10000000 188 298 36 68 59 3 3584 2 4579 2 120746.000000 14 188 195 68 67 75 5 4294 2 4294 2 4294.000000 16
0 409 409 10000000 188 298 1 1 1 0 146 0 146 0 146.000000 5 190 209 1 1 1 1 148 0 148 0 148.000000 1
1 409 410 10000000 188 298 2 8 3 1 78 1 78 1 78.000000 5 190 209 8 7 8 1 160 1 160 1 160.000000 3
1 409 411 10000000 188 298 40 69 65 3 3888 2 5206 2 175764.000000 19 190 209 69 68 69 5 4726 2 4726 3 4726.000000 16
0 412 412 10000000 188 298 1 1 1 0 117 1 117 1 117.000000 6 193 234 1 1 1 2 122 1 122 0 122.000000 2
1 412 413 10000000 188 298 2 2 2 5 252 1 252 2 252.000000 9 193 234 2 2 2 4 262 0 262 0 262.000000 2
1 412 414 10000000 188 298 43 72 70 3 4113 2 5123 2 122903.000000 17 193 234 72 71 72 4 5217 2 5217 3 5217.000000 17
0 415 415 10000000 188 298 1 1 1 1 160 0 160 0 160.000000 6 197 241 1 1 1 1 169 0 169 1 169.000000 2
1 415 416 10000000 188 298 2 12 3 1 68 1 68 0 68.000000 7 197 241 12 12 12 3 246 1 246 2 246.000000 3
1 415 417 10000000 188 298 44 73 71 3 4273 2 5283 2 123063.000000 17 197 241 73 72 73 4 5674 2 5674 3 5674.000000 17
0 418 418 10000000 188 298 1 2 2 0 50 1 50 1 50.000000 6 202 254 1 1 1 1 64 0 64 0 64.000000 2
1 418 419 10000000 188 298 2 17 4 3 104 0 104 1 104.000000 10 202 254 17 17 17 3 539 1 539 2 539.000000 5
1 418 420 10000000 188 298 45 73 72 21 4323 2 5272 2 108473.000000 38 202 254 73 72 73 11 6039 2 6039 3 6039.000000 17
0 421 421 10000000 188 298 1 3 2 2 40 0 40 1 40.000000 7 189 249 1 1 1 1 41 1 41 0 41.000000 2
1 421 422 10000000 188 298 2 7 3 2 172 1 172 1 172.000000 7 189 249 7 37 58 2 194 1 194 1 194.000000 3
1 421 423 10000000 188 298 46 75 74 3 4363 2 5422 3 125403.000000 17 189 249 75 83 148 5 5153 3 5153 3 5153.000000 18
0 424 424 10000000 188 304 1 1 1 2 121 0 121 0 121.000000 7 188 188 1 1 1 1 121 0 121 1 121.000000 1
1 424 425 10000000 188 304 2 19 4 1 158 1 158 1 158.000000 8 188 188 19 15 19 2 416 1 416 2 416.000000 5
1 424 426 10000000 188 304 47 77 79 8 4484 2 6060 2 210574.000000 23 188 188 77 77 77 14 5301 3 5301 3 5301.000000 18
0 427 427 10000000 188 304 1 1 1 1 152 0 152 0 152.000000 7 188 198 1 1 1 1 152 0 152 1 152.000000 1
1 427 428 10000000 188 304 2 20 4 1 113 1 113 1 113.000000 5 188 198 20 12 20 2 262 1 262 1 262.000000 6
1 427 429 10000000 188 304 48 80 81 3 4636 2 6199 2 206468.000000 17 188 198 80 81 90 4 5562 3 5562 4 5562.000000 19
0 430 430 10000000 188 304 1 1 1 0 80 0 80 1 80.000000 7 190 206 1 1 1 1 82 0 82 0 82.000000 2
1 430 431 10000000 188 304 2 14 3 1 134 0 134 0 134.000000 6 190 206 14 14 14 1 304 1 304 1 304.000000 4
1 430 432 10000000 188 304 49 81 83 3 4716 2 6212 2 191338.000000 19 190 206 81 81 81 4 5804 3 5804 4 5804.000000 18
0 433 433 10000000 188 304 1 1 1 0 94 0 94 1 94.000000 5 193 217 1 1 1 1 99 1 99 0 99.000000 1
1 433 434 10000000 188 304 2 9 3 0 174 1 174 1 174.000000 6 193 217 9 9 9 1 321 1 321 1 321.000000 3
1 433 435 10000000 188 304 50 82 84 3 4810 3 6249 3 176852.000000 18 193 217 82 82 82 3 6146 3 6146 4 6146.000000 19
0 436 436 10000000 188 304 1 1 1 1 95 1 95 0 95.000000 8 197 229 1 2 2 1 104 0 104 1 104.000000 1
1 436 437 10000000 188 304 2 12 4 1 176 0 176 1 176.000000 5 197 229 12 12 12 1 383 1 383 1 383.000000 4
1 436 438 10000000 188 304 51 84 86 3 4905 2 6488 3 200973.000000 18 197 229 84 84 84 4 6641 3 6641 4 6641.000000 19
0 439 439 10000000 188 304 1 5 2 2 25 0 25 1 25.000000 4 202 244 1 1 1 1 39 0 39 0 39.000000 1
1 439 440 10000000 188 304 2 10 4 1 297 1 297 1 297.000000 6 202 244 10 10 10 2 488 0 488 1 488.000000 3
1 439 441 10000000 188 304 52 84 88 4 4930 2 6476 2 192470.000000 20 202 244 84 84 84 5 7061 3 7061 3 7061.000000 19
0 442 442 10000000 188 304 1 7 3 0 28 1 28 0 28.000000 5 194 249 1 1 1 1 34 0 34 0 34.000000 1
1 442 443 10000000 188 304 2 2 2 0 125 0 125 0 125.000000 6 194 249 2 2 2 2 137 1 137 0 137.000000 2
1 442 444 10000000 188 304 26 51 41 2 2228 2 3061 2 116528.000000 13 194 249 51 51 51 4 3039 1 3039 2 3039.000000 12
0 445 445 10000000 188 309 1 1 1 3 122 1 122 0 122.000000 7 188 188 1 1 1 2 122 0 122 0 122.000000 2
1 445 446 10000000 188 309 2 13 4 1 119 1 119 1 119.000000 9 188 188 13 11 13 2 244 1 244 1 244.000000 4
1 445 447 10000000 188 309 27 55 47 2 2350 1 3379 2 120284.000000 11 188 188 55 54 55 3 3083 2 3083 3 3083.000000 13
0 448 448 10000000 188 309 1 1 1 1 157 1 157 0 157.000000 6 189 203 1 1 1 1 158 0 158 1 158.000000 2
1 448 449 10000000 188 309 2 4 3 3 190 1 190 1 190.000000 8 189 203 4 4 4 1 197 1 197 1 197.000000 2
1 448 450 10000000 188 309 19 43 31 2 1799 2 2401 1 62513.000000 11 189 203 43 40 43 4 2484 1 2484 2 2484.000000 11
0 451 451 10000000 188 309 1 1 1 2 103 0 103 0 103.000000 6 191 210 1 1 1 1 106 1 106 1 106.000000 2
1 451 452 10000000 188 309 2 7 4 2 147 1 147 1 147.000000 8 191 210 7 7 7 4 265 1 265 1 265.000000 3
1 451 453 10000000 188 309 7 18 11 1 690 0 810 1 9818.000000 7 191 210 18 16 18 3 994 1 994 2 994.000000 5
0 454 454 10000000 188 309 1 1 1 1 89 0 89 0 89.000000 5 192 225 1 1 1 0 93 1 93 0 93.000000 3
1 454 455 10000000 188 309 2 8 4 0 126 1 126 0 126.000000 6 192 225 8 8 8 1 251 1 251 0 251.000000 3
1 454 456 10000000 188 309 8 20 13 1 779 1 1059 1 35347.000000 8 192 225 20 18 20 2 1163 1 1163 1 1163.000000 6
0 457 457 10000000 188 309 1 4 3 0 42 1 42 1 42.000000 6 194 229 1 1 1 1 48 1 48 0 48.000000 1
1 457 458 10000000 188 309 2 7 4 0 188 1 188 1 188.000000 8 194 229 7 7 7 1 340 1 340 1 340.000000 2
1 457 459 10000000 188 309 10 23 17 1 858 2 1084 1 15050.000000 8 194 229 23 23 23 4 1326 2 1326 2 1326.000000 6
0 460 460 10000000 188 309 1 1 1 1 130 1 130 1 130.000000 7 197 246 1 1 1 1 139 1 139 0 139.000000 1
1 460 461 10000000 188 309 2 13 4 0 193 0 193 0 193.000000 7 197 246 13 13 13 2 415 1 415 1 415.000000 4
1 460 462 10000000 188 309 11 25 19 2 988 1 1214 1 15180.000000 9 197 246 25 25 25 2 1610 1 1610 1 1610.000000 7
0 463 463 10000000 188 309 1 2 2 1 72 1 72 0 72.000000 6 201 268 1 1 1 1 85 1 85 0 85.000000 1
1 463 464 10000000 188 309 2 2 2 1 215 1 215 1 215.000000 5 201 268 2 2 2 1 241 0 241 1 241.000000 1
1 463 465 10000000 188 309 15 39 27 2 1360 2 1927 2 72198.000000 10 201 268 39 36 39 3 2400 2 2400 2 2400.000000 10
0 466 466 10000000 188 309 1 1 1 1 123 0 123 1 123.000000 5 189 269 1 1 1 1 124 0 124 1 124.000000 2
1 466 467 10000000 188 309 2 3 3 1 270 1 270 1 270.000000 6 189 269 3 3 3 0 340 1 340 1 340.000000 1
1 466 468 10000000 188 309 16 40 28 1 1483 1 2180 2 89091.000000 10 189 269 40 51 131 3 2056 1 2056 2 2056.000000 10
0 469 469 10000000 188 314 1 1 1 1 140 0 140 0 140.000000 10 188 188 1 1 1 1 140 1 140 0 140.000000 2
1 469 470 10000000 188 314 2 23 4 4 201 1 201 2 201.000000 11 188 188 23 21 23 9 505 2 505 2 505.000000 6
1 469 471 10000000 188 314 17 57 31 2 1623 1 2109 2 53099.000000 11 188 188 57 55 57 3 2591 2 2591 3 2591.000000 14
0 472 472 10000000 188 314 1 2 2 1 78 1 78 0 78.000000 10 188 195 1 1 1 0 78 0 78 1 78.000000 1
1 472 473 10000000 188 314 2 10 3 4 190 0 190 1 190.000000 7 188 195 10 10 10 3 275 1 275 2 275.000000 4
1 472 474 10000000 188 314 18 58 33 1 1701 2 2171 2 50441.000000 10 188 195 58 58 65 3 2669 2 2669 2 2669.000000 14
0 475 475 10000000 188 314 1 2 2 1 70 0 70 1 70.000000 6 190 213 1 1 1 0 72 1 72 1 72.000000 1
1 475 476 10000000 188 314 2 10 3 0 179 1 179 1 179.000000 6 190 213 10 10 10 1 244 1 244 2 244.000000 4
1 475 477 10000000 188 314 19 59 34 2 1863 1 2333 1 50603.000000 10 190 213 59 57 59 3 2949 2 2949 3 2949.000000 14
0 478 478 10000000 188 314 1 1 1 0 119 0 119 0 119.000000 4 193 225 1 1 1 1 124 0 124 1 124.000000 1
1 478 479 10000000 188 314 2 10 3 2 266 1 266 1 266.000000 8 193 225 10 10 10 2 540 1 540 3 540.000000 3
1 478 480 10000000 188 314 17 58 31 7 1673 1 2209 2 58399.000000 11 193 225 58 56 58 4 2959 2 2959 3 2959.000000 14
0 481 481 10000000 188 314 1 2 2 1 58 1 58 1 58.000000 7 196 234 1 1 1 2 66 1 66 1 66.000000 1
1 481 482 10000000 188 314 2 3 3 1 258 1 258 1 258.000000 5 196 234 3 3 3 1 341 0 341 0 341.000000 2
1 481 483 10000000 188 314 11 48 21 1 1177 1 1411 1 19587.000000 8 196 234 48 46 48 3 2374 1 2374 2 2374.000000 12
0 484 484 10000000 188 314 1 1 1 1 98 0 98 0 98.000000 5 199 250 1 1 1 2 109 1 109 1 109.000000 1
1 484 485 10000000 188 314 2 13 4 1 329 0 329 0 329.000000 7 199 250 13 13 13 1 689 1 689 1 689.000000 3
1 484 486 10000000 188 314 12 50 23 2 1275 2 1509 1 19685.000000 9 199 250 50 48 50 5 2697 2 2697 3 2697.000000 12
0 487 487 10000000 188 314 1 3 2 4 50 0 50 1 50.000000 9 192 249 1 1 1 2 54 1 54 0 54.000000 2
1 487 488 10000000 188 314 2 14 4 2 164 1 164 1 164.000000 9 192 249 14 21 29 3 339 1 339 2 339.000000 4
1 487 489 10000000 188 314 2 14 4 1 134 0 134 2 134.000000 6 192 249 14 21 29 2 293 1 293 1 293.000000 4
0 490 490 10000000 188 316 1 22 5 1 19 0 19 0 19.000000 5 188 188 1 1 1 1 19 0 19 1 19.000000 2
1 490 491 10000000 188 316 2 14 4 1 183 0 183 1 183.000000 7 188 188 14 10 14 2 236 1 236 1 236.000000 4
1 490 492 10000000 188 316 4 31 8 1 291 1 378 1 7773.000000 5 188 188 31 29 31 2 704 1 704 2 704.000000 8
0 493 493 10000000 188 316 1 2 2 0 60 1 60 0 60.000000 7 189 198 1 1 1 0 61 0 61 1 61.000000 2
1 493 494 10000000 188 316 2 19 4 1 126 1 126 1 126.000000 6 189 198 19 17 19 3 352 1 352 1 352.000000 5
1 493 495 10000000 188 316 6 33 11 5 447 1 487 3 2007.000000 23 189 198 33 31 33 13 893 1 893 12 893.000000 8
0 496 496 10000000 188 316 1 1 1 1 108 0 108 0 108.000000 5 191 211 1 1 1 1 111 1 111 1 111.000000 2
1 496 497 10000000 188 316 2 12 3 1 207 0 207 0 207.000000 7 191 211 12 12 12 2 391 1 391 1 391.000000 4
1 496 498 10000000 188 316 3 22 6 1 184 2 184 1 184.000000 6 191 211 22 20 22 2 459 1 459 1 459.000000 6
0 499 499 10000000 188 316 1 1 1 0 103 1 103 1 103.000000 6 192 221 1 1 1 1 107 0 107 1 107.000000 2
1 499 500 10000000 188 316 2 9 4 1 45 1 45 1 45.000000 9 192 221 9 7 9 1 130 1 130 2 130.000000 3
1 499 501 10000000 188 316 3 21 6 2 168 1 168 1 168.000000 16 192 221 21 19 21 2 507 2 507 3 507.000000 6
0 502 502 10000000 188 316 1 1 1 2 91 1 91 0 91.000000 6 193 230 1 1 1 2 96 1 96 0 96.000000 2
1 502 503 10000000 188 316 2 4 3 1 183 1 183 1 183.000000 8 193 230 4 4 4 2 261 1 261 1 261.000000 2
1 502 504 10000000 188 316 3 10 5 1 344 1 344 1 344.000000 10 193 230 10 10 10 2 550 1 550 1 550.000000 3
0 505 505 10000000 188 316 1 4 3 1 44 1 44 0 44.000000 5 194 249 1 1 1 1 50 0 50 0 50.000000 2
1 505 506 10000000 188 316 2 16 3 1 300 0 300 1 300.000000 6 194 249 16 16 16 1 649 1 649 1 649.000000 5
1 505 507 10000000 188 316 3 14 4 2 390 1 390 1 390.000000 6 194 249 14 14 14 2 582 1 582 2 582.000000 4
0 508 508 10000000 188 316 1 1 1 1 180 0 180 0 180.000000 5 194 252 1 1 1 0 186 0 186 0 186.000000 1
1 508 509 10000000 188 316 2 9 4 1 275 0 275 1 275.000000 7 194 252 9 9 9 1 518 1 518 1 518.000000 3
1 508 510 10000000 188 316 1 6 2 3 134 0 134 0 134.000000 18 194 252 6 6 6 6 356 2 356 3 356.000000 3
0 511 511 10000000 188 316 1 1 1 1 171 1 171 1 171.000000 5 195 260 1 1 1 2 178 0 178 0 178.000000 2
1 511 512 10000000 188 316 2 12 3 1 202 1 202 1 202.000000 6 195 260 12 12 12 2 363 1 363 1 363.000000 4
1 511 513 10000000 188 316 1 1 1 1 171 1 171 1 171.000000 5 195 260 1 1 1 1 178 0 178 0 178.000000 1
0 514 514 10000000 188 316 1 1 1 1 166 0 166 0 166.000000 5 196 274 1 1 1 1 174 0 174 1 174.000000 1
1 514 515 10000000 188 316 2 11 4 1 307 0 307 0 307.000000 9 196 274 11 9 11 2 560 1 560 1 560.000000 3
1 514 516 10000000 188 316 1 8 2 0 166 1 166 0 166.000000 4 196 274 8 8 8 1 392 1 392 1 392.000000 4
0 517 517 10000000 188 316 1 1 1 2 141 0 141 0 141.000000 6 197 276 1 1 1 1 150 0 150 2 150.000000 1
1 517 518 10000000 188 316 2 18 4 0 301 1 301 1 301.000000 8 197 276 18 18 18 1 804 1 804 1 804.000000 6
1 517 519 10000000 188 316 3 15 6 1 441 1 441 0 441.000000 7 197 276 15 15 15 2 924 1 924 1 924.000000 4
0 520 520 10000000 188 316 1 1 1 2 162 0 162 0 162.000000 9 200 279 1 1 1 1 174 0 174 2 174.000000 2
1 520 521 10000000 188 316 2 4 3 1 148 1 148 1 148.000000 9 200 279 4 4 4 1 199 1 199 0 199.000000 2
1 520 522 10000000 188 316 1 1 1 0 145 1 145 1 145.000000 6 200 279 1 1 1 1 157 1 157 1 157.000000 1
0 523 523 10000000 188 316 2 39 4 1 165 1 165 1 165.000000 6 189 271 1 2 2 1 161 0 161 1 161.000000 1
1 523 524 10000000 188 316 2 25 4 1 217 0 217 0 217.000000 5 189 271 25 45 143 3 530 2 530 1 530.000000 6
1 523 525 10000000 188 316 1 13 2 1 50 0 50 0 50.000000 6 189 271 13 43 72 2 196 0 196 1 196.000000 4
0 526 526 10000000 188 321 1 1 1 1 158 0 158 1 158.000000 6 188 188 1 1 1 1 158 1 158 1 158.000000 1
1 526 527 10000000 188 321 2 17 4 0 172 0 172 0 172.000000 7 188 188 17 13 17 1 428 1 428 1 428.000000 4
1 526 528 10000000 188 321 1 12 2 7 158 1 158 2 158.000000 14 188 188 12 12 12 5 397 1 397 8 397.000000 4
0 529 529 10000000 188 321 1 1 1 1 154 0 154 1 154.000000 5 189 190 1 1 1 1 155 0 155 4 155.000000 2
1 529 530 10000000 188 321 2 2 2 0 319 1 319 1 319.000000 5 189 190 2 2 2 1 321 0 321 0 321.000000 2
1 529 531 10000000 188 321 1 1 1 1 154 0 154 0 154.000000 5 189 190 1 1 1 1 155 0 155 1 155.000000 1
0 532 532 10000000 188 321 1 1 1 0 143 1 143 1 143.000000 5 189 191 1 1 1 1 144 0 144 1 144.000000 2
1 532 533 10000000 188 321 2 19 4 0 274 0 274 0 274.000000 7 189 191 19 19 19 1 724 2 728 1 736.000000 5
1 532 534 10000000 188 321 1 15 2 1 143 0 143 6 143.000000 15 189 191 15 15 15 2 430 1 430 2 430.000000 4
0 535 535 10000000 188 321 1 1 1 2 139 1 139 1 139.000000 5 190 193 1 1 1 0 141 1 141 0 141.000000 1
1 535 536 10000000 188 321 2 5 3 1 309 1 309 0 309.000000 7 190 193 5 5 5 1 328 1 328 1 328.000000 2
1 535 537 10000000 188 321 1 4 2 6 139 1 139 0 139.000000 19 190 193 4 4 4 2 156 0 156 1 156.000000 2
0 538 538 10000000 188 321 1 1 1 1 138 0 138 1 138.000000 6 190 194 1 1 1 0 140 0 140 1 140.000000 1
1 538 539 10000000 188 321 2 18 4 1 177 0 177 0 177.000000 5 190 194 18 10 18 1 482 1 486 2 494.000000 5
1 538 540 10000000 188 321 1 10 2 2 138 0 138 0 138.000000 6 190 194 10 10 10 1 341 1 341 1 341.000000 4
0 541 541 10000000 188 321 1 1 1 1 137 0 137 0 137.000000 6 191 196 1 1 1 1 140 1 140 0 140.000000 2
1 541 542 10000000 188 321 2 14 4 0 215 1 215 0 215.000000 6 191 196 14 13 14 2 497 1 497 1 497.000000 4
1 541 543 10000000 188 321 4 11 6 1 527 1 664 1 19159.000000 6 191 196 11 10 11 1 659 1 659 1 659.000000 3
0 544 544 10000000 188 321 1 1 1 2 147 0 147 0 147.000000 7 192 214 1 1 1 0 151 1 151 0 151.000000 2
1 544 545 10000000 188 321 2 8 3 1 267 0 267 1 267.000000 6 192 214 8 8 8 1 397 1 397 1 397.000000 3
1 544 546 10000000 188 321 6 24 9 1 729 2 773 1 2621.000000 8 192 214 24 18 24 2 1163 2 1169 1 1193.000000 7
0 547 547 10000000 188 321 1 1 1 1 183 0 183 1 183.000000 6 194 225 1 1 1 1 189 1 189 0 189.000000 2
1 547 548 10000000 188 321 2 7 3 1 102 0 102 1 102.000000 7 194 225 7 7 7 1 171 0 171 0 171.000000 3
1 547 549 10000000 188 321 4 16 6 0 429 0 612 1 33735.000000 5 194 225 16 15 16 1 765 1 765 1 765.000000 5
0 550 550 10000000 188 321 1 7 2 1 18 0 18 0 18.000000 5 196 240 1 1 1 0 26 0 26 0 26.000000 1
1 550 551 10000000 188 321 2 13 4 1 279 1 279 1 279.000000 8 196 240 13 13 13 2 747 1 747 1 747.000000 4
1 550 552 10000000 188 321 4 16 8 1 392 1 440 1 2648.000000 7 196 240 16 16 16 1 815 1 815 2 815.000000 4
0 553 553 10000000 188 321 1 1 1 1 135 1 135 0 135.000000 5 197 250 1 1 1 2 144 1 144 0 144.000000 2
1 553 554 10000000 188 321 2 18 4 1 85 1 85 0 85.000000 11 197 250 18 14 18 2 429 1 440 2 539.000000 5
1 553 555 10000000 188 321 1 10 2 1 52 0 52 1 52.000000 7 197 250 10 10 10 1 251 1 251 1 251.000000 3
0 556 556 10000000 188 321 1 1 1 1 127 0 127 1 127.000000 6 198 252 1 1 1 1 137 0 137 0 137.000000 1
1 556 557 10000000 188 321 2 17 4 0 268 0 268 0 268.000000 9 198 252 17 14 17 3 765 1 776 1 875.000000 5
1 556 558 10000000 188 321 1 11 2 2 119 0 119 2 119.000000 6 198 252 11 11 11 2 424 1 424 1 424.000000 4
0 559 559 10000000 188 321 1 1 1 1 120 0 120 0 120.000000 7 199 261 1 1 1 1 131 0 131 1 131.000000 1
1 559 560 10000000 188 321 2 4 3 1 267 1 267 2 267.000000 6 199 261 4 4 4 2 314 1 314 1 314.000000 2
1 559 561 10000000 188 321 1 1 1 1 120 0 120 0 120.000000 4 199 261 1 1 1 1 131 0 131 1 131.000000 1
0 562 562 10000000 188 321 1 1 1 5 118 1 118 1 118.000000 10 189 263 1 1 1 4 119 1 119 0 119.000000 2
1 562 563 10000000 188 321 2 18 4 6 179 3 179 2 179.000000 16 189 263 18 27 56 8 446 1 453 2 488.000000 5
1 562 564 10000000 188 321 1 7 2 1 118 0 118 0 118.000000 6 189 263 7 23 26 2 223 1 223 1 223.000000 3
0 565 565 10000000 188 329 1 1 1 0 112 1 112 1 112.000000 5 188 188 1 1 1 1 112 1 112 0 112.000000 2
1 565 566 10000000 188 329 2 7 3 1 264 0 416 0 23216.000000 6 188 188 7 7 7 1 350 1 350 1 350.000000 2
1 565 567 10000000 188 329 1 6 2 1 112 1 112 1 112.000000 6 188 188 6 6 6 1 198 1 198 1 198.000000 3
0 568 568 10000000 188 329 1 1 1 1 99 0 99 1 99.000000 5 189 201 1 1 1 1 100 1 100 0 100.000000 2
1 568 569 10000000 188 329 2 11 4 2 135 0 234 1 9837.000000 5 189 201 11 11 11 3 291 1 291 2 291.000000 3
1 568 570 10000000 188 329 1 9 2 1 99 0 99 0 99.000000 6 189 201 9 9 9 2 228 1 228 2 228.000000 3
0 571 571 10000000 188 329 1 16 3 3 16 0 16 0 16.000000 11 190 204 1 2 2 3 18 1 18 0 18.000000 3
1 571 572 10000000 188 329 2 13 4 1 43 2 70 0 745.000000 5 190 204 13 11 13 1 124 1 124 1 124.000000 3
1 571 573 10000000 188 329 3 16 6 0 151 1 250 1 9853.000000 6 190 204 16 16 16 2 365 1 365 1 365.000000 5
0 574 574 10000000 188 329 1 1 1 1 159 0 159 0 159.000000 7 192 208 1 1 1 1 163 1 163 1 163.000000 1
1 574 575 10000000 188 329 2 7 3 1 124 1 221 1 9436.000000 6 192 208 7 7 7 1 167 1 167 1 167.000000 3
1 574 576 10000000 188 329 5 22 10 1 337 1 523 1 26161.000000 7 192 208 22 20 22 2 637 1 637 2 637.000000 5
0 577 577 10000000 188 329 1 4 2 0 27 1 27 0 27.000000 6 195 216 1 1 1 1 34 1 34 0 34.000000 1
1 577 578 10000000 188 329 2 10 4 1 186 1 345 0 25308.000000 6 195 216 10 10 10 1 304 0 304 1 304.000000 3
1 577 579 10000000 188 329 1 6 2 2 159 1 159 0 159.000000 7 195 216 6 6 6 2 237 1 237 2 237.000000 5
0 580 580 10000000 188 329 1 2 2 1 93 0 93 0 93.000000 5 195 216 1 1 1 1 100 1 100 0 100.000000 1
1 580 581 10000000 188 329 2 26 4 0 240 1 387 1 21702.000000 7 195 216 26 24 26 2 823 1 823 1 823.000000 7
1 580 582 10000000 188 329 1 11 2 1 93 0 93 0 93.000000 5 195 216 11 11 11 1 314 1 314 1 314.000000 4
0 583 583 10000000 188 329 1 1 1 2 177 0 177 1 177.000000 5 196 229 1 1 1 1 185 1 185 0 185.000000 1
1 583 584 10000000 188 329 2 10 4 1 239 0 359 1 14519.000000 6 196 229 10 7 10 1 413 1 413 1 413.000000 3
1 583 585 10000000 188 329 3 29 6 1 360 1 480 1 14640.000000 6 196 229 29 25 29 2 1001 1 1001 1 1001.000000 7
0 586 586 10000000 188 329 1 1 1 1 149 1 149 1 149.000000 7 198 245 1 1 1 1 159 1 159 1 159.000000 1
1 586 587 10000000 188 329 2 16 3 2 178 1 325 1 21640.000000 6 198 245 16 16 16 4 595 1 595 1 595.000000 5
1 586 588 10000000 188 329 5 30 9 2 628 1 870 1 31236.000000 7 198 245 30 28 30 4 1397 2 1397 3 1397.000000 8
0 589 589 10000000 188 329 1 2 2 2 71 0 71 1 71.000000 6 201 261 1 1 1 1 84 0 84 1 84.000000 2
1 589 590 10000000 188 329 2 13 3 1 346 1 529 1 33652.000000 5 201 261 13 13 13 2 743 1 743 1 743.000000 4
1 589 591 10000000 188 329 10 39 17 3 1128 1 1728 1 85148.000000 9 201 261 39 37 39 3 2273 2 2273 2 2273.000000 10
0 592 592 10000000 188 329 1 1 1 0 137 1 137 1 137.000000 5 189 261 1 1 1 0 138 1 138 0 138.000000 1
1 592 593 10000000 188 329 2 11 3 1 314 1 479 1 27374.000000 5 189 261 11 38 65 1 519 0 519 1 519.000000 4
1 592 594 10000000 188 329 8 37 14 1 901 1 1236 1 43497.000000 8 189 261 37 50 122 3 1576 2 1576 2 1576.000000 9
0 595 595 10000000 188 336 1 1 1 4 165 0 165 0 165.000000 6 188 188 1 1 1 0 165 0 165 1 165.000000 1
1 595 596 10000000 188 336 2 11 3 6 280 1 280 1 280.000000 12 188 188 11 11 11 4 406 1 406 2 406.000000 4
1 595 597 10000000 188 336 10 52 18 2 1220 1 1829 1 81658.000000 9 188 188 52 50 52 4 2541 2 2541 3 2541.000000 13
0 598 598 10000000 188 336 1 1 1 0 115 1 115 1 115.000000 5 188 189 1 1 1 1 115 1 115 0 115.000000 2
1 598 599 10000000 188 336 2 18 4 1 186 0 186 1 186.000000 6 188 189 18 16 18 1 367 1 367 1 367.000000 5
1 598 600 10000000 188 336 11 53 19 2 1335 2 2059 1 94883.000000 8 188 189 53 51 53 3 2656 2 2656 2 2656.000000 12
0 601 601 10000000 188 336 1 15 3 0 21 0 21 1 21.000000 5 190 192 1 1 1 0 23 1 23 1 23.000000 1
1 601 602 10000000 188 336 2 15 4 1 104 1 104 1 104.000000 6 190 192 15 12 15 3 320 1 320 1 320.000000 5
1 601 603 10000000 188 336 12 53 21 2 1356 1 2101 2 95324.000000 8 190 192 53 51 53 4 2762 1 2762 3 2762.000000 13
0 604 604 10000000 188 336 1 2 2 0 83 0 83 1 83.000000 6 190 193 1 1 1 0 85 1 85 1 85.000000 2
1 604 605 10000000 188 336 2 16 4 0 99 0 99 1 99.000000 5 190 193 16 14 16 1 273 1 273 2 273.000000 5
1 604 606 10000000 188 336 13 53 23 2 1439 1 2267 2 102213.000000 9 190 193 53 51 53 3 2762 2 2762 3 2762.000000 13
0 607 607 10000000 188 336 1 2 2 1 68 0 68 1 68.000000 5 194 214 1 1 1 1 74 0 74 0 74.000000 1
1 607 608 10000000 188 336 2 19 4 2 199 1 199 0 199.000000 6 194 214 19 16 19 3 605 1 605 1 605.000000 5
1 607 609 10000000 188 336 14 56 25 3 1507 1 2403 1 106837.000000 10 194 214 56 54 56 3 3119 2 3119 3 3119.000000 15
0 610 610 10000000 188 336 1 1 1 0 188 1 188 1 188.000000 5 199 235 1 1 1 0 199 0 199 1 199.000000 1
1 610 611 10000000 188 336 2 11 3 0 168 0 168 1 168.000000 6 199 235 11 11 11 1 420 1 420 1 420.000000 3
1 610 612 10000000 188 336 17 60 31 8 1672 2 2445 2 74724.000000 21 199 235 60 58 60 6 3668 2 3668 7 3668.000000 14
0 613 613 10000000 188 336 1 1 1 1 126 0 126 1 126.000000 5 194 246 1 1 1 1 132 0 132 1 132.000000 1
1 613 614 10000000 188 336 2 8 3 0 114 1 114 0 114.000000 7 194 246 8 8 8 1 184 2 184 0 184.000000 3
1 613 615 10000000 188 336 30 75 52 2 2968 2 5109 2 272008.000000 13 194 246 75 73 75 5 4885 2 4885 3 4885.000000 18
0 616 616 10000000 188 340 1 2 2 1 90 1 90 1 90.000000 5 188 188 1 1 1 0 90 0 90 1 90.000000 2
1 616 617 10000000 188 340 2 10 4 1 220 1 220 1 220.000000 13 188 188 10 10 10 1 416 1 416 1 416.000000 3
1 616 618 10000000 188 340 29 65 49 2 2878 1 4956 2 254958.000000 13 188 188 65 65 65 4 4036 2 4036 3 4036.000000 15
0 619 619 10000000 188 340 1 5 2 1 33 0 33 0 33.000000 5 189 201 1 1 1 0 34 1 34 1 34.000000 1
1 619 620 10000000 188 340 2 19 4 2 213 0 213 1 213.000000 7 189 201 19 16 19 4 559 1 559 4 559.000000 5
1 619 621 10000000 188 340 23 52 39 1 2218 1 3865 2 207914.000000 12 189 201 52 50 52 6 3164 2 3164 2 3164.000000 12
0 622 622 10000000 188 340 1 3 2 1 59 0 59 0 59.000000 5 191 219 1 1 1 1 62 0 62 1 62.000000 2
1 622 623 10000000 188 340 2 15 4 0 112 0 112 0 112.000000 6 191 219 15 13 15 3 342 1 342 1 342.000000 5
1 622 624 10000000 188 340 25 59 43 4 2323 2 4112 2 218247.000000 13 191 219 59 58 59 5 3552 2 3552 6 3552.000000 14
0 625 625 10000000 188 340 1 1 1 1 177 1 177 1 177.000000 6 194 234 1 1 1 0 183 1 183 0 183.000000 1
1 625 626 10000000 188 340 2 8 3 1 105 1 105 1 105.000000 6 194 234 8 8 8 1 220 1 220 1 220.000000 3
1 625 627 10000000 188 340 12 41 23 1 1076 1 1712 1 76756.000000 8 194 234 41 40 41 3 2188 1 2188 2 2188.000000 10
0 628 628 10000000 188 340 1 1 1 1 188 1 188 1 188.000000 17 196 242 1 1 1 1 196 1 196 0 196.000000 2
1 628 629 10000000 188 340 2 16 4 1 169 1 169 0 169.000000 6 196 242 16 14 16 2 496 1 496 2 496.000000 5
1 628 630 10000000 188 340 18 49 33 1 1622 1 2593 1 111046.000000 12 196 242 49 48 49 2 2937 1 2937 2 2937.000000 11
0 631 631 10000000 188 340 1 1 1 3 154 1 154 1 154.000000 10 197 260 1 1 1 4 163 1 163 0 163.000000 2
1 631 632 10000000 188 340 2 16 4 1 137 0 137 1 137.000000 6 197 260 16 14 16 1 517 1 517 1 517.000000 4
1 631 633 10000000 188 340 15 41 27 1 1363 1 2344 2 118405.000000 16 197 260 41 39 41 5 2497 2 2497 2 2497.000000 10
0 634 634 10000000 188 340 1 5 2 1 38 0 38 1 38.000000 6 198 283 1 1 1 1 48 1 48 1 48.000000 1
1 634 635 10000000 188 340 2 6 3 1 112 1 112 1 112.000000 4 198 283 6 6 6 2 182 1 182 1 182.000000 2
1 634 636 10000000 188 340 1 1 1 1 38 0 38 1 38.000000 4 198 283 1 1 1 1 48 0 48 1 48.000000 1
0 637 637 10000000 188 340 1 3 3 1 74 1 74 0 74.000000 4 198 284 1 1 1 1 84 1 84 0 84.000000 2
1 637 638 10000000 188 340 2 9 3 1 83 1 83 1 83.000000 7 198 284 9 9 9 2 273 1 273 1 273.000000 3
1 637 639 10000000 188 340 2 6 3 1 112 1 112 1 112.000000 5 198 284 6 6 6 1 182 1 182 1 182.000000 2
0 640 640 10000000 188 340 1 5 2 1 38 0 38 0 38.000000 5 200 287 1 1 1 1 50 1 50 0 50.000000 1
1 640 641 10000000 188 340 2 6 3 1 112 1 112 1 112.000000 7 200 287 6 6 6 1 194 1 194 1 194.000000 2
1 640 642 10000000 188 340 1 5 2 1 74 1 74 0 74.000000 12 200 287 5 5 5 5 144 1 144 1 144.000000 3
0 643 643 10000000 188 340 5 122 18 2 46 1 46 1 46.000000 9 188 275 1 5 5 0 28 1 28 1 28.000000 1
1 643 644 10000000 188 340 2 9 4 1 125 1 125 0 125.000000 6 188 275 9 37 80 1 212 1 212 1 212.000000 4
1 643 645 10000000 188 340 1 6 2 1 122 1 122 1 122.000000 7 188 275 6 37 51 3 206 1 206 2 206.000000 3
0 646 646 10000000 188 343 1 1 1 1 146 1 146 1 146.000000 7 188 188 1 1 1 0 146 0 146 1 146.000000 1
1 646 647 10000000 188 343 2 16 4 1 61 0 61 0 61.000000 6 188 188 16 10 16 1 150 1 150 2 150.000000 4
1 646 648 10000000 188 343 4 17 7 1 399 1 405 1 429.000000 6 188 188 17 14 17 2 516 1 516 1 516.000000 5
0 649 649 10000000 188 343 1 2 2 2 76 1 76 0 76.000000 9 189 205 1 1 1 1 77 1 77 0 77.000000 1
1 649 650 10000000 188 343 2 10 3 3 239 1 239 1 239.000000 8 189 205 10 10 10 3 335 0 335 1 335.000000 3
1 649 651 10000000 188 343 1 9 2 3 76 0 76 0 76.000000 8 189 205 9 9 9 2 171 1 171 1 171.000000 3
0 652 652 10000000 188 343 1 3 2 2 69 0 69 1 69.000000 7 190 215 1 1 1 1 71 0 71 1 71.000000 2
1 652 653 10000000 188 343 2 8 4 1 239 1 239 1 239.000000 6 190 215 8 8 8 1 402 0 402 0 402.000000 3
1 652 654 10000000 188 343 1 6 2 0 69 1 69 1 69.000000 6 190 215 6 6 6 1 129 1 129 0 129.000000 3
0 655 655 10000000 188 343 1 1 1 0 170 0 170 1 170.000000 5 191 217 1 1 1 1 173 1 173 0 173.000000 2
1 655 656 10000000 188 343 2 26 4 1 200 1 200 1 200.000000 6 191 217 26 24 26 2 670 2 670 3 670.000000 7
1 655 657 10000000 188 343 3 28 6 0 378 1 378 1 378.000000 5 191 217 28 26 28 1 953 2 953 1 953.000000 7
0 658 658 10000000 188 343 1 3 2 0 61 1 61 0 61.000000 6 193 221 1 1 1 0 66 1 66 1 66.000000 1
1 658 659 10000000 188 343 2 10 4 1 84 1 84 1 84.000000 5 193 221 10 6 10 2 198 1 198 1 198.000000 3
1 658 660 10000000 188 343 5 42 10 2 557 2 696 1 19739.000000 6 193 221 42 31 42 4 1482 1 1482 2 1482.000000 10
0 661 661 10000000 188 343 1 3 2 2 69 0 69 0 69.000000 8 196 233 1 1 1 1 77 1 77 1 77.000000 1
1 661 662 10000000 188 343 2 29 4 1 300 1 300 1 300.000000 7 196 233 29 27 29 4 1157 1 1157 2 1157.000000 7
1 661 663 10000000 188 343 4 40 8 4 488 1 549 2 4148.000000 8 196 233 40 30 40 5 1506 5 1506 2 1506.000000 11
0 664 664 10000000 188 343 1 5 2 1 32 0 32 1 32.000000 5 196 239 1 1 1 0 40 0 40 1 40.000000 2
1 664 665 10000000 188 343 2 14 3 1 46 0 46 0 46.000000 5 196 239 14 14 14 2 236 1 236 1 236.000000 4
1 664 666 10000000 188 343 1 1 1 1 32 1 32 1 32.000000 6 196 239 1 1 1 0 40 1 40 1 40.000000 1
0 667 667 10000000 188 343 1 15 2 1 14 0 14 0 14.000000 4 197 241 1 2 2 0 23 0 23 1 23.000000 1
1 667 668 10000000 188 343 2 7 3 2 170 1 170 1 170.000000 7 197 241 7 7 7 6 383 1 383 1 383.000000 2
1 667 669 10000000 188 343 3 16 5 0 204 1 204 1 204.000000 9 197 241 16 16 16 6 520 1 520 2 520.000000 5
0 670 670 10000000 188 343 1 6 3 2 39 0 39 1 39.000000 6 199 245 1 1 1 0 50 0 50 1 50.000000 2
1 670 671 10000000 188 343 2 9 4 1 95 0 95 1 95.000000 8 199 245 9 9 9 1 241 1 241 1 241.000000 3
1 670 672 10000000 188 343 5 30 9 1 381 1 539 1 25187.000000 6 199 245 30 21 30 3 1080 1 1080 2 1080.000000 8
0 673 673 10000000 188 343 1 4 3 0 57 0 57 1 57.000000 6 191 244 1 1 1 0 60 1 60 0 60.000000 1
1 673 674 10000000 188 343 2 4 4 0 81 0 81 1 81.000000 6 191 244 4 4 4 1 151 1 151 1 151.000000 2
1 673 675 10000000 188 343 1 2 2 1 57 0 57 1 57.000000 6 191 244 2 2 2 1 103 1 103 1 103.000000 1
0 676 676 10000000 188 351 1 4 2 1 51 1 51 0 51.000000 5 188 188 1 1 1 0 51 0 51 1 51.000000 2
1 676 677 10000000 188 351 2 11 4 1 227 0 227 1 227.000000 6 188 188 11 11 11 2 413 1 413 1 413.000000 3
1 676 678 10000000 188 351 1 2 2 1 169 0 169 1 169.000000 5 188 188 2 2 2 1 271 0 271 0 271.000000 2
0 679 679 10000000 188 351 1 5 3 1 45 1 45 1 45.000000 6 189 199 1 1 1 2 46 0 46 1 46.000000 2
1 679 680 10000000 188 351 2 16 4 2 187 0 187 1 187.000000 4 189 199 16 14 16 1 360 2 360 1 360.000000 5
1 679 681 10000000 188 351 9 36 16 3 817 2 1037 1 17631.000000 16 189 199 36 31 36 5 1622 1 1622 5 1622.000000 9
0 682 682 10000000 188 351 1 1 1 1 144 0 144 1 144.000000 6 190 208 1 1 1 1 146 1 146 1 146.000000 2
1 682 683 10000000 188 351 2 5 3 1 185 1 185 1 185.000000 7 190 208 5 5 5 2 383 0 383 1 383.000000 2
1 682 684 10000000 188 351 5 36 9 1 536 2 613 1 6388.000000 5 190 208 36 29 36 2 1209 2 1209 2 1209.000000 9
0 685 685 10000000 188 351 1 3 2 3 55 1 55 3 55.000000 25 191 221 1 1 1 2 58 1 58 1 58.000000 2
1 685 686 10000000 188 351 2 12 4 0 136 0 136 0 136.000000 7 191 221 12 12 12 1 432 1 432 1 432.000000 3
1 685 687 10000000 188 351 5 18 9 0 454 1 583 1 16966.000000 8 191 221 18 17 18 2 782 1 782 2 782.000000 5
0 688 688 10000000 188 351 1 7 2 1 44 1 44 0 44.000000 6 192 230 1 1 1 0 48 1 48 0 48.000000 1
1 688 689 10000000 188 351 2 18 4 1 280 1 280 1 280.000000 6 192 230 18 18 18 1 772 2 772 1 772.000000 5
1 688 690 10000000 188 351 6 40 11 1 673 2 750 0 6525.000000 6 192 230 40 33 40 2 1622 2 1622 2 1622.000000 10
0 691 691 10000000 188 351 1 1 1 1 180 0 180 1 180.000000 5 194 237 1 1 1 1 186 1 186 0 186.000000 2
1 691 692 10000000 188 351 2 21 4 0 186 1 186 1 186.000000 5 194 237 21 19 21 1 541 2 541 1 541.000000 6
1 691 693 10000000 188 351 2 7 3 1 307 1 307 1 307.000000 8 194 237 7 7 7 1 470 1 470 0 470.000000 2
0 694 694 10000000 188 351 1 3 2 1 52 0 52 1 52.000000 4 195 250 1 1 1 1 59 0 59 0 59.000000 2
1 694 695 10000000 188 351 2 17 4 0 177 1 177 1 177.000000 5 195 250 17 15 17 2 472 2 472 1 472.000000 5
1 694 696 10000000 188 351 4 27 7 4 432 1 452 3 812.000000 17 195 250 27 25 27 9 980 2 980 7 980.000000 7
0 697 697 10000000 188 351 1 13 2 1 11 0 11 2 11.000000 6 197 261 1 1 1 1 20 0 20 0 20.000000 1
1 697 698 10000000 188 351 2 6 3 1 257 1 257 1 257.000000 6 197 261 6 6 6 2 321 0 321 2 321.000000 4
1 697 699 10000000 188 351 5 27 9 1 443 1 609 1 27833.000000 7 197 261 27 25 27 2 1034 2 1034 2 1034.000000 7
0 700 700 10000000 188 351 1 1 1 3 116 2 116 0 116.000000 9 200 272 1 1 1 2 128 0 128 1 128.000000 2
1 700 701 10000000 188 351 2 11 4 3 247 1 247 1 247.000000 11 200 272 11 11 11 6 680 0 680 2 680.000000 3
1 700 702 10000000 188 351 6 32 11 1 559 2 675 1 13899.000000 7 200 272 32 26 32 3 1301 1 1301 2 1301.000000 8
0 703 703 10000000 188 351 2 75 6 4 37 0 37 1 37.000000 13 192 277 1 2 2 2 37 1 37 0 37.000000 1
1 703 704 10000000 188 351 2 21 4 1 177 1 177 1 177.000000 6 192 277 21 41 64 3 536 1 536 2 536.000000 6
1 703 705 10000000 188 351 2 14 4 1 105 1 105 1 105.000000 5 192 277 14 40 57 1 288 1 288 1 288.000000 4
0 706 706 10000000 188 356 1 1 1 1 131 0 131 1 131.000000 5 188 188 1 1 1 1 131 0 131 0 131.000000 2
1 706 707 10000000 188 356 2 29 4 0 108 0 108 0 108.000000 7 188 188 29 26 29 2 467 1 467 2 467.000000 7
1 706 708 10000000 188 356 4 26 8 1 379 1 510 1 17409.000000 6 188 188 26 26 26 3 876 1 876 2 876.000000 6
0 709 709 10000000 188 356 1 1 1 1 170 1 170 1 170.000000 11 189 198 1 1 1 1 171 0 171 2 171.000000 1
1 709 710 10000000 188 356 2 10 4 2 286 1 286 1 286.000000 8 189 198 10 10 10 2 438 1 438 2 438.000000 3
1 709 711 10000000 188 356 2 17 4 0 179 0 179 0 179.000000 6 189 198 17 11 17 1 371 1 371 1 371.000000 5
0 712 712 10000000 188 356 1 27 3 1 19 1 19 0 19.000000 7 190 204 1 1 1 1 21 0 21 0 21.000000 1
1 712 713 10000000 188 356 2 9 4 1 221 1 221 1 221.000000 6 190 204 9 8 9 1 418 1 418 1 418.000000 3
1 712 714 10000000 188 356 2 11 4 1 156 1 156 1 156.000000 7 190 204 11 10 11 1 399 1 399 1 399.000000 3
0 715 715 10000000 188 356 1 10 5 1 32 1 32 0 32.000000 6 191 217 1 1 1 1 35 1 35 1 35.000000 2
1 715 716 10000000 188 356 2 11 4 0 46 0 46 1 46.000000 6 191 217 11 9 11 1 150 1 150 1 150.000000 4
1 715 717 10000000 188 356 2 16 4 1 172 1 172 1 172.000000 6 191 217 16 14 16 1 564 1 564 1 564.000000 5
0 718 718 10000000 188 356 1 6 2 0 37 1 37 1 37.000000 6 191 217 1 1 1 0 40 1 40 0 40.000000 1
1 718 719 10000000 188 356 2 16 4 2 265 2 265 1 265.000000 7 191 217 16 14 16 4 579 1 579 1 579.000000 4
1 718 720 10000000 188 356 2 14 4 0 126 1 126 0 126.000000 9 191 217 14 12 14 2 346 1 346 1 346.000000 4
0 721 721 10000000 188 356 1 20 4 0 33 1 33 0 33.000000 5 192 226 1 3 3 0 37 1 37 0 37.000000 1
1 721 722 10000000 188 356 2 11 4 0 146 0 146 1 146.000000 6 192 226 11 9 11 1 416 1 416 1 416.000000 3
1 721 723 10000000 188 356 2 11 4 1 274 0 274 0 274.000000 6 192 226 11 11 11 1 600 1 600 1 600.000000 3
0 724 724 10000000 188 356 1 5 2 1 38 1 38 1 38.000000 4 194 234 1 1 1 0 44 1 44 0 44.000000 2
1 724 725 10000000 188 356 2 18 4 3 175 1 175 1 175.000000 12 194 234 18 16 18 6 495 5 495 5 495.000000 8
1 724 726 10000000 188 356 8 43 14 1 743 2 824 1 3055.000000 15 194 234 43 37 43 3 1713 2 1713 6 1713.000000 11
0 727 727 10000000 188 356 1 2 2 1 92 0 92 1 92.000000 8 195 256 1 1 1 0 99 0 99 1 99.000000 2
1 727 728 10000000 188 356 2 16 4 1 156 1 156 1 156.000000 7 195 256 16 13 16 2 608 1 608 1 608.000000 5
1 727 729 10000000 188 356 3 29 6 0 258 1 258 1 258.000000 7 195 256 29 21 29 2 918 2 918 1 918.000000 7
0 730 730 10000000 188 356 1 1 1 1 117 0 117 1 117.000000 5 197 265 1 1 1 0 126 0 126 1 126.000000 1
1 730 731 10000000 188 356 2 8 3 2 208 1 208 1 208.000000 12 197 265 8 8 8 6 457 1 457 1 457.000000 3
1 730 732 10000000 188 356 2 16 4 1 258 1 258 1 258.000000 7 197 265 16 13 16 1 885 1 885 1 885.000000 4
0 733 733 10000000 188 356 1 1 1 1 176 1 176 1 176.000000 5 198 276 1 1 1 0 186 1 186 0 186.000000 1
1 733 734 10000000 188 356 2 7 3 1 362 1 362 1 362.000000 7 198 276 7 7 7 1 539 1 539 1 539.000000 3
1 733 735 10000000 188 356 3 17 6 1 302 1 302 1 302.000000 8 198 276 17 14 17 3 738 1 738 2 738.000000 5
0 736 736 10000000 188 356 1 1 1 0 186 1 186 1 186.000000 6 198 277 1 1 1 1 196 1 392 0 38416.000000 2
1 736 737 10000000 188 356 2 15 4 1 80 1 80 1 80.000000 6 198 277 15 13 15 2 381 1 411 1 1251.000000 5
1 736 738 10000000 188 356 4 18 7 1 488 1 525 2 1820.000000 8 198 277 18 15 18 6 934 1 990 2 4014.000000 5
0 739 739 10000000 188 356 1 1 1 1 112 1 112 0 112.000000 6 201 290 1 1 1 2 125 1 125 0 125.000000 2
1 739 740 10000000 188 356 2 15 4 1 96 0 96 1 96.000000 5 201 290 15 9 15 2 342 1 342 1 342.000000 4
1 739 741 10000000 188 356 4 16 7 8 342 6 494 4 23294.000000 15 201 290 16 14 16 8 866 2 866 5 866.000000 5
0 742 742 10000000 188 356 1 2 2 2 105 1 105 1 105.000000 8 189 281 1 1 1 1 106 1 106 3 106.000000 2
1 742 743 10000000 188 356 2 28 4 2 271 0 271 1 271.000000 8 189 281 28 59 169 5 695 1 695 3 695.000000 7
1 742 744 10000000 188 356 5 41 10 0 454 1 570 0 13794.000000 7 189 281 41 68 196 2 1318 1 1318 2 1318.000000 10
0 745 745 10000000 188 359 1 1 1 1 155 1 155 1 155.000000 8 188 188 1 1 1 0 155 1 155 0 155.000000 1
1 745 746 10000000 188 359 2 11 4 1 252 0 504 0 34064.000000 6 188 188 11 11 11 3 541 1 541 1 541.000000 4
1 745 747 10000000 188 359 13 58 25 2 1323 1 2419 1 154691.000000 9 188 188 58 50 58 3 2458 2 2458 3 2458.000000 14
0 748 748 10000000 188 359 1 2 2 1 98 0 98 1 98.000000 5 189 199 1 1 1 1 99 0 99 0 99.000000 2
1 748 749 10000000 188 359 2 13 4 1 38 1 76 0 850.000000 7 189 199 13 13 13 1 125 1 125 1 125.000000 4
1 748 750 10000000 188 359 6 40 12 1 609 1 886 1 34069.000000 7 189 199 40 32 40 2 1343 2 1343 2 1343.000000 10
0 751 751 10000000 188 359 1 1 1 1 152 1 152 0 152.000000 6 191 210 1 1 1 1 155 0 155 1 155.000000 1
1 751 752 10000000 188 359 2 9 3 1 231 1 462 1 28793.000000 7 191 210 9 9 9 2 332 1 332 2 332.000000 3
1 751 753 10000000 188 359 7 38 14 2 732 1 1163 1 49952.000000 14 191 210 38 33 38 2 1711 1 1711 2 1711.000000 10
0 754 754 10000000 188 359 1 1 1 2 148 1 148 1 148.000000 11 192 231 1 1 1 1 152 0 152 0 152.000000 1
1 754 755 10000000 188 359 2 10 4 1 204 0 408 0 21776.000000 6 192 231 10 8 10 2 397 1 397 1 397.000000 4
1 754 756 10000000 188 359 8 39 15 1 880 1 1459 1 71856.000000 10 192 231 39 34 39 2 1901 2 1901 2 1901.000000 10
