0 0 0 10000000 27 17 14 31 247 17
1 0 1 10000000 34 113 18 31 58 13
1 0 2 10000000 29 88 16 28 18 14
1 0 3 10000000 31 168 27 28 30 39
0 4 4 10000000 31 18 14 44 109 18
1 4 5 10000000 34 105 20 30 55 14
1 4 6 10000000 33 79 16 29 16 12
1 4 7 10000000 36 117 23 30 67 18
0 8 8 10000000 29 19 13 38 114 17
1 8 9 10000000 36 121 20 35 56 16
1 8 10 10000000 39 89 20 31 18 13
1 8 11 10000000 37 114 25 31 73 21
0 12 12 10000000 33 16 13 40 94 15
1 12 13 10000000 34 97 19 33 60 13
1 12 14 10000000 33 80 21 30 18 12
1 12 15 10000000 32 97 25 31 69 23
0 16 16 10000000 29 16 12 36 103 16
1 16 17 10000000 32 92 21 32 62 12
1 16 18 10000000 35 75 15 31 17 12
1 16 19 10000000 36 101 23 34 70 19
0 20 20 10000000 33 20 14 45 351 17
1 20 21 10000000 33 122 20 32 62 14
1 20 22 10000000 34 82 16 31 18 13
1 20 23 10000000 69 113 24 36 73 22
0 24 24 10000000 30 17 13 36 97 16
1 24 25 10000000 34 98 18 35 57 14
1 24 26 10000000 34 75 16 30 16 12
1 24 27 10000000 34 105 22 35 69 20
0 28 28 10000000 30 16 14 38 90 16
1 28 29 10000000 35 101 23 34 67 13
1 28 30 10000000 40 98 17 35 19 462
1 28 31 10000000 38 107 18 34 66 18
0 32 32 10000000 32 17 13 40 100 17
1 32 33 10000000 35 108 19 34 59 12
1 32 34 10000000 33 83 17 32 17 13
1 32 35 10000000 34 94 18 35 60 16
0 36 36 10000000 29 18 12 40 100 16
1 36 37 10000000 34 106 17 36 60 13
1 36 38 10000000 33 85 16 34 17 13
1 36 39 10000000 34 103 17 37 64 15
0 40 40 10000000 29 16 13 39 97 16
1 40 41 10000000 36 105 20 43 63 13
1 40 42 10000000 34 82 18 33 16 12
1 40 43 10000000 34 112 20 40 66 14
0 44 44 10000000 29 17 12 40 93 18
1 44 45 10000000 32 94 18 36 60 12
1 44 46 10000000 36 84 17 34 18 13
1 44 47 10000000 34 91 18 33 61 14
0 48 48 10000000 29 19 13 41 97 17
1 48 49 10000000 34 102 18 34 55 13
1 48 50 10000000 34 91 19 38 18 13
1 48 51 10000000 35 117 20 37 59 13
0 52 52 10000000 29 16 13 40 96 16
1 52 53 10000000 32 87 20 33 59 14
1 52 54 10000000 32 82 16 34 16 12
1 52 55 10000000 36 101 19 35 60 14
0 56 56 10000000 29 17 15 39 96 18
1 56 57 10000000 33 93 20 34 56 13
1 56 58 10000000 34 81 16 38 17 14
1 56 59 10000000 36 106 18 36 64 14
0 60 60 10000000 29 17 12 41 99 16
1 60 61 10000000 33 102 18 37 57 12
1 60 62 10000000 36 81 17 36 19 12
1 60 63 10000000 36 102 19 37 61 13
0 64 64 10000000 30 17 13 47 110 17
1 64 65 10000000 38 103 20 40 62 13
1 64 66 10000000 35 86 16 36 16 12
1 64 67 10000000 34 169 19 37 60 13
0 68 68 10000000 30 17 13 47 107 17
1 68 69 10000000 36 102 19 38 56 13
1 68 70 10000000 33 99 16 40 17 15
1 68 71 10000000 33 102 17 38 61 21
0 72 72 10000000 30 16 13 38 84 17
1 72 73 10000000 34 100 18 40 55 13
1 72 74 10000000 32 74 15 35 17 12
1 72 75 10000000 35 102 18 39 60 13
0 76 76 10000000 30 16 13 39 99 19
1 76 77 10000000 35 104 18 40 58 13
1 76 78 10000000 32 76 16 36 17 13
1 76 79 10000000 34 103 18 39 58 13
0 80 80 10000000 30 22 12 39 106 17
1 80 81 10000000 33 91 20 38 57 13
1 80 82 10000000 32 80 16 36 18 12
1 80 83 10000000 33 91 21 38 55 13
0 84 84 10000000 30 20 15 41 107 30
1 84 85 10000000 35 107 18 38 58 12
1 84 86 10000000 36 96 64 38 26 14
1 84 87 10000000 33 102 18 37 60 21
0 88 88 10000000 30 17 13 50 92 16
1 88 89 10000000 33 98 18 40 56 13
1 88 90 10000000 33 97 17 40 18 12
0 91 91 10000000 30 18 14 43 106 16
1 91 92 10000000 33 104 20 36 59 13
1 91 93 10000000 38 84 16 33 17 12
1 91 94 10000000 36 102 20 39 62 14
0 95 95 10000000 36 19 13 34 98 18
1 95 96 10000000 43 99 18 29 56 13
1 95 97 10000000 42 83 16 28 19 13
1 95 98 10000000 40 86 18 31 56 14
0 99 99 10000000 34 19 13 34 95 19
1 99 100 10000000 38 115 29 31 71 19
1 99 101 10000000 40 101 26 30 22 17
1 99 102 10000000 44 123 31 32 77 20
0 103 103 10000000 35 19 13 34 95 17
1 103 104 10000000 45 110 19 30 60 15
1 103 105 10000000 39 83 16 29 17 12
0 106 106 10000000 35 17 13 38 104 16
1 106 107 10000000 42 106 21 32 105 14
1 106 108 10000000 39 81 15 29 18 13
0 109 109 10000000 36 20 13 43 103 18
1 109 110 10000000 40 107 20 32 51 12
1 109 111 10000000 39 89 19 30 18 12
0 112 112 10000000 36 18 13 37 107 18
1 112 113 10000000 38 97 18 33 58 18
1 112 114 10000000 39 90 16 29 18 12
0 115 115 10000000 36 18 12 35 89 16
1 115 116 10000000 41 92 18 32 56 14
1 115 117 10000000 38 91 16 31 21 12
0 118 118 10000000 35 18 15 41 111 18
1 118 119 10000000 38 101 18 34 60 13
1 118 120 10000000 38 78 16 31 18 13
0 121 121 10000000 36 18 13 40 103 17
1 121 122 10000000 39 102 19 41 58 12
1 121 123 10000000 41 91 17 35 20 15
0 124 124 10000000 35 17 12 40 99 15
1 124 125 10000000 38 98 18 36 56 17
1 124 126 10000000 39 108 18 37 55 13
0 127 127 10000000 41 19 13 37 283 21
1 127 128 10000000 39 109 28 35 66 17
1 127 129 10000000 39 112 43 35 70 21
0 130 130 10000000 36 19 14 48 97 19
1 130 131 10000000 46 111 23 33 60 13
1 130 132 10000000 38 154 39 35 31 21
0 133 133 10000000 35 19 13 33 102 19
1 133 134 10000000 45 111 33 29 71 16
1 133 135 10000000 40 165 64 28 33 30
0 136 136 10000000 34 17 13 32 92 16
1 136 137 10000000 45 115 19 29 93 55
1 136 138 10000000 40 172 58 30 52 31
0 139 139 10000000 42 41 55 35 99 18
1 139 140 10000000 41 98 19 30 59 13
1 139 141 10000000 41 172 46 29 50 33
0 142 142 10000000 38 18 13 39 103 15
1 142 143 10000000 41 115 41 36 79 25
1 142 144 10000000 42 198 54 34 56 54
0 145 145 10000000 40 18 13 43 100 19
1 145 146 10000000 41 101 19 35 55 12
1 145 147 10000000 46 200 74 37 61 52
0 148 148 10000000 40 19 12 44 104 15
1 148 149 10000000 43 111 26 39 72 36
1 148 150 10000000 42 198 60 37 72 62
0 151 151 10000000 39 25 15 45 133 22
1 151 152 10000000 42 102 27 40 62 15
1 151 153 10000000 41 194 60 38 63 61
0 154 154 10000000 36 25 29 43 96 19
1 154 155 10000000 42 103 18 37 54 13
1 154 156 10000000 43 208 78 38 62 56
0 157 157 10000000 38 18 13 31 90 17
1 157 158 10000000 44 113 36 30 62 17
1 157 159 10000000 45 181 62 29 55 37
0 160 160 10000000 45 19 13 34 99 17
1 160 161 10000000 43 100 21 30 58 13
1 160 162 10000000 44 188 63 29 77 82
0 163 163 10000000 41 17 13 35 108 17
1 163 164 10000000 41 113 19 33 56 13
1 163 165 10000000 44 195 53 33 58 56
0 166 166 10000000 41 17 13 37 90 16
1 166 167 10000000 43 107 19 33 61 12
1 166 168 10000000 42 209 51 38 61 52
0 169 169 10000000 47 19 13 44 111 16
1 169 170 10000000 42 99 25 37 60 14
1 169 171 10000000 44 210 65 39 52 46
0 172 172 10000000 39 20 14 40 93 19
1 172 173 10000000 41 101 27 37 63 15
1 172 174 10000000 45 211 67 39 55 45
0 175 175 10000000 41 26 28 42 99 16
1 175 176 10000000 42 103 28 38 67 19
1 175 177 10000000 44 206 64 38 53 47
0 178 178 10000000 40 19 12 35 96 15
1 178 179 10000000 45 99 20 30 58 12
1 178 180 10000000 45 234 82 29 74 104
0 181 181 10000000 42 17 12 42 109 18
1 181 182 10000000 45 104 29 30 69 14
1 181 183 10000000 47 243 90 30 91 135
0 184 184 10000000 47 17 13 41 108 18
1 184 185 10000000 50 86 18 32 57 13
1 184 186 10000000 42 228 86 32 80 110
0 187 187 10000000 44 20 12 46 108 16
1 187 188 10000000 47 101 17 41 54 13
1 187 189 10000000 46 250 125 39 83 72
0 190 190 10000000 46 19 12 45 101 17
1 190 191 10000000 44 656 19 38 57 21
1 190 192 10000000 45 240 119 36 80 76
0 193 193 10000000 42 18 13 43 104 16
1 193 194 10000000 43 117 38 38 75 24
1 193 195 10000000 43 249 127 37 84 92
0 196 196 10000000 47 67 18 45 125 44
1 196 197 10000000 49 101 18 40 58 16
1 196 198 10000000 44 256 135 39 86 108
0 199 199 10000000 47 18 15 35 103 16
1 199 200 10000000 48 106 19 29 57 14
1 199 201 10000000 48 282 164 38 93 118
0 202 202 10000000 46 18 13 38 102 16
1 202 203 10000000 47 121 47 31 85 61
1 202 204 10000000 49 123 48 34 83 64
0 205 205 10000000 45 17 12 41 106 16
1 205 206 10000000 47 104 19 35 57 13
1 205 207 10000000 49 151 20 33 54 16
0 208 208 10000000 43 174 118 37 95 27
1 208 209 10000000 48 102 29 33 82 48
1 208 210 10000000 48 101 33 32 78 44
0 211 211 10000000 45 19 13 43 101 16
1 211 212 10000000 54 108 19 34 58 12
1 211 213 10000000 46 80 16 35 17 13
0 214 214 10000000 46 18 13 43 95 15
1 214 215 10000000 48 102 18 37 54 13
1 214 216 10000000 49 112 23 34 66 22
0 217 217 10000000 46 20 12 42 98 17
1 217 218 10000000 224 120 42 46 86 55
1 217 219 10000000 47 93 17 39 22 12
0 220 220 10000000 46 113 97 50 119 35
1 220 221 10000000 49 125 51 38 87 53
1 220 222 10000000 49 115 42 37 76 60
0 223 223 10000000 48 166 190 43 124 72
1 223 224 10000000 49 128 43 40 91 60
1 223 225 10000000 47 124 53 41 91 55
0 226 226 10000000 48 18 12 52 105 19
1 226 227 10000000 48 94 18 43 57 13
1 226 228 10000000 49 154 41 42 48 58
0 229 229 10000000 46 103 97 47 111 29
1 229 230 10000000 50 132 43 42 70 47
1 229 231 10000000 50 130 46 43 72 60
0 232 232 10000000 45 19 12 45 102 17
1 232 233 10000000 45 180 64 42 42 47
1 232 234 10000000 48 154 65 43 84 48
0 235 235 10000000 45 19 13 48 106 19
1 235 236 10000000 46 117 69 42 111 67
1 235 237 10000000 46 173 58 44 92 81
0 238 238 10000000 45 18 13 31 97 17
1 238 239 10000000 46 122 47 28 69 747
1 238 240 10000000 51 171 65 32 35 29
0 241 241 10000000 45 16 12 38 97 16
1 241 242 10000000 51 99 30 31 66 15
1 241 243 10000000 48 183 61 30 69 47
0 244 244 10000000 46 17 16 41 97 16
1 244 245 10000000 52 106 26 31 64 14
1 244 246 10000000 47 196 56 41 56 38
0 247 247 10000000 50 17 13 38 101 19
1 247 248 10000000 46 109 37 36 68 18
1 247 249 10000000 47 193 59 33 54 41
0 250 250 10000000 45 16 13 38 86 17
1 250 251 10000000 48 124 41 33 69 39
1 250 252 10000000 50 195 61 34 61 45
0 253 253 10000000 186 18 13 46 146 19
1 253 254 10000000 52 105 21 37 57 13
1 253 255 10000000 50 206 65 37 69 57
0 256 256 10000000 49 17 15 44 97 17
1 256 257 10000000 53 105 19 40 55 14
1 256 258 10000000 49 217 69 36 72 59
0 259 259 10000000 49 18 16 35 103 16
1 259 260 10000000 52 102 17 28 56 15
1 259 261 10000000 53 208 70 29 63 97
0 262 262 10000000 48 18 13 37 104 17
1 262 263 10000000 49 103 30 33 65 15
1 262 264 10000000 50 207 85 30 92 75
0 265 265 10000000 53 17 13 39 102 17
1 265 266 10000000 50 114 39 32 71 24
1 265 267 10000000 52 199 81 33 67 47
0 268 268 10000000 50 18 13 43 107 19
1 268 269 10000000 52 107 28 35 71 15
1 268 270 10000000 52 230 92 37 75 51
0 271 271 10000000 48 25 25 45 91 16
1 271 272 10000000 54 131 43 39 69 40
1 271 273 10000000 178 291 134 45 508 53
0 274 274 10000000 49 103 74 46 116 61
1 274 275 10000000 54 112 28 42 68 14
1 274 276 10000000 48 127 39 40 76 21
0 277 277 10000000 50 19 15 46 100 17
1 277 278 10000000 52 106 19 40 59 13
1 277 279 10000000 51 145 43 41 163 121
0 280 280 10000000 46 19 13 32 86 20
1 280 281 10000000 63 144 57 31 81 25
1 280 282 10000000 50 171 64 29 32 28
0 283 283 10000000 49 35 46 39 97 17
1 283 284 10000000 52 129 41 41 77 25
1 283 285 10000000 52 166 50 33 47 39
0 286 286 10000000 52 17 13 40 94 19
1 286 287 10000000 51 100 19 38 55 12
1 286 288 10000000 54 113 27 37 67 16
0 289 289 10000000 52 16 13 45 111 17
1 289 290 10000000 53 109 22 35 57 13
1 289 291 10000000 49 106 20 36 56 13
0 292 292 10000000 50 180 117 39 104 26
1 292 293 10000000 58 123 52 35 79 44
1 292 294 10000000 49 214 72 38 55 68
0 295 295 10000000 49 22 28 39 88 18
1 295 296 10000000 56 111 37 35 69 19
1 295 297 10000000 50 99 19 36 57 14
0 298 298 10000000 52 29 40 55 102 19
1 298 299 10000000 62 108 18 38 60 13
1 298 300 10000000 54 116 37 38 75 24
0 301 301 10000000 50 18 13 47 92 16
1 301 302 10000000 48 109 27 42 63 15
1 301 303 10000000 48 161 41 43 31 37
0 304 304 10000000 50 19 12 49 100 16
1 304 305 10000000 51 131 38 44 65 34
1 304 306 10000000 49 175 59 43 34 30
0 307 307 10000000 50 30 41 47 103 16
1 307 308 10000000 46 188 53 46 51 34
1 307 309 10000000 78 188 61 46 53 40
0 310 310 10000000 51 27 28 48 102 16
1 310 311 10000000 50 105 25 47 64 16
1 310 312 10000000 51 224 118 45 120 135
0 313 313 10000000 55 224 158 33 102 13
1 313 314 10000000 57 125 50 29 76 35
1 313 315 10000000 60 130 62 31 71 31
0 316 316 10000000 51 19 13 36 103 17
1 316 317 10000000 55 174 73 32 41 28
1 316 318 10000000 271 235 67 42 62 62
0 319 319 10000000 56 20 13 43 95 17
1 319 320 10000000 55 115 29 32 71 19
1 319 321 10000000 54 203 53 32 50 49
0 322 322 10000000 50 17 13 43 96 15
1 322 323 10000000 56 184 67 35 37 637
1 322 324 10000000 60 2541 59 41 75 274
0 325 325 10000000 57 37 45 52 102 16
1 325 326 10000000 55 169 50 38 40 35
1 325 327 10000000 60 233 72 38 58 45
0 328 328 10000000 53 15 12 43 99 16
1 328 329 10000000 53 175 54 39 60 34
1 328 330 10000000 60 215 69 40 58 96
0 331 331 10000000 51 18 13 47 86 16
1 331 332 10000000 54 126 44 44 78 23
1 331 333 10000000 51 221 129 42 68 62
0 334 334 10000000 56 18 12 52 102 16
1 334 335 10000000 52 110 31 41 161 19
1 334 336 10000000 52 336 140 41 95 66
0 337 337 10000000 54 17 13 46 95 17
1 337 338 10000000 52 161 557 39 107 114
1 337 339 10000000 62 411 91 43 196 159
0 340 340 10000000 57 238 70 38 85 14
1 340 341 10000000 64 104 20 29 61 13
1 340 342 10000000 54 236 110 30 77 102
0 343 343 10000000 54 111 56 40 115 39
1 343 344 10000000 57 207 60 33 56 34
1 343 345 10000000 56 247 98 30 132 101
0 346 346 10000000 56 33 46 46 112 19
1 346 347 10000000 53 122 26 31 66 16
1 346 348 10000000 65 247 94 33 81 106
0 349 349 10000000 59 21 210 40 102 17
1 349 350 10000000 58 106 18 32 56 12
1 349 351 10000000 49 275 100 33 107 95
0 352 352 10000000 52 71 15 44 131 66
1 352 353 10000000 55 115 42 37 71 19
1 352 354 10000000 72 305 275 40 125 91
0 355 355 10000000 51 82 39 46 128 73
1 355 356 10000000 53 106 19 39 62 13
1 355 357 10000000 66 293 120 39 116 757
0 358 358 10000000 61 17 12 44 105 16
1 358 359 10000000 57 221 62 46 45 41
1 358 360 10000000 58 454 122 313 122 812
0 361 361 10000000 62 19 12 38 110 16
1 361 362 10000000 76 147 22 40 89 17
1 361 363 10000000 59 310 146 33 119 122
0 364 364 10000000 54 21 13 35 109 16
1 364 365 10000000 62 204 82 32 38 31
1 364 366 10000000 56 304 142 29 143 135
0 367 367 10000000 59 21 15 40 104 18
1 367 368 10000000 65 204 66 42 43 29
1 367 369 10000000 274 331 153 38 144 107
0 370 370 10000000 55 19 13 42 118 18
1 370 371 10000000 54 364 57 37 42 43
1 370 372 10000000 58 333 145 35 127 115
0 373 373 10000000 51 20 15 40 106 19
1 373 374 10000000 62 147 54 43 107 24
1 373 375 10000000 55 329 161 40 150 112
0 376 376 10000000 60 18 13 50 114 18
1 376 377 10000000 60 177 62 39 36 29
1 376 378 10000000 53 316 161 44 143 117
0 379 379 10000000 63 132 119 43 110 17
1 379 380 10000000 57 229 67 48 60 37
1 379 381 10000000 61 318 168 37 139 117
0 382 382 10000000 58 105 87 34 94 16
1 382 383 10000000 63 1314 30 29 187 15
1 382 384 10000000 59 2722 242 227 10232 126
0 385 385 10000000 62 20 13 41 104 17
1 385 386 10000000 62 111 18 31 66 15
1 385 387 10000000 57 323 321 30 137 132
0 388 388 10000000 59 19 14 57 248 17
1 388 389 10000000 62 172 56 38 40 37
1 388 390 10000000 55 330 171 34 161 126
0 391 391 10000000 54 18 12 45 102 17
1 391 392 10000000 50 110 26 37 61 16
1 391 393 10000000 61 471 170 47 149 297
0 394 394 10000000 58 20 13 47 105 16
1 394 395 10000000 54 102 19 39 59 13
1 394 396 10000000 52 393 167 42 133 264
0 397 397 10000000 58 18 12 51 104 17
1 397 398 10000000 70 290 110 54 46 35
1 397 399 10000000 64 401 286 49 137 178
0 400 400 10000000 53 26 27 50 108 16
1 400 401 10000000 56 339 56 431 681 591
1 400 402 10000000 62 431 188 44 1810 320
0 403 403 10000000 50 16 15 34 103 16
1 403 404 10000000 64 171 75 28 35 30
1 403 405 10000000 55 406 354 29 138 134
0 406 406 10000000 57 16 14 36 104 17
1 406 407 10000000 61 115 38 31 74 22
1 406 408 10000000 53 385 300 32 157 147
0 409 409 10000000 60 19 13 42 96 19
1 409 410 10000000 51 129 45 34 74 26
1 409 411 10000000 52 404 184 37 144 254
0 412 412 10000000 51 17 16 48 97 17
1 412 413 10000000 58 111 19 38 70 14
1 412 414 10000000 54 421 337 35 151 137
0 415 415 10000000 52 20 12 49 102 16
1 415 416 10000000 56 216 68 45 40 32
1 415 417 10000000 52 420 189 40 271 142
0 418 418 10000000 57 25 26 49 100 16
1 418 419 10000000 55 213 69 43 51 39
1 418 420 10000000 72 430 206 41 308 147
0 421 421 10000000 64 28 40 198 109 17
1 421 422 10000000 25339 506 47 101 249 192
1 421 423 10000000 64 540 217 57 560 355
0 424 424 10000000 64 17 13 38 113 20
1 424 425 10000000 73 267 95 36 81 40
1 424 426 10000000 55 496 396 31 165 147
0 427 427 10000000 62 19 15 38 113 19
1 427 428 10000000 55 185 95 32 36 43
1 427 429 10000000 58 496 421 32 200 233
0 430 430 10000000 61 20 13 42 107 18
1 430 431 10000000 71 193 53 34 60 34
1 430 432 10000000 55 460 359 33 162 251
0 433 433 10000000 56 20 13 41 103 17
1 433 434 10000000 56 183 52 38 41 42
1 433 435 10000000 56 514 227 34 295 163
0 436 436 10000000 57 18 14 47 110 31
1 436 437 10000000 56 176 64 37 35 28
1 436 438 10000000 54 500 233 35 267 201
0 439 439 10000000 58 39 53 49 110 21
1 439 440 10000000 55 179 65 41 36 29
1 439 441 10000000 58 491 233 39 306 209
0 442 442 10000000 56 43 59 49 97 16
1 442 443 10000000 61 120 20 49 75 14
1 442 444 10000000 68 352 144 43 139 93
0 445 445 10000000 75 17 13 44 130 21
1 445 446 10000000 57 224 79 34 41 33
1 445 447 10000000 56 320 179 31 137 108
0 448 448 10000000 59 17 13 40 96 17
1 448 449 10000000 69 2634 41 44 127 22
1 448 450 10000000 54 280 118 34 120 80
0 451 451 10000000 59 18 13 39 100 17
1 451 452 10000000 56 131 43 35 84 25
1 451 453 10000000 58 535 60 37 62 39
0 454 454 10000000 66 19 13 45 103 16
1 454 455 10000000 57 183 44 37 74 37
1 454 456 10000000 57 202 76 37 61 43
0 457 457 10000000 60 38 49 46 111 16
1 457 458 10000000 58 123 43 35 73 24
1 457 459 10000000 54 240 75 37 64 121
0 460 460 10000000 64 16 12 48 107 17
1 460 461 10000000 62 198 62 45 54 35
1 460 462 10000000 55 238 93 40 64 51
0 463 463 10000000 56 28 29 54 100 16
1 463 464 10000000 58 107 24 44 62 13
1 463 465 10000000 57 272 103 50 80 122
0 466 466 10000000 69 17 13 56 109 16
1 466 467 10000000 59 112 30 44 63 15
1 466 468 10000000 56 271 154 49 205 205
0 469 469 10000000 62 16 12 37 114 16
1 469 470 10000000 61 220 79 32 68 88
1 469 471 10000000 57 513 146 31 134 111
0 472 472 10000000 65 29 29 520 434 18
1 472 473 10000000 56 169 81 30 34 29
1 472 474 10000000 55 379 153 32 152 250
0 475 475 10000000 60 23 25 46 93 15
1 475 476 10000000 60 180 68 36 36 29
1 475 477 10000000 55 370 150 33 130 224
0 478 478 10000000 61 20 13 42 97 19
1 478 479 10000000 54 190 68 35 36 28
1 478 480 10000000 54 369 147 36 129 236
0 481 481 10000000 64 30 31 46 98 18
1 481 482 10000000 54 111 23 39 63 17
1 481 483 10000000 56 293 119 38 124 113
0 484 484 10000000 59 18 12 49 88 16
1 484 485 10000000 60 197 62 44 51 33
1 484 486 10000000 59 332 136 50 157 108
0 487 487 10000000 60 30 46 48 96 19
1 487 488 10000000 53 925 58 79 199 69
1 487 489 10000000 64 175 54 46 88 69
0 490 490 10000000 58 134 114 35 95 16
1 490 491 10000000 55 173 77 29 43 35
1 490 492 10000000 64 222 130 29 75 63
0 493 493 10000000 100 38 47 54 187 31
1 493 494 10000000 56 199 66 34 54 40
1 493 495 10000000 58 232 139 32 74 63
0 496 496 10000000 60 19 13 38 91 15
1 496 497 10000000 55 180 71 33 40 30
1 496 498 10000000 54 210 58 33 60 84
0 499 499 10000000 62 18 13 43 95 16
1 499 500 10000000 61 157 62 39 86 29
1 499 501 10000000 58 216 56 41 61 46
0 502 502 10000000 65 19 14 47 103 17
1 502 503 10000000 60 122 29 38 69 21
1 502 504 10000000 57 162 56 36 39 30
0 505 505 10000000 66 36 44 52 108 16
1 505 506 10000000 54 192 54 39 55 38
1 505 507 10000000 65 215 70 46 58 35
0 508 508 10000000 59 17 12 49 91 16
1 508 509 10000000 61 170 51 46 43 39
1 508 510 10000000 62 155 43 42 72 23
0 511 511 10000000 62 16 14 54 96 16
1 511 512 10000000 57 177 64 46 39 30
1 511 513 10000000 53 86 18 43 18 12
0 514 514 10000000 60 16 12 55 96 16
1 514 515 10000000 59 131 56 47 72 42
1 514 516 10000000 57 122 43 48 75 26
0 517 517 10000000 58 18 13 58 103 16
1 517 518 10000000 60 193 66 48 57 40
1 517 519 10000000 69 187 54 49 60 36
0 520 520 10000000 63 22 13 53 109 16
1 520 521 10000000 58 112 27 50 68 18
1 520 522 10000000 55 105 17 53 17 13
0 523 523 10000000 61 193 126 53 100 27
1 523 524 10000000 57 180 84 51 211 219
1 523 525 10000000 58 186 69 49 221 211
0 526 526 10000000 60 18 12 38 103 16
1 526 527 10000000 57 198 80 31 53 38
1 526 528 10000000 59 173 81 29 39 31
0 529 529 10000000 87 20 13 33 111 16
1 529 530 10000000 57 106 19 31 54 13
1 529 531 10000000 54 98 15 29 17 19
0 532 532 10000000 61 17 12 36 108 18
1 532 533 10000000 56 212 61 31 58 39
1 532 534 10000000 56 208 70 29 63 35
0 535 535 10000000 57 17 14 36 104 17
1 535 536 10000000 57 112 40 31 70 19
1 535 537 10000000 76 190 130 41 44 24
0 538 538 10000000 64 16 13 38 107 16
1 538 539 10000000 55 164 80 35 43 40
1 538 540 10000000 62 148 68 33 88 37
0 541 541 10000000 59 18 12 36 104 16
1 541 542 10000000 61 176 63 35 57 33
1 541 543 10000000 56 169 64 33 40 29
0 544 544 10000000 55 18 12 42 96 17
1 544 545 10000000 58 131 42 36 77 43
1 544 546 10000000 65 204 61 34 56 822
0 547 547 10000000 65 18 12 45 134 17
1 547 548 10000000 60 123 42 36 79 23
1 547 549 10000000 59 186 60 37 55 35
0 550 550 10000000 57 48 63 48 91 17
1 550 551 10000000 58 192 60 44 50 32
1 550 552 10000000 55 212 59 39 53 36
0 553 553 10000000 58 22 14 55 117 20
1 553 554 10000000 58 200 63 41 52 39
1 553 555 10000000 55 154 63 42 74 30
0 556 556 10000000 62 18 13 52 107 17
1 556 557 10000000 58 193 61 45 53 83
1 556 558 10000000 56 174 64 46 42 31
0 559 559 10000000 64 18 16 54 104 18
1 559 560 10000000 65 121 28 44 72 18
1 559 561 10000000 57 88 16 44 17 13
0 562 562 10000000 60 19 13 64 103 17
1 562 563 10000000 70 236 74 55 143 113
1 562 564 10000000 58 114 46 46 149 81
0 565 565 10000000 57 17 13 36 100 16
1 565 566 10000000 56 123 46 33 77 24
1 565 567 10000000 63 139 60 31 87 23
0 568 568 10000000 65 17 14 39 104 15
1 568 569 10000000 60 186 74 32 36 31
1 568 570 10000000 80 150 180 40 106 233
0 571 571 10000000 68 126 92 48 134 39
1 571 572 10000000 69 180 70 34 37 32
1 571 573 10000000 56 198 51 33 54 35
0 574 574 10000000 58 16 12 41 102 16
1 574 575 10000000 58 118 42 37 75 24
1 574 576 10000000 58 213 75 34 62 91
0 577 577 10000000 61 30 42 42 93 16
1 577 578 10000000 59 176 64 37 43 29
1 577 579 10000000 64 136 47 47 98 29
0 580 580 10000000 65 25 27 45 101 17
1 580 581 10000000 60 213 72 36 70 87
1 580 582 10000000 56 148 71 36 42 30
0 583 583 10000000 65 18 13 45 105 16
1 583 584 10000000 60 119 57 42 69 40
1 583 585 10000000 58 244 133 50 70 59
0 586 586 10000000 66 21 13 52 131 17
1 586 587 10000000 61 195 60 42 55 35
1 586 588 10000000 57 223 125 40 73 62
0 589 589 10000000 68 26 29 52 101 17
1 589 590 10000000 57 184 63 45 51 33
1 589 591 10000000 57 248 92 46 95 83
0 592 592 10000000 61 18 11 51 90 16
1 592 593 10000000 59 173 48 43 192 205
1 592 594 10000000 60 288 132 45 283 223
0 595 595 10000000 64 19 13 34 103 18
1 595 596 10000000 73 267 109 34 43 29
1 595 597 10000000 62 326 133 30 114 107
0 598 598 10000000 66 18 13 35 104 16
1 598 599 10000000 60 197 72 29 57 41
1 598 600 10000000 58 352 139 30 114 110
0 601 601 10000000 63 110 81 39 106 15
1 601 602 10000000 59 183 68 30 36 37
1 601 603 10000000 63 338 130 29 113 111
0 604 604 10000000 68 26 27 35 97 18
1 604 605 10000000 59 194 54 33 52 35
1 604 606 10000000 72 408 141 41 108 323
0 607 607 10000000 62 25 29 38 92 18
1 607 608 10000000 62 207 70 37 54 41
1 607 609 10000000 70 384 422 40 127 112
0 610 610 10000000 69 19 12 52 103 15
1 610 611 10000000 69 177 66 41 37 29
1 610 612 10000000 79 500 160 54 140 392
0 613 613 10000000 69 19 13 52 93 16
1 613 614 10000000 62 122 40 43 70 35
1 613 615 10000000 64 421 190 38 286 147
0 616 616 10000000 64 27 34 38 106 21
1 616 617 10000000 58 174 74 30 35 29
1 616 618 10000000 61 427 316 32 141 125
0 619 619 10000000 68 39 57 47 95 16
1 619 620 10000000 58 214 66 32 53 45
1 619 621 10000000 58 312 147 31 132 122
0 622 622 10000000 74 30 40 46 100 17
1 622 623 10000000 61 210 102 34 57 38
1 622 624 10000000 61 373 159 33 127 227
0 625 625 10000000 68 19 12 46 93 16
1 625 626 10000000 61 130 40 37 72 39
1 625 627 10000000 54 264 122 35 120 74
0 628 628 10000000 141 23 14 81 230 28
1 628 629 10000000 61 202 56 41 53 35
1 628 630 10000000 57 313 153 43 133 108
0 631 631 10000000 67 17 14 52 97 18
1 631 632 10000000 63 195 57 43 50 37
1 631 633 10000000 344 328 158 53 90 78
0 634 634 10000000 72 44 56 55 109 19
1 634 635 10000000 56 116 40 46 74 21
1 634 636 10000000 60 88 17 41 20 19
0 637 637 10000000 67 31 43 57 102 17
1 637 638 10000000 59 166 49 44 39 36
1 637 639 10000000 58 109 43 43 71 24
0 640 640 10000000 69 36 63 55 100 19
1 640 641 10000000 55 126 43 55 80 21
1 640 642 10000000 67 123 46 45 74 23
0 643 643 10000000 67 730 293 57 132 66
1 643 644 10000000 57 128 60 45 245 187
1 643 645 10000000 82 183 82 67 316 223
0 646 646 10000000 80 21 14 35 102 18
1 646 647 10000000 64 170 75 29 41 36
1 646 648 10000000 60 188 91 29 59 39
0 649 649 10000000 72 27 28 38 104 17
1 649 650 10000000 65 182 65 32 34 28
1 649 651 10000000 60 128 51 32 83 41
0 652 652 10000000 73 36 45 73 128 18
1 652 653 10000000 62 130 45 33 71 34
1 652 654 10000000 58 113 40 35 75 22
0 655 655 10000000 66 16 14 41 98 16
1 655 656 10000000 139 227 74 38 68 111
1 655 657 10000000 61 216 115 35 68 53
0 658 658 10000000 68 30 41 42 101 16
1 658 659 10000000 58 116 50 36 75 28
1 658 660 10000000 59 248 164 38 79 90
0 661 661 10000000 74 31 55 51 110 19
1 661 662 10000000 62 211 145 38 1246 57
1 661 663 10000000 65 298 217 83 560 93
0 664 664 10000000 74 36 54 47 103 17
1 664 665 10000000 60 180 54 39 59 34
1 664 666 10000000 61 92 21 47 17 13
0 667 667 10000000 69 104 82 47 102 32
1 667 668 10000000 72 142 46 45 89 24
1 667 669 10000000 62 201 53 45 64 37
0 670 670 10000000 93 49 438 171 134 19
1 670 671 10000000 58 135 53 41 71 39
1 670 672 10000000 65 223 80 41 62 110
0 673 673 10000000 72 41 47 49 103 17
1 673 674 10000000 63 114 28 41 68 19
1 673 675 10000000 66 94 25 47 21 17
0 676 676 10000000 69 32 44 31 82 17
1 676 677 10000000 59 173 77 31 35 30
1 676 678 10000000 61 106 34 28 20 18
0 679 679 10000000 77 45 57 41 110 21
1 679 680 10000000 65 214 58 33 51 36
1 679 681 10000000 191 399 102 39 117 84
0 682 682 10000000 74 18 13 39 104 17
1 682 683 10000000 74 146 46 36 97 18
1 682 684 10000000 60 229 95 32 106 71
0 685 685 10000000 89 34 51 50 117 18
1 685 686 10000000 71 228 68 39 42 32
1 685 687 10000000 91 201 60 39 63 40
0 688 688 10000000 69 74 58 41 88 16
1 688 689 10000000 66 201 71 36 56 40
1 688 690 10000000 65 254 102 42 82 131
0 691 691 10000000 69 17 14 48 103 16
1 691 692 10000000 68 244 73 42 63 44
1 691 693 10000000 63 119 40 38 74 23
0 694 694 10000000 72 28 44 48 92 18
1 694 695 10000000 60 196 61 44 56 36
1 694 696 10000000 65 229 75 66 68 68
0 697 697 10000000 72 117 72 56 122 16
1 697 698 10000000 58 111 43 43 74 23
1 697 699 10000000 59 215 92 46 68 55
0 700 700 10000000 79 18 13 58 140 21
1 700 701 10000000 61 174 71 47 33 29
1 700 702 10000000 68 256 119 55 231 65
0 703 703 10000000 68 355 207 54 101 33
1 703 704 10000000 62 231 80 49 176 190
1 703 705 10000000 59 179 67 46 176 133
0 706 706 10000000 71 17 13 32 100 16
1 706 707 10000000 59 207 116 29 75 59
1 706 708 10000000 58 221 136 31 71 51
0 709 709 10000000 68 18 13 44 94 16
1 709 710 10000000 61 183 63 31 36 27
1 709 711 10000000 72 203 83 34 37 40
0 712 712 10000000 79 158 122 46 111 34
1 712 713 10000000 62 131 50 33 76 37
1 712 714 10000000 62 175 63 33 44 28
0 715 715 10000000 72 95 72 40 97 16
1 715 716 10000000 62 127 52 35 73 44
1 715 717 10000000 61 199 57 41 53 37
0 718 718 10000000 70 38 55 39 95 17
1 718 719 10000000 59 192 59 35 52 36
1 718 720 10000000 73 206 71 39 41 34
0 721 721 10000000 65 126 90 42 101 42
1 721 722 10000000 70 131 51 117 71 39
1 721 723 10000000 59 186 66 39 38 31
0 724 724 10000000 77 35 65 54 112 26
1 724 725 10000000 62 209 69 44 68 40
1 724 726 10000000 68 285 110 53 105 139
0 727 727 10000000 77 27 34 55 105 20
1 727 728 10000000 57 178 66 43 61 38
1 727 729 10000000 98 215 72 42 60 69
0 730 730 10000000 74 17 13 52 91 19
1 730 731 10000000 104 224 56 76 138 42
1 730 732 10000000 58 180 62 45 60 37
0 733 733 10000000 70 16 12 56 106 17
1 733 734 10000000 64 127 42 51 83 23
1 733 735 10000000 68 261 65 55 79 41
0 736 736 10000000 70 17 12 57 102 16
1 736 737 10000000 60 183 65 48 56 37
1 736 738 10000000 61 208 67 50 63 44
0 739 739 10000000 72 17 12 55 91 18
1 739 740 10000000 62 137 64 49 75 36
1 739 741 10000000 64 187 80 49 54 37
0 742 742 10000000 87 31 43 68 113 25
1 742 743 10000000 69 238 77 61 356 268
1 742 744 10000000 63 225 117 49 381 416
0 745 745 10000000 72 17 13 43 107 16
1 745 746 10000000 59 171 79 29 38 29
1 745 747 10000000 60 342 145 29 109 117
0 748 748 10000000 72 24 32 39 95 16
1 748 749 10000000 66 194 62 41 55 33
1 748 750 10000000 64 233 133 31 80 86
0 751 751 10000000 69 21 14 40 92 17
1 751 752 10000000 59 177 55 35 40 39
1 751 753 10000000 60 233 108 32 132 84
0 754 754 10000000 75 17 15 43 97 16
1 754 755 10000000 63 120 51 41 84 40
1 754 756 10000000 63 247 114 38 90 125
