0 0 0 10000000 33 18 14 36 239 58
1 0 1 10000000 35 93 20 32 63 17
1 0 2 10000000 35 84 58 34 17 14
0 3 3 10000000 34 19 12 39 103 61
1 3 4 10000000 37 101 18 33 58 16
1 3 5 10000000 39 87 53 34 16 12
0 6 6 10000000 36 16 14 41 105 62
1 6 7 10000000 39 105 18 44 66 15
1 6 8 10000000 38 90 61 35 17 12
0 9 9 10000000 35 17 13 42 108 58
1 9 10 10000000 38 105 18 36 63 16
1 9 11 10000000 37 87 62 35 19 13
0 12 12 10000000 36 16 11 44 100 59
1 12 13 10000000 39 108 19 37 69 16
1 12 14 10000000 35 82 53 36 16 12
0 15 15 10000000 35 16 12 41 109 60
1 15 16 10000000 38 105 16 39 61 14
1 15 17 10000000 37 82 54 36 16 12
0 18 18 10000000 34 17 11 43 100 55
1 18 19 10000000 47 215 21 40 69 15
1 18 20 10000000 38 86 58 38 17 13
0 21 21 10000000 39 19 13 40 98 16
1 21 22 10000000 40 111 40 36 70 21
1 21 23 10000000 39 104 16 34 17 14
0 24 24 10000000 37 18 13 40 102 62
1 24 25 10000000 40 120 30 35 69 20
1 24 26 10000000 42 91 58 35 18 14
0 27 27 10000000 41 20 13 41 101 60
1 27 28 10000000 40 116 32 37 66 20
1 27 29 10000000 39 84 60 34 19 12
0 30 30 10000000 38 18 13 41 94 17
1 30 31 10000000 51 134 43 43 94 25
1 30 32 10000000 42 93 16 36 18 13
0 33 33 10000000 39 17 13 39 96 56
1 33 34 10000000 41 109 28 39 71 18
1 33 35 10000000 38 92 57 38 17 12
0 36 36 10000000 39 30 31 41 99 17
1 36 37 10000000 38 116 39 38 68 20
1 36 38 10000000 38 76 54 35 17 14
0 39 39 10000000 38 17 13 41 89 56
1 39 40 10000000 43 116 36 39 67 22
1 39 41 10000000 42 83 57 36 17 12
0 42 42 10000000 40 18 12 46 105 55
1 42 43 10000000 40 116 29 38 63 18
1 42 44 10000000 40 80 53 37 18 12
0 45 45 10000000 40 17 12 45 96 58
1 45 46 10000000 42 112 28 39 69 18
1 45 47 10000000 41 90 58 39 19 12
0 48 48 10000000 39 16 12 46 102 57
1 48 49 10000000 45 116 38 41 72 20
1 48 50 10000000 42 89 54 39 17 13
0 51 51 10000000 38 17 11 42 94 52
1 51 52 10000000 43 117 37 39 75 22
1 51 53 10000000 41 85 53 38 17 12
0 54 54 10000000 43 22 13 45 101 58
1 54 55 10000000 43 120 38 45 69 22
1 54 56 10000000 40 96 54 43 17 12
0 57 57 10000000 39 18 13 47 93 74
1 57 58 10000000 45 119 37 54 83 55
1 57 59 10000000 40 82 57 39 18 14
0 60 60 10000000 47 16 13 35 96 62
1 60 61 10000000 50 114 35 34 74 18
1 60 62 10000000 45 77 56 33 16 12
0 63 63 10000000 43 16 13 39 90 58
1 63 64 10000000 51 116 38 34 77 22
1 63 65 10000000 51 90 61 34 17 13
0 66 66 10000000 43 16 12 41 105 54
1 66 67 10000000 48 125 39 37 80 23
1 66 68 10000000 50 80 53 34 16 14
0 69 69 10000000 44 18 14 43 105 62
1 69 70 10000000 49 110 30 37 67 21
1 69 71 10000000 51 88 56 40 17 12
0 72 72 10000000 43 18 14 43 90 52
1 72 73 10000000 49 118 38 37 75 22
1 72 74 10000000 48 81 57 34 18 13
0 75 75 10000000 42 19 13 44 116 16
1 75 76 10000000 49 115 30 40 68 18
1 75 77 10000000 50 91 16 38 21 14
0 78 78 10000000 44 18 12 42 107 58
1 78 79 10000000 49 105 31 42 69 19
1 78 80 10000000 50 100 59 40 18 12
0 81 81 10000000 42 20 14 44 102 16
1 81 82 10000000 54 119 38 41 74 21
1 81 83 10000000 48 92 19 38 20 14
0 84 84 10000000 44 19 12 43 94 59
1 84 85 10000000 49 139 42 44 77 24
1 84 86 10000000 51 88 53 40 18 12
0 87 87 10000000 42 18 13 45 107 16
1 87 88 10000000 49 113 31 41 63 21
1 87 89 10000000 49 82 16 41 18 13
0 90 90 10000000 40 19 12 46 105 63
1 90 91 10000000 46 122 38 42 76 20
1 90 92 10000000 50 94 59 43 19 13
0 93 93 10000000 43 19 13 47 101 59
1 93 94 10000000 49 115 30 108 67 20
1 93 95 10000000 48 106 65 49 21 13
0 96 96 10000000 43 19 14 43 91 18
1 96 97 10000000 50 118 45 43 82 40
1 96 98 10000000 47 90 17 41 19 13
0 99 99 10000000 45 16 12 38 104 58
1 99 100 10000000 58 115 45 35 73 20
1 99 101 10000000 54 91 53 33 17 14
0 102 102 10000000 44 20 13 39 108 59
1 102 103 10000000 52 113 29 35 72 18
1 102 104 10000000 55 90 60 37 17 17
0 105 105 10000000 46 17 13 40 96 59
1 105 106 10000000 57 115 39 40 78 21
1 105 107 10000000 59 90 60 37 17 14
0 108 108 10000000 49 16 11 40 91 56
1 108 109 10000000 58 113 28 40 71 19
1 108 110 10000000 55 90 55 38 16 13
0 111 111 10000000 49 17 13 40 103 60
1 111 112 10000000 68 130 38 39 78 21
1 111 113 10000000 58 79 55 35 16 13
0 114 114 10000000 48 16 13 44 106 60
1 114 115 10000000 55 112 38 39 69 21
1 114 116 10000000 57 88 58 41 17 13
0 117 117 10000000 44 16 13 42 100 58
1 117 118 10000000 55 114 28 40 66 20
1 117 119 10000000 57 85 62 39 16 12
0 120 120 10000000 47 21 13 44 99 56
1 120 121 10000000 56 114 28 42 69 18
1 120 122 10000000 63 80 57 37 16 12
0 123 123 10000000 47 18 12 45 102 62
1 123 124 10000000 63 125 38 45 75 22
1 123 125 10000000 55 90 53 43 16 13
0 126 126 10000000 50 18 13 45 109 59
1 126 127 10000000 56 117 35 45 71 22
1 126 128 10000000 55 95 57 43 17 12
0 129 129 10000000 52 17 12 49 90 63
1 129 130 10000000 54 105 31 42 69 19
1 129 131 10000000 59 85 52 38 17 13
0 132 132 10000000 44 16 12 46 98 54
1 132 133 10000000 57 114 38 45 75 23
1 132 134 10000000 57 88 59 43 16 13
0 135 135 10000000 46 16 13 44 101 54
1 135 136 10000000 55 113 43 44 75 40
1 135 137 10000000 61 100 63 49 17 16
0 138 138 10000000 48 19 12 40 103 59
1 138 139 10000000 58 123 46 33 76 23
1 138 140 10000000 57 78 56 33 17 13
0 141 141 10000000 48 16 13 39 98 59
1 141 142 10000000 57 115 38 34 68 22
1 141 143 10000000 60 94 55 33 18 14
0 144 144 10000000 52 20 14 44 108 17
1 144 145 10000000 58 129 44 36 87 25
1 144 146 10000000 56 86 17 34 22 15
0 147 147 10000000 53 19 15 42 105 20
1 147 148 10000000 63 124 38 36 78 21
1 147 149 10000000 58 93 18 37 24 13
0 150 150 10000000 54 18 13 44 97 57
1 150 151 10000000 58 113 38 37 74 21
1 150 152 10000000 62 77 53 37 21 12
0 153 153 10000000 51 18 15 44 94 54
1 153 154 10000000 56 115 37 37 73 21
1 153 155 10000000 58 90 53 37 18 12
0 156 156 10000000 51 18 12 48 224 67
1 156 157 10000000 57 121 32 41 64 20
1 156 158 10000000 59 85 53 40 18 12
0 159 159 10000000 53 18 13 46 193 58
1 159 160 10000000 57 110 28 42 71 18
1 159 161 10000000 58 84 61 41 17 14
0 162 162 10000000 56 18 13 45 103 59
1 162 163 10000000 59 112 28 44 69 18
1 162 164 10000000 60 85 58 44 17 14
0 165 165 10000000 52 16 13 47 103 60
1 165 166 10000000 63 119 37 44 71 20
1 165 167 10000000 62 92 74 41 20 13
0 168 168 10000000 50 16 13 47 104 56
1 168 169 10000000 57 113 39 44 73 21
1 168 170 10000000 61 87 56 45 17 13
0 171 171 10000000 49 17 14 46 102 57
1 171 172 10000000 56 118 37 40 70 21
1 171 173 10000000 59 82 52 39 17 12
0 174 174 10000000 51 16 13 48 100 54
1 174 175 10000000 58 111 37 41 75 30
1 174 176 10000000 58 87 50 39 17 14
0 177 177 10000000 53 25 30 37 101 16
1 177 178 10000000 63 113 48 35 74 20
1 177 179 10000000 62 89 57 33 19 13
0 180 180 10000000 52 29 28 38 100 16
1 180 181 10000000 68 111 36 33 75 20
1 180 182 10000000 63 78 55 33 16 12
0 183 183 10000000 57 25 28 43 102 17
1 183 184 10000000 64 115 41 36 72 21
1 183 185 10000000 65 77 54 33 17 13
0 186 186 10000000 52 25 30 41 100 15
1 186 187 10000000 63 116 42 37 77 20
1 186 188 10000000 63 83 53 36 16 12
0 189 189 10000000 52 26 28 43 101 16
1 189 190 10000000 69 114 32 37 70 21
1 189 191 10000000 63 78 56 35 16 11
0 192 192 10000000 57 25 32 48 107 23
1 192 193 10000000 64 126 39 39 77 23
1 192 194 10000000 67 83 53 38 17 12
0 195 195 10000000 51 25 30 43 99 17
1 195 196 10000000 65 120 38 39 71 22
1 195 197 10000000 62 82 53 39 18 13
0 198 198 10000000 56 27 29 46 98 16
1 198 199 10000000 62 93 30 38 67 20
1 198 200 10000000 61 80 54 37 17 13
0 201 201 10000000 52 27 29 45 103 18
1 201 202 10000000 66 115 29 43 68 19
1 201 203 10000000 69 89 58 42 18 13
0 204 204 10000000 51 31 28 46 99 16
1 204 205 10000000 67 107 26 41 65 17
1 204 206 10000000 64 79 15 38 17 14
0 207 207 10000000 51 28 29 46 100 18
1 207 208 10000000 66 116 37 41 74 22
1 207 209 10000000 65 85 16 40 19 13
0 210 210 10000000 53 28 29 48 96 16
1 210 211 10000000 64 112 37 43 68 21
1 210 212 10000000 67 83 52 41 19 11
0 213 213 10000000 53 26 30 46 101 16
1 213 214 10000000 68 117 42 42 83 34
1 213 215 10000000 65 87 59 43 21 12
0 216 216 10000000 56 30 29 37 103 18
1 216 217 10000000 76 113 34 35 68 19
1 216 218 10000000 70 88 16 36 19 14
0 219 219 10000000 62 30 32 44 110 19
1 219 220 10000000 72 110 32 36 68 19
1 219 221 10000000 66 78 16 33 20 13
0 222 222 10000000 55 23 28 37 94 17
1 222 223 10000000 68 114 29 35 66 19
1 222 224 10000000 67 90 57 34 18 12
0 225 225 10000000 108 28 30 38 5534 20
1 225 226 10000000 69 118 39 36 68 19
1 225 227 10000000 75 97 64 39 18 15
0 228 228 10000000 58 28 34 42 94 16
1 228 229 10000000 67 109 28 36 65 18
1 228 230 10000000 70 85 16 34 19 14
0 231 231 10000000 58 27 28 41 91 17
1 231 232 10000000 73 108 31 38 70 19
1 231 233 10000000 73 75 59 35 17 14
0 234 234 10000000 66 31 34 43 117 20
1 234 235 10000000 70 113 40 38 76 22
1 234 236 10000000 70 100 59 41 25 13
0 237 237 10000000 55 27 28 43 97 16
1 237 238 10000000 71 108 38 39 72 21
1 237 239 10000000 73 103 56 41 24 13
0 240 240 10000000 55 24 29 44 99 15
1 240 241 10000000 66 110 37 41 74 21
1 240 242 10000000 69 97 58 47 27 13
0 243 243 10000000 66 18 13 43 98 56
1 243 244 10000000 70 166 63 41 31 37
1 243 245 10000000 70 161 53 40 34 32
0 246 246 10000000 58 16 15 43 97 54
1 246 247 10000000 69 238 108 39 62 53
1 246 248 10000000 70 112 43 44 76 20
0 249 249 10000000 55 17 12 46 101 65
1 249 250 10000000 78 164 59 43 35 37
1 249 251 10000000 71 103 28 44 68 17
0 252 252 10000000 55 25 27 48 100 16
1 252 253 10000000 72 113 39 46 79 22
1 252 254 10000000 72 99 56 43 25 15
0 255 255 10000000 58 23 17 48 107 34
1 255 256 10000000 75 115 38 42 73 22
1 255 257 10000000 69 98 54 43 26 14
0 258 258 10000000 60 17 15 46 88 67
1 258 259 10000000 68 175 69 42 33 33
1 258 260 10000000 71 147 52 42 31 32
0 261 261 10000000 54 17 13 47 104 63
1 261 262 10000000 72 166 63 46 32 33
1 261 263 10000000 73 146 51 43 30 34
0 264 264 10000000 57 16 13 45 86 62
1 264 265 10000000 72 203 85 42 71 55
1 264 266 10000000 70 162 51 44 37 34
0 267 267 10000000 64 17 12 40 90 53
1 267 268 10000000 72 248 102 43 71 72
1 267 269 10000000 75 127 54 44 75 22
0 270 270 10000000 63 25 32 46 97 15
1 270 271 10000000 75 118 38 44 75 21
1 270 272 10000000 71 99 60 44 25 13
0 273 273 10000000 65 38 48 47 92 19
1 273 274 10000000 75 115 39 49 77 23
1 273 275 10000000 71 107 17 46 65 14
0 276 276 10000000 61 35 47 48 90 15
1 276 277 10000000 78 125 38 44 72 22
1 276 278 10000000 74 108 19 45 63 14
0 279 279 10000000 67 18 11 53 106 59
1 279 280 10000000 78 127 47 55 67 35
1 279 281 10000000 78 112 44 46 68 21
0 282 282 10000000 61 17 13 47 89 15
1 282 283 10000000 75 124 51 48 65 35
1 282 284 10000000 73 110 45 48 67 21
0 285 285 10000000 68 18 13 48 91 16
1 285 286 10000000 72 130 52 51 69 36
1 285 287 10000000 72 113 44 51 69 20
0 288 288 10000000 61 17 12 47 86 58
1 288 289 10000000 75 128 51 47 68 35
1 288 290 10000000 72 116 49 53 71 21
0 291 291 10000000 66 49 14 45 86 18
1 291 292 10000000 72 188 62 48 81 75
1 291 293 10000000 72 97 46 44 67 21
0 294 294 10000000 65 26 29 53 95 16
1 294 295 10000000 71 193 82 50 56 50
1 294 296 10000000 71 187 67 52 47 31
0 297 297 10000000 69 25 18 52 110 34
1 297 298 10000000 80 186 73 53 52 33
1 297 299 10000000 72 151 48 52 37 38
0 300 300 10000000 68 24 20 52 97 38
1 300 301 10000000 71 173 73 49 53 31
1 300 302 10000000 73 155 49 53 37 37
0 303 303 10000000 63 17 12 50 93 53
1 303 304 10000000 76 195 65 49 58 53
1 303 305 10000000 72 163 51 52 37 36
0 306 306 10000000 63 34 45 52 87 16
1 306 307 10000000 76 148 36 53 70 20
1 306 308 10000000 74 108 18 51 68 15
0 309 309 10000000 64 28 30 55 107 15
1 309 310 10000000 78 111 38 53 75 20
1 309 311 10000000 77 98 18 54 65 15
0 312 312 10000000 63 23 29 54 87 16
1 312 313 10000000 82 131 40 54 77 20
1 312 314 10000000 78 116 19 60 65 15
1 312 315 10000000 78 188 60 55 53 37
0 316 316 10000000 60 22 19 55 109 45
1 316 317 10000000 72 113 31 55 69 20
1 316 318 10000000 82 87 59 50 16 12
0 319 319 10000000 64 18 12 53 95 66
1 319 320 10000000 73 176 73 53 33 27
1 319 321 10000000 75 101 41 49 63 17
0 322 322 10000000 91 31 39 43 129 48
1 322 323 10000000 83 120 41 46 91 51
1 322 324 10000000 77 90 31 43 33 42
0 325 325 10000000 76 35 45 49 100 16
1 325 326 10000000 82 177 70 44 74 66
1 325 327 10000000 78 97 54 43 25 15
0 328 328 10000000 73 34 47 47 87 21
1 328 329 10000000 84 201 65 50 64 49
1 328 330 10000000 78 95 56 49 25 13
0 331 331 10000000 74 37 41 55 98 20
1 331 332 10000000 78 197 73 46 76 80
1 331 333 10000000 79 106 56 47 26 15
0 334 334 10000000 75 17 12 56 103 55
1 334 335 10000000 79 183 66 51 74 81
1 334 336 10000000 79 121 48 55 115 21
0 337 337 10000000 76 24 18 54 104 34
1 337 338 10000000 81 193 88 49 76 68
1 337 339 10000000 84 120 26 53 72 19
0 340 340 10000000 78 37 48 60 105 17
1 340 341 10000000 79 239 87 62 76 84
1 340 342 10000000 81 107 59 56 28 14
0 343 343 10000000 74 16 13 62 104 35
1 343 344 10000000 79 124 41 60 75 22
1 343 345 10000000 80 111 30 60 67 18
0 346 346 10000000 74 18 12 58 104 57
1 346 347 10000000 81 187 80 60 37 31
1 346 348 10000000 78 119 32 58 70 20
0 349 349 10000000 76 17 15 60 102 60
1 349 350 10000000 80 187 76 56 50 35
1 349 351 10000000 82 143 44 62 71 23
0 352 352 10000000 73 21 16 63 109 32
1 352 353 10000000 78 197 76 57 72 72
1 352 354 10000000 78 107 30 57 73 20
0 355 355 10000000 71 23 20 64 115 35
1 355 356 10000000 85 114 36 62 70 21
1 355 357 10000000 87 112 30 62 70 17
0 358 358 10000000 74 37 49 75 101 17
1 358 359 10000000 83 179 61 58 75 68
1 358 360 10000000 81 172 56 60 25 13
0 361 361 10000000 71 21 17 66 102 38
1 361 362 10000000 85 123 37 62 72 24
1 361 363 10000000 90 130 38 67 72 20
0 364 364 10000000 74 26 40 66 90 16
1 364 365 10000000 89 105 36 58 72 21
1 364 366 10000000 82 112 40 66 69 22
0 367 367 10000000 71 20 13 71 106 31
1 367 368 10000000 84 120 38 60 73 21
1 367 369 10000000 82 106 27 61 67 17
0 370 370 10000000 80 18 13 75 135 45
1 370 371 10000000 81 115 43 62 69 23
1 370 372 10000000 85 121 30 64 73 18
0 373 373 10000000 73 21 17 70 107 35
1 373 374 10000000 83 181 76 70 33 29
1 373 375 10000000 82 622 492 68 66 21
0 376 376 10000000 74 16 12 75 101 60
1 376 377 10000000 83 119 39 63 73 21
1 376 378 10000000 82 114 33 63 71 21
0 379 379 10000000 76 39 49 72 104 18
1 379 380 10000000 87 134 35 64 76 20
1 379 381 10000000 87 130 31 63 71 22
0 382 382 10000000 75 34 19 77 129 105
1 382 383 10000000 80 116 38 63 77 24
1 382 384 10000000 79 98 40 59 64 22
0 385 385 10000000 80 24 32 72 113 33
1 385 386 10000000 788 142 38 69 71 20
1 385 387 10000000 81 121 43 66 70 21
1 385 388 10000000 88 129 49 66 73 39
0 389 389 10000000 77 23 17 74 102 29
1 389 390 10000000 90 125 41 71 75 21
1 389 391 10000000 85 123 38 66 64 25
0 392 392 10000000 73 16 11 69 111 58
1 392 393 10000000 86 183 75 64 58 33
1 392 394 10000000 82 138 42 64 74 21
0 395 395 10000000 74 33 41 73 114 36
1 395 396 10000000 82 218 74 66 55 33
1 395 397 10000000 87 201 68 68 64 43
1 395 398 10000000 85 192 76 60 60 34
0 399 399 10000000 77 30 29 73 104 16
1 399 400 10000000 81 206 75 65 87 75
1 399 401 10000000 82 121 30 68 70 50
0 402 402 10000000 100 35 47 51 135 16
1 402 403 10000000 94 113 48 46 72 19
1 402 404 10000000 91 113 18 48 65 15
0 405 405 10000000 98 49 66 50 97 16
1 405 406 10000000 92 127 43 53 73 21
1 405 407 10000000 87 103 18 48 62 16
0 408 408 10000000 104 33 37 56 110 34
1 408 409 10000000 102 121 41 50 93 61
1 408 410 10000000 93 219 95 57 104 98
0 411 411 10000000 105 35 48 50 103 16
1 411 412 10000000 93 122 42 51 96 64
1 411 413 10000000 89 113 23 53 81 36
0 414 414 10000000 97 90 42 55 119 52
1 414 415 10000000 87 119 41 51 84 37
1 414 416 10000000 89 181 80 43 93 97
0 417 417 10000000 106 37 46 54 97 15
1 417 418 10000000 102 116 36 54 83 32
1 417 419 10000000 91 159 55 48 53 41
0 420 420 10000000 94 34 46 52 94 16
1 420 421 10000000 100 306 152 61 176 277
1 420 422 10000000 126 247 92 53 134 138
0 423 423 10000000 102 17 13 59 108 57
1 423 424 10000000 95 122 39 54 66 20
1 423 425 10000000 88 201 95 55 132 123
0 426 426 10000000 99 16 13 66 112 59
1 426 427 10000000 99 178 81 57 34 28
1 426 428 10000000 90 174 66 144 50 30
0 429 429 10000000 101 35 52 63 106 16
1 429 430 10000000 89 126 44 61 236 401
1 429 431 10000000 97 222 100 61 101 93
1 429 432 10000000 93 126 43 57 90 67
0 433 433 10000000 101 16 12 62 100 56
1 433 434 10000000 89 165 70 50 30 35
1 433 435 10000000 94 115 41 62 75 30
1 433 436 10000000 94 174 70 56 31 36
0 437 437 10000000 95 35 51 64 107 16
1 437 438 10000000 92 139 48 61 69 38
1 437 439 10000000 90 122 33 60 79 29
0 440 440 10000000 100 84 37 63 127 59
1 440 441 10000000 94 158 42 59 81 42
1 440 442 10000000 92 116 31 59 78 47
0 443 443 10000000 91 22 29 61 88 16
1 443 444 10000000 89 350 156 58 122 255
1 443 445 10000000 89 381 167 57 127 267
1 443 446 10000000 88 363 161 59 124 293
0 447 447 10000000 97 35 80 66 115 33
1 447 448 10000000 97 117 41 58 78 33
1 447 449 10000000 97 124 41 57 80 34
0 450 450 10000000 101 36 52 67 107 18
1 450 451 10000000 94 120 40 62 73 32
1 450 452 10000000 98 1826 57 62 49 54
1 450 453 10000000 89 117 39 61 73 31
0 454 454 10000000 96 82 28 70 119 64
1 454 455 10000000 97 173 51 66 29 44
1 454 456 10000000 91 170 45 63 34 32
0 457 457 10000000 98 20 11 71 101 57
1 457 458 10000000 94 179 70 61 51 32
1 457 459 10000000 91 183 73 74 50 33
1 457 460 10000000 89 177 74 62 53 31
0 461 461 10000000 99 18 11 71 93 58
1 461 462 10000000 95 156 77 77 84 41
1 461 463 10000000 92 125 55 66 158 108
0 464 464 10000000 110 41 48 56 106 18
1 464 465 10000000 94 143 60 61 65 39
1 464 466 10000000 95 269 126 56 117 291
0 467 467 10000000 109 25 30 56 99 16
1 467 468 10000000 92 348 175 60 371 210
1 467 469 10000000 101 285 123 61 160 326
0 470 470 10000000 107 37 50 60 99 16
1 470 471 10000000 97 130 209 59 79 104
1 470 472 10000000 103 126 37 63 77 19
0 473 473 10000000 107 40 77 60 96 33
1 473 474 10000000 87 106 40 51 100 65
1 473 475 10000000 93 283 135 58 128 261
0 476 476 10000000 105 37 53 64 97 16
1 476 477 10000000 107 119 36 59 77 20
1 476 478 10000000 89 110 23 58 70 35
0 479 479 10000000 117 17 14 59 95 61
1 479 480 10000000 96 626 170 64 197 357
1 479 481 10000000 101 265 113 62 101 116
1 479 482 10000000 96 352 314 61 189 189
0 483 483 10000000 106 16 12 62 89 51
1 483 484 10000000 92 118 26 67 73 20
1 483 485 10000000 97 253 120 66 105 122
1 483 486 10000000 93 327 154 66 176 442
0 487 487 10000000 957 37 51 78 127 18
1 487 488 10000000 93 345 302 67 178 179
1 487 489 10000000 100 235 107 75 108 112
0 490 490 10000000 110 18 13 68 92 59
1 490 491 10000000 91 325 296 75 175 188
1 490 492 10000000 96 229 107 69 108 105
1 490 493 10000000 94 337 306 68 181 185
0 494 494 10000000 116 17 11 70 101 57
1 494 495 10000000 103 131 42 78 73 21
1 494 496 10000000 95 128 42 77 70 24
1 494 497 10000000 94 127 37 109 83 22
0 498 498 10000000 106 35 49 69 92 16
1 498 499 10000000 104 130 39 74 70 22
1 498 500 10000000 89 114 42 60 74 23
1 498 501 10000000 96 121 37 76 70 21
0 502 502 10000000 109 37 82 69 115 38
1 502 503 10000000 102 137 51 69 264 181
1 502 504 10000000 99 138 40 62 276 191
0 505 505 10000000 115 31 45 70 99 17
1 505 506 10000000 91 121 44 71 74 20
1 505 507 10000000 186 326 139 75 104 229
0 508 508 10000000 109 25 27 74 101 18
1 508 509 10000000 90 362 346 82 244 263
1 508 510 10000000 86 505 270 70 424 332
1 508 511 10000000 93 406 571 70 247 271
0 512 512 10000000 119 17 13 107 107 67
1 512 513 10000000 93 232 107 73 85 74
1 512 514 10000000 92 227 106 72 87 70
0 515 515 10000000 116 116 82 76 129 218
1 515 516 10000000 89 120 40 76 84 38
1 515 517 10000000 92 284 129 71 104 103
1 515 518 10000000 98 123 37 71 86 37
0 519 519 10000000 104 90 37 70 103 46
1 519 520 10000000 99 108 40 82 79 35
1 519 521 10000000 88 263 126 64 102 101
1 519 522 10000000 91 109 42 68 78 37
0 523 523 10000000 117 35 50 75 95 15
1 523 524 10000000 97 130 52 85 80 37
1 523 525 10000000 92 127 45 77 75 24
1 523 526 10000000 93 121 41 79 71 23
0 527 527 10000000 106 34 47 76 104 15
1 527 528 10000000 91 134 49 74 68 35
1 527 529 10000000 94 243 100 73 162 126
1 527 530 10000000 95 124 50 76 72 37
0 531 531 10000000 105 16 11 74 99 56
1 531 532 10000000 94 124 40 75 99 68
1 531 533 10000000 89 266 130 63 141 270
0 534 534 10000000 108 26 29 79 108 36
1 534 535 10000000 97 139 62 76 172 46
1 534 536 10000000 96 169 75 74 36 29
0 537 537 10000000 110 97 59 77 127 69
1 537 538 10000000 97 134 45 224 71 37
1 537 539 10000000 92 176 59 79 67 54
0 540 540 10000000 110 29 44 75 109 18
1 540 541 10000000 91 177 69 77 40 37
1 540 542 10000000 96 187 65 82 85 73
1 540 543 10000000 95 176 73 80 40 36
0 544 544 10000000 113 17 12 77 105 62
1 544 545 10000000 94 333 171 84 140 269
1 544 546 10000000 94 275 125 79 96 101
0 547 547 10000000 95 33 41 67 94 19
1 547 548 10000000 91 199 90 77 133 130
1 547 549 10000000 93 211 106 78 297 393
1 547 550 10000000 85 195 86 76 136 132
0 551 551 10000000 98 40 56 63 89 16
1 551 552 10000000 90 202 86 80 139 127
1 551 553 10000000 90 211 101 84 514 392
1 551 554 10000000 88 197 84 81 136 137
0 555 555 10000000 97 37 45 69 99 19
1 555 556 10000000 95 210 84 88 132 136
1 555 557 10000000 99 293 129 82 389 433
1 555 558 10000000 94 293 116 87 226 209
0 559 559 10000000 93 76 42 75 106 31
1 559 560 10000000 85 193 75 90 130 130
1 559 561 10000000 85 297 132 79 476 410
0 562 562 10000000 99 73 29 79 123 54
1 562 563 10000000 87 192 77 80 158 140
1 562 564 10000000 94 324 144 80 500 412
1 562 565 10000000 95 204 81 84 163 142
0 566 566 10000000 105 44 55 82 95 15
1 566 567 10000000 90 197 80 87 164 152
1 566 568 10000000 88 324 194 80 665 516
1 566 569 10000000 101 206 84 87 165 155
0 570 570 10000000 352 31 50 85 117 17
1 570 571 10000000 87 222 107 82 140 165
1 570 572 10000000 86 343 172 166 480 417
1 570 573 10000000 90 211 107 78 136 127
0 574 574 10000000 112 30 44 79 103 17
1 574 575 10000000 90 390 187 87 672 679
1 574 576 10000000 87 347 236 86 550 464
1 574 577 10000000 89 196 78 81 134 123
0 578 578 10000000 122 35 58 91 162 22
1 578 579 10000000 86 379 214 80 660 587
1 578 580 10000000 93 354 174 79 571 497
0 581 581 10000000 99 35 53 77 91 16
1 581 582 10000000 86 200 86 79 141 133
1 581 583 10000000 97 201 70 90 105 101
1 581 584 10000000 90 206 89 80 141 132
0 585 585 10000000 93 82 31 75 596 48
1 585 586 10000000 89 191 74 83 131 127
1 585 587 10000000 91 228 91 81 305 280
0 588 588 10000000 96 21 17 80 97 33
1 588 589 10000000 90 335 161 78 243 303
1 588 590 10000000 91 329 150 80 491 225
1 588 591 10000000 88 329 163 79 244 337
0 592 592 10000000 101 24 29 78 90 18
1 592 593 10000000 91 222 87 82 327 332
1 592 594 10000000 91 315 759 80 674 224
1 592 595 10000000 96 338 166 85 249 316
0 596 596 10000000 119 35 51 85 102 19
1 596 597 10000000 89 227 91 90 140 130
1 596 598 10000000 89 332 155 87 177 261
1 596 599 10000000 91 359 174 88 246 340
0 600 600 10000000 97 21 17 80 103 31
1 600 601 10000000 97 351 181 87 236 313
1 600 602 10000000 85 221 106 89 114 100
1 600 603 10000000 495 540 174 94 233 297
0 604 604 10000000 98 43 32 79 110 87
1 604 605 10000000 91 210 82 89 132 130
1 604 606 10000000 89 220 95 92 284 260
1 604 607 10000000 90 208 83 86 130 125
0 608 608 10000000 101 90 54 78 112 29
1 608 609 10000000 89 344 177 84 433 485
1 608 610 10000000 88 316 160 83 344 424
1 608 611 10000000 87 343 180 79 431 499
0 612 612 10000000 97 108 56 86 122 30
1 612 613 10000000 92 265 144 91 231 196
1 612 614 10000000 90 327 152 84 338 397
1 612 615 10000000 95 332 166 89 438 495
0 616 616 10000000 96 33 46 79 92 16
1 616 617 10000000 91 199 93 88 234 180
1 616 618 10000000 93 208 72 86 93 92
0 619 619 10000000 104 105 66 80 100 35
1 619 620 10000000 90 324 164 84 290 339
1 619 621 10000000 92 345 162 89 182 249
1 619 622 10000000 90 357 168 83 285 367
0 623 623 10000000 97 30 128 82 90 16
1 623 624 10000000 90 212 94 86 177 150
1 623 625 10000000 90 164 52 89 36 38
1 623 626 10000000 89 207 91 82 174 149
0 627 627 10000000 104 32 42 84 97 16
1 627 628 10000000 95 211 102 88 177 151
1 627 629 10000000 94 296 132 92 336 395
1 627 630 10000000 88 215 105 93 178 151
0 631 631 10000000 112 35 76 99 105 33
1 631 632 10000000 90 179 96 87 200 176
1 631 633 10000000 93 209 99 84 243 182
0 634 634 10000000 146 159 92 104 186 81
1 634 635 10000000 89 196 81 85 201 180
1 634 636 10000000 87 278 132 77 334 315
1 634 637 10000000 90 198 82 89 196 181
0 638 638 10000000 94 112 82 85 110 31
1 638 639 10000000 93 539 124 91 382 169
1 638 640 10000000 519 448 41 95 102 41
0 641 641 10000000 101 37 50 85 111 17
1 641 642 10000000 89 200 85 94 172 156
1 641 643 10000000 97 175 60 94 34 28
0 644 644 10000000 98 114 65 82 115 33
1 644 645 10000000 85 180 84 78 171 155
1 644 646 10000000 93 120 36 92 101 66
1 644 647 10000000 95 195 77 91 169 158
0 648 648 10000000 125 20 12 98 126 78
1 648 649 10000000 92 257 117 87 259 223
1 648 650 10000000 93 275 130 91 302 320
0 651 651 10000000 107 32 65 85 127 64
1 651 652 10000000 97 214 99 94 168 150
1 651 653 10000000 110 967 113 107 217 192
0 654 654 10000000 97 36 50 86 105 17
1 654 655 10000000 93 198 79 93 168 176
1 654 656 10000000 94 219 89 98 261 201
1 654 657 10000000 92 192 81 93 170 176
0 658 658 10000000 118 103 74 88 113 42
1 658 659 10000000 90 209 79 99 165 170
1 658 660 10000000 86 189 49 95 84 74
0 661 661 10000000 142 94 41 95 130 50
1 661 662 10000000 91 196 80 94 314 257
1 661 663 10000000 95 309 144 99 448 548
1 661 664 10000000 94 202 86 93 450 263
0 665 665 10000000 106 36 47 157 113 17
1 665 666 10000000 88 187 1044 101 168 170
1 665 667 10000000 93 196 96 101 200 175
0 668 668 10000000 95 119 87 84 109 44
1 668 669 10000000 86 206 93 90 295 234
1 668 670 10000000 89 178 53 92 158 151
0 671 671 10000000 100 46 57 76 90 16
1 671 672 10000000 92 310 176 94 269 373
1 671 673 10000000 82 254 101 85 607 478
1 671 674 10000000 85 298 168 89 269 332
0 675 675 10000000 90 90 43 71 110 46
1 675 676 10000000 86 520 305 88 966 684
1 675 677 10000000 86 295 189 82 490 387
1 675 678 10000000 85 321 191 91 247 245
0 679 679 10000000 566 106 52 571 145 74
1 679 680 10000000 94 432 167 559 535 330
1 679 681 10000000 95 308 92 95 568 377
0 682 682 10000000 106 91 44 81 108 45
1 682 683 10000000 94 350 167 93 300 382
1 682 684 10000000 83 119 61 94 96 67
0 685 685 10000000 126 41 52 90 114 22
1 685 686 10000000 82 286 166 82 251 244
1 685 687 10000000 81 113 29 92 91 54
0 688 688 10000000 105 23 29 87 95 18
1 688 689 10000000 84 303 164 99 254 242
1 688 690 10000000 84 304 140 104 242 203
1 688 691 10000000 84 504 248 98 643 561
0 692 692 10000000 97 26 29 90 104 17
1 692 693 10000000 91 651 283 107 661 544
1 692 694 10000000 84 204 78 97 90 93
1 692 695 10000000 88 543 286 94 694 704
0 696 696 10000000 98 30 42 90 93 18
1 696 697 10000000 89 497 278 104 592 501
1 696 698 10000000 86 278 127 104 224 196
1 696 699 10000000 85 314 166 96 242 248
0 700 700 10000000 99 87 32 91 124 53
1 700 701 10000000 85 282 148 96 298 238
1 700 702 10000000 85 118 42 104 97 61
0 703 703 10000000 95 95 49 88 112 51
1 703 704 10000000 84 283 152 95 266 244
1 703 705 10000000 83 105 39 91 100 73
0 706 706 10000000 99 83 36 92 111 47
1 706 707 10000000 81 280 161 106 248 221
1 706 708 10000000 90 187 66 103 101 83
1 706 709 10000000 84 1040 159 104 259 219
0 710 710 10000000 95 17 12 99 126 16
1 710 711 10000000 86 293 153 95 263 245
1 710 712 10000000 87 251 121 106 177 143
1 710 713 10000000 85 387 188 89 477 395
0 714 714 10000000 91 88 44 88 103 51
1 714 715 10000000 93 308 159 129 254 239
1 714 716 10000000 82 383 222 95 651 528
1 714 717 10000000 79 293 153 103 251 244
0 718 718 10000000 86 31 33 89 109 32
1 718 719 10000000 81 281 161 106 279 254
1 718 720 10000000 87 214 92 99 565 389
0 721 721 10000000 94 38 33 90 1219 104
1 721 722 10000000 84 257 150 93 245 225
1 721 723 10000000 81 269 112 108 186 174
0 724 724 10000000 98 95 40 101 112 50
1 724 725 10000000 80 285 167 110 265 251
1 724 726 10000000 81 163 50 96 102 76
0 727 727 10000000 113 28 67 95 131 71
1 727 728 10000000 82 281 145 110 252 2188
1 727 729 10000000 86 224 103 99 504 364
1 727 730 10000000 85 279 145 111 251 230
0 731 731 10000000 100 89 51 96 121 32
1 731 732 10000000 81 290 150 112 261 234
1 731 733 10000000 81 260 120 98 169 149
1 731 734 10000000 432 309 155 534 261 239
0 735 735 10000000 96 84 46 91 97 42
1 735 736 10000000 87 299 154 113 273 247
1 735 737 10000000 84 243 102 117 559 437
1 735 738 10000000 86 292 159 108 271 243
0 739 739 10000000 103 91 50 97 149 81
1 739 740 10000000 84 281 152 121 257 242
1 739 741 10000000 89 299 102 130 579 381
0 742 742 10000000 99 100 61 92 135 80
1 742 743 10000000 82 273 135 109 255 234
1 742 744 10000000 86 241 102 107 520 384
1 742 745 10000000 88 307 153 113 270 243
0 746 746 10000000 97 39 46 90 95 17
1 746 747 10000000 82 284 147 108 250 237
1 746 748 10000000 80 122 28 107 85 66
0 749 749 10000000 100 18 12 103 101 66
1 749 750 10000000 81 359 175 103 1075 783
1 749 751 10000000 90 268 106 108 887 726
1 749 752 10000000 89 375 183 111 1109 786
0 753 753 10000000 94 17 11 91 98 33
1 753 754 10000000 89 364 181 113 1132 766
1 753 755 10000000 88 212 93 109 851 651
0 756 756 10000000 98 16 12 94 103 59
1 756 757 10000000 90 291 154 106 818 529
1 756 758 10000000 92 221 103 117 1058 743
1 756 759 10000000 87 347 193 111 1294 3384
0 760 760 10000000 97 17 12 90 86 58
1 760 761 10000000 82 362 177 113 1361 866
1 760 762 10000000 84 193 97 107 1023 757
0 763 763 10000000 100 34 52 93 95 17
1 763 764 10000000 90 295 155 118 641 506
1 763 765 10000000 84 255 102 112 1099 817
0 766 766 10000000 100 569 95 95 134 64
1 766 767 10000000 90 287 136 118 628 455
1 766 768 10000000 84 321 221 111 1112 760
1 766 769 10000000 84 297 176 107 637 459
0 770 770 10000000 106 21 16 101 107 33
1 770 771 10000000 88 296 138 109 625 512
1 770 772 10000000 114 343 191 255 1136 778
1 770 773 10000000 84 279 138 113 617 452
0 774 774 10000000 96 158 93 95 117 71
1 774 775 10000000 84 274 142 100 603 455
1 774 776 10000000 88 321 213 112 1100 894
0 777 777 10000000 88 179 112 91 129 72
1 777 778 10000000 86 299 145 108 624 477
1 777 779 10000000 91 281 115 121 911 755
1 777 780 10000000 87 301 143 112 628 469
0 781 781 10000000 96 45 60 90 87 17
1 781 782 10000000 85 291 195 116 923 687
1 781 783 10000000 97 138 46 129 858 611
0 784 784 10000000 109 30 51 104 97 17
1 784 785 10000000 86 293 152 120 619 479
1 784 786 10000000 85 269 158 119 1101 854
0 787 787 10000000 103 121 83 97 123 67
1 787 788 10000000 91 305 148 118 640 466
1 787 789 10000000 81 135 44 1020 107 74
0 790 790 10000000 94 81 27 92 107 55
1 790 791 10000000 84 299 151 118 654 522
1 790 792 10000000 88 266 107 119 905 701
0 793 793 10000000 107 40 58 103 101 19
1 793 794 10000000 88 302 179 116 604 506
1 793 795 10000000 83 271 113 111 146 141
1 793 796 10000000 89 347 154 135 644 511
0 797 797 10000000 99 134 74 93 115 65
1 797 798 10000000 85 300 150 117 887 659
1 797 799 10000000 83 243 121 119 121 118
1 797 800 10000000 85 297 150 113 860 657
0 801 801 10000000 95 31 34 82 102 34
1 801 802 10000000 83 203 70 107 596 363
1 801 803 10000000 76 367 226 92 797 666
0 804 804 10000000 98 88 39 87 114 45
1 804 805 10000000 89 194 73 111 588 367
1 804 806 10000000 75 359 223 92 776 688
1 804 807 10000000 83 174 71 98 563 355
0 808 808 10000000 96 31 34 83 100 40
1 808 809 10000000 77 187 57 98 546 354
1 808 810 10000000 76 253 120 99 562 372
1 808 811 10000000 78 178 58 103 570 354
0 812 812 10000000 97 111 66 80 97 35
1 812 813 10000000 76 120 46 135 79 37
1 812 814 10000000 83 271 115 107 203 186
1 812 815 10000000 79 124 47 107 84 35
0 816 816 10000000 93 38 52 79 92 15
1 816 817 10000000 79 112 40 100 85 61
1 816 818 10000000 76 283 110 94 183 168
1 816 819 10000000 77 123 40 97 87 61
0 820 820 10000000 94 42 64 78 88 16
1 820 821 10000000 79 135 47 90 68 39
1 820 822 10000000 78 248 130 92 199 185
0 823 823 10000000 98 79 42 88 112 30
1 823 824 10000000 80 139 47 112 93 34
1 823 825 10000000 80 116 28 109 93 49
0 826 826 10000000 100 35 49 82 103 17
1 826 827 10000000 77 125 44 99 83 35
1 826 828 10000000 85 133 45 91 95 67
0 829 829 10000000 102 35 73 87 97 34
1 829 830 10000000 76 126 42 106 97 69
1 829 831 10000000 86 222 107 107 131 108
0 832 832 10000000 98 28 29 88 104 17
1 832 833 10000000 77 119 40 107 71 20
1 832 834 10000000 89 345 126 134 762 626
1 832 835 10000000 78 265 108 112 677 522
0 836 836 10000000 102 17 11 85 100 57
1 836 837 10000000 76 448 54 99 74 39
1 836 838 10000000 84 390 226 113 772 577
0 839 839 10000000 106 30 28 105 131 61
1 839 840 10000000 86 118 39 115 88 59
1 839 841 10000000 78 278 136 96 569 449
0 842 842 10000000 98 87 36 91 112 55
1 842 843 10000000 81 152 42 1504 108 62
1 842 844 10000000 81 300 134 109 578 490
0 845 845 10000000 100 97 39 94 110 38
1 845 846 10000000 82 105 44 109 80 35
1 845 847 10000000 80 225 117 110 154 138
0 848 848 10000000 101 115 79 91 114 51
1 848 849 10000000 79 121 44 97 87 35
1 848 850 10000000 85 309 150 112 690 524
0 851 851 10000000 102 75 36 89 109 32
1 851 852 10000000 77 106 40 94 79 43
1 851 853 10000000 87 290 130 96 610 483
0 854 854 10000000 110 52 74 106 115 17
1 854 855 10000000 83 122 49 107 100 61
1 854 856 10000000 84 437 255 123 1049 693
0 857 857 10000000 106 37 80 90 98 33
1 857 858 10000000 77 131 44 106 100 47
1 857 859 10000000 80 228 114 138 168 137
0 860 860 10000000 102 31 35 88 109 32
1 860 861 10000000 106 189 54 146 135 70
1 860 862 10000000 81 351 171 107 607 580
0 863 863 10000000 104 171 123 92 132 78
1 863 864 10000000 78 130 48 111 91 38
1 863 865 10000000 82 132 50 108 108 85
0 866 866 10000000 104 40 27 92 115 83
1 866 867 10000000 81 114 29 111 94 62
1 866 868 10000000 79 282 119 105 566 495
0 869 869 10000000 105 85 40 99 102 30
1 869 870 10000000 80 114 46 108 406 256
1 869 871 10000000 89 123 40 109 364 272
0 872 872 10000000 108 36 46 107 100 16
1 872 873 10000000 79 122 45 113 393 250
1 872 874 10000000 80 196 97 118 440 298
0 875 875 10000000 106 40 82 98 100 34
1 875 876 10000000 86 115 33 129 86 64
1 875 877 10000000 80 283 131 116 598 455
0 878 878 10000000 92 82 42 95 95 33
1 878 879 10000000 147 228 100 111 200 165
1 878 880 10000000 83 262 100 120 317 268
1 878 881 10000000 79 227 103 121 200 162
0 882 882 10000000 102 44 25 100 98 85
1 882 883 10000000 78 115 30 116 92 61
1 882 884 10000000 84 297 128 109 611 454
0 885 885 10000000 1089 100 38 110 400 50
1 885 886 10000000 79 109 42 108 93 45
1 885 887 10000000 83 221 113 110 148 118
0 888 888 10000000 96 84 34 105 112 45
1 888 889 10000000 82 119 38 123 93 64
1 888 890 10000000 79 137 51 122 149 82
0 891 891 10000000 111 33 38 114 100 33
1 891 892 10000000 82 128 41 121 99 62
1 891 893 10000000 84 360 177 126 604 518
0 894 894 10000000 95 78 31 104 99 31
1 894 895 10000000 79 113 44 113 91 61
1 894 896 10000000 83 166 42 128 352 173
0 897 897 10000000 98 34 46 102 104 16
1 897 898 10000000 81 120 45 129 83 48
1 897 899 10000000 81 299 156 126 763 613
0 900 900 10000000 97 106 50 107 121 49
1 900 901 10000000 84 183 63 137 187 157
1 900 902 10000000 82 242 117 199 252 211
0 903 903 10000000 108 103 48 107 118 52
1 903 904 10000000 84 876 58 121 279 154
1 903 905 10000000 77 215 110 107 226 184
0 906 906 10000000 103 426 110 106 739 85
1 906 907 10000000 84 248 111 127 1063 739
1 906 908 10000000 82 451 209 119 1373 1179
0 909 909 10000000 123 135 69 125 152 79
1 909 910 10000000 103 177 52 309 120 61
1 909 911 10000000 82 336 154 128 802 626
0 912 912 10000000 102 112 65 105 125 50
1 912 913 10000000 83 121 37 135 81 43
1 912 914 10000000 78 213 110 124 208 107
0 915 915 10000000 94 93 40 105 200 45
1 915 916 10000000 81 177 65 131 429 332
1 915 917 10000000 84 190 71 121 441 338
0 918 918 10000000 98 108 81 108 129 64
1 918 919 10000000 80 183 66 118 417 333
1 918 920 10000000 83 266 127 126 497 388
0 921 921 10000000 105 192 105 116 139 83
1 921 922 10000000 79 124 41 134 95 71
1 921 923 10000000 84 168 74 145 184 72
0 924 924 10000000 97 36 48 104 91 15
1 924 925 10000000 84 131 42 128 88 32
1 924 926 10000000 78 266 111 131 152 130
0 927 927 10000000 105 86 41 107 93 35
1 927 928 10000000 77 216 96 110 324 240
1 927 929 10000000 78 156 47 124 30 37
0 930 930 10000000 100 98 59 107 102 32
1 930 931 10000000 84 224 99 122 580 415
1 930 932 10000000 81 514 254 125 2209 1258
0 933 933 10000000 96 42 27 89 99 76
1 933 934 10000000 87 255 117 112 367 410
1 933 935 10000000 97 711 225 852 822 608
0 936 936 10000000 104 36 75 97 107 33
1 936 937 10000000 83 271 107 119 367 288
1 936 938 10000000 189 131 41 110 120 79
0 939 939 10000000 95 29 31 87 112 46
1 939 940 10000000 83 252 107 107 351 383
1 939 941 10000000 79 178 52 109 100 92
0 942 942 10000000 92 86 36 91 106 47
1 942 943 10000000 81 253 105 117 373 421
1 942 944 10000000 80 357 191 111 543 442
0 945 945 10000000 95 77 44 92 114 34
1 945 946 10000000 82 250 114 117 363 376
1 945 947 10000000 80 202 68 105 243 173
0 948 948 10000000 92 17 13 87 87 56
1 948 949 10000000 86 261 114 116 373 379
1 948 950 10000000 83 305 157 114 577 483
0 951 951 10000000 97 33 37 94 111 35
1 951 952 10000000 84 253 109 119 479 359
1 951 953 10000000 78 233 105 108 218 189
0 954 954 10000000 109 88 46 93 105 31
1 954 955 10000000 85 250 191 116 357 331
1 954 956 10000000 83 374 185 111 594 439
0 957 957 10000000 309 99 180 92 280 14
1 957 958 10000000 80 232 115 111 357 272
1 957 959 10000000 85 543 113 128 472 536
0 960 960 10000000 102 38 58 107 101 19
1 960 961 10000000 80 241 107 104 370 358
1 960 962 10000000 81 199 84 111 268 208
0 963 963 10000000 121 39 65 113 126 20
1 963 964 10000000 87 249 223 119 648 352
1 963 965 10000000 81 115 37 108 93 50
0 966 966 10000000 92 34 30 99 101 17
1 966 967 10000000 85 615 185 233 801 564
1 966 968 10000000 79 284 143 117 345 535
0 969 969 10000000 92 34 63 121 118 51
1 969 970 10000000 79 256 102 118 347 277
1 969 971 10000000 76 238 105 114 201 170
0 972 972 10000000 92 72 29 92 108 63
1 972 973 10000000 83 300 118 113 1470 401
1 972 974 10000000 81 202 59 130 272 208
0 975 975 10000000 91 86 42 93 90 33
1 975 976 10000000 83 262 115 124 362 382
1 975 977 10000000 79 240 108 116 200 171
0 978 978 10000000 97 37 57 94 117 20
1 978 979 10000000 83 569 117 125 356 667
1 978 980 10000000 77 352 182 120 581 480
0 981 981 10000000 99 116 72 98 120 55
1 981 982 10000000 81 230 114 106 705 468
1 981 983 10000000 83 215 66 124 145 88
1 981 984 10000000 86 566 120 117 713 471
0 985 985 10000000 93 95 38 94 114 42
1 985 986 10000000 86 231 113 112 688 471
1 985 987 10000000 85 180 64 118 135 83
1 985 988 10000000 79 236 113 113 692 475
0 989 989 10000000 99 40 24 93 119 81
1 989 990 10000000 80 252 114 117 680 472
1 989 991 10000000 88 331 175 108 735 531
0 992 992 10000000 96 102 42 98 102 51
1 992 993 10000000 83 246 122 115 688 466
1 992 994 10000000 80 228 105 125 339 266
0 995 995 10000000 101 138 73 94 125 72
1 995 996 10000000 88 255 282 117 674 507
1 995 997 10000000 81 237 96 121 331 256
0 998 998 10000000 96 37 46 93 96 17
1 998 999 10000000 80 222 125 103 564 469
1 998 1000 10000000 80 251 99 125 380 379
0 1001 1001 10000000 97 77 29 88 108 47
1 1001 1002 10000000 81 249 211 122 1059 464
1 1001 1003 10000000 78 396 176 120 857 637
1 1001 1004 10000000 75 253 115 110 579 500
0 1005 1005 10000000 99 79 32 101 119 60
1 1005 1006 10000000 80 242 112 111 580 378
1 1005 1007 10000000 80 354 177 120 778 592
0 1008 1008 10000000 99 82 33 100 109 55
1 1008 1009 10000000 80 233 125 103 594 529
1 1008 1010 10000000 97 169 47 137 74 76
0 1011 1011 10000000 97 72 27 93 96 41
1 1011 1012 10000000 83 300 133 118 803 606
1 1011 1013 10000000 86 526 306 127 1286 788
1 1011 1014 10000000 81 256 126 117 590 496
0 1015 1015 10000000 98 18 13 105 96 18
1 1015 1016 10000000 79 228 128 105 560 479
1 1015 1017 10000000 81 371 181 141 795 593
0 1018 1018 10000000 103 35 21 107 109 69
1 1018 1019 10000000 81 234 120 102 837 559
1 1018 1020 10000000 83 209 68 136 174 134
0 1021 1021 10000000 95 153 74 95 109 66
1 1021 1022 10000000 80 373 258 132 2594 930
1 1021 1023 10000000 85 369 211 116 1367 925
0 1024 1024 10000000 88 22 28 96 88 16
1 1024 1025 10000000 368 376 178 120 1437 865
1 1024 1026 10000000 91 352 182 105 1364 884
0 1027 1027 10000000 102 23 27 104 92 16
1 1027 1028 10000000 75 299 132 121 1006 632
1 1027 1029 10000000 82 518 284 127 2775 1409
0 1030 1030 10000000 117 102 54 113 142 41
1 1030 1031 10000000 79 253 126 138 881 574
1 1030 1032 10000000 85 414 211 129 1751 972
0 1033 1033 10000000 111 74 35 117 117 47
1 1033 1034 10000000 79 250 114 139 851 554
1 1033 1035 10000000 88 527 250 134 1624 1019
0 1036 1036 10000000 113 87 35 120 115 65
1 1036 1037 10000000 86 253 121 135 1057 551
1 1036 1038 10000000 83 500 249 128 1630 1057
0 1039 1039 10000000 108 97 54 127 124 60
1 1039 1040 10000000 80 240 121 123 813 556
1 1039 1041 10000000 79 183 68 128 115 111
0 1042 1042 10000000 96 80 36 107 94 31
1 1042 1043 10000000 78 251 118 139 902 563
1 1042 1044 10000000 81 188 58 134 127 117
0 1045 1045 10000000 99 73 35 111 102 49
1 1045 1046 10000000 78 245 114 134 825 551
1 1045 1047 10000000 83 476 250 132 1608 1059
0 1048 1048 10000000 94 85 40 107 116 64
1 1048 1049 10000000 80 250 112 132 828 549
1 1048 1050 10000000 82 494 253 134 1610 1050
0 1051 1051 10000000 1097 37 47 113 110 17
1 1051 1052 10000000 80 251 133 136 857 557
1 1051 1053 10000000 86 258 94 139 385 303
0 1054 1054 10000000 96 101 62 109 109 57
1 1054 1055 10000000 79 253 106 272 1127 779
1 1054 1056 10000000 77 460 256 126 2690 1085
0 1057 1057 10000000 97 105 80 108 92 32
1 1057 1058 10000000 82 254 100 138 1111 750
1 1057 1059 10000000 91 487 274 138 1924 1174
0 1060 1060 10000000 109 128 87 119 196 69
1 1060 1061 10000000 80 251 115 127 1124 741
1 1060 1062 10000000 82 403 1211 120 1361 1057
0 1063 1063 10000000 96 64 16 106 120 48
1 1063 1064 10000000 80 247 110 132 1112 817
1 1063 1065 10000000 81 359 236 141 1321 911
0 1066 1066 10000000 93 79 25 102 108 48
1 1066 1067 10000000 77 240 121 110 1198 763
1 1066 1068 10000000 83 533 316 142 1963 1257
0 1069 1069 10000000 101 17 13 110 98 16
1 1069 1070 10000000 80 261 109 133 1154 1440
1 1069 1071 10000000 79 159 63 117 86 75
0 1072 1072 10000000 96 109 72 116 119 51
1 1072 1073 10000000 82 259 125 133 1095 761
1 1072 1074 10000000 94 194 70 145 117 107
0 1075 1075 10000000 101 25 31 112 97 20
1 1075 1076 10000000 81 369 182 142 1717 881
1 1075 1077 10000000 84 432 216 133 1403 915
0 1078 1078 10000000 99 95 53 89 97 34
1 1078 1079 10000000 77 253 187 117 393 352
1 1078 1080 10000000 80 609 325 113 1637 958
0 1081 1081 10000000 99 110 84 90 123 48
1 1081 1082 10000000 85 316 121 147 446 495
1 1081 1083 10000000 102 410 347 125 674 1690
0 1084 1084 10000000 106 83 37 426 111 29
1 1084 1085 10000000 83 352 114 160 1148 398
1 1084 1086 10000000 87 562 319 138 2297 1573
0 1087 1087 10000000 113 104 279 95 106 38
1 1087 1088 10000000 88 294 115 133 421 4513
1 1087 1089 10000000 99 11436 345 179 2556 1878
0 1090 1090 10000000 106 39 21 99 121 76
1 1090 1091 10000000 78 254 99 126 395 403
1 1090 1092 10000000 77 331 187 112 542 389
0 1093 1093 10000000 107 81 41 96 114 35
1 1093 1094 10000000 82 248 116 131 365 381
1 1093 1095 10000000 78 424 214 122 1056 1829
0 1096 1096 10000000 102 82 34 100 113 45
1 1096 1097 10000000 86 324 136 129 679 468
1 1096 1098 10000000 84 238 101 123 189 163
0 1099 1099 10000000 99 25 41 94 93 16
1 1099 1100 10000000 82 311 135 123 607 447
1 1099 1101 10000000 82 226 101 123 198 162
0 1102 1102 10000000 104 83 32 109 124 50
1 1102 1103 10000000 87 293 100 139 382 316
1 1102 1104 10000000 81 200 70 128 386 213
