0 0 0 10000000 68 17 12 71 98 17
1 0 1 10000000 70 100 18 66 59 15
1 0 2 10000000 70 87 18 66 17 13
0 3 3 10000000 68 18 12 74 109 17
1 3 4 10000000 135 115 19 73 62 16
1 3 5 10000000 70 85 15 71 17 13
0 6 6 10000000 71 20 12 75 112 17
1 6 7 10000000 73 101 18 70 57 12
1 6 8 10000000 71 96 20 72 20 13
0 9 9 10000000 70 18 13 74 103 20
1 9 10 10000000 77 107 17 69 65 13
1 9 11 10000000 74 90 18 68 19 13
0 12 12 10000000 70 18 13 77 100 19
1 12 13 10000000 77 111 38 70 61 15
1 12 14 10000000 73 152 18 68 18 13
0 15 15 10000000 67 18 14 75 102 17
1 15 16 10000000 82 111 18 71 66 12
1 15 17 10000000 73 86 17 73 21 16
0 18 18 10000000 70 19 13 77 102 18
1 18 19 10000000 78 124 21 76 74 13
1 18 20 10000000 76 110 19 73 19 13
0 21 21 10000000 72 23 12 75 115 19
1 21 22 10000000 72 243 18 70 66 15
1 21 23 10000000 71 85 16 68 19 13
0 24 24 10000000 67 19 13 75 96 18
1 24 25 10000000 71 91 18 71 57 14
1 24 26 10000000 71 86 16 70 22 13
0 27 27 10000000 70 19 15 78 116 17
1 27 28 10000000 72 110 18 74 62 14
1 27 29 10000000 70 90 18 69 18 12
0 30 30 10000000 70 20 12 76 105 18
1 30 31 10000000 80 246 18 71 54 14
1 30 32 10000000 71 91 17 70 21 12
0 33 33 10000000 71 19 12 78 106 16
1 33 34 10000000 75 109 20 71 60 13
1 33 35 10000000 99 153 26 95 21 15
0 36 36 10000000 69 18 13 78 104 18
1 36 37 10000000 75 106 18 72 55 13
1 36 38 10000000 72 93 16 71 19 13
0 39 39 10000000 69 18 14 78 106 17
1 39 40 10000000 897 130 18 83 60 13
1 39 41 10000000 116 163 26 99 22 14
0 42 42 10000000 68 19 13 81 110 18
1 42 43 10000000 249 109 19 73 57 12
1 42 44 10000000 72 92 20 70 18 12
0 45 45 10000000 70 17 13 80 106 17
1 45 46 10000000 75 104 20 69 58 13
1 45 47 10000000 75 92 16 70 18 12
0 48 48 10000000 67 19 14 82 105 17
1 48 49 10000000 74 109 20 71 60 13
1 48 50 10000000 78 123 22 70 19 13
0 51 51 10000000 67 18 13 78 118 19
1 51 52 10000000 75 101 20 74 60 12
1 51 53 10000000 71 78 18 68 19 14
0 54 54 10000000 69 18 14 80 95 16
1 54 55 10000000 85 107 17 72 57 13
1 54 56 10000000 74 96 18 76 20 15
0 57 57 10000000 68 19 13 76 108 19
1 57 58 10000000 89 132 21 84 81 14
1 57 59 10000000 70 90 16 75 18 13
0 60 60 10000000 70 19 15 81 104 19
1 60 61 10000000 71 109 18 73 58 12
1 60 62 10000000 78 88 18 72 18 12
0 63 63 10000000 70 18 13 79 112 16
1 63 64 10000000 75 109 18 76 61 14
1 63 65 10000000 69 97 16 73 19 13
0 66 66 10000000 69 18 15 77 103 20
1 66 67 10000000 71 106 21 77 59 13
1 66 68 10000000 70 95 16 75 18 13
0 69 69 10000000 71 19 13 84 116 17
1 69 70 10000000 71 104 19 74 56 13
1 69 71 10000000 70 88 17 74 18 13
0 72 72 10000000 72 18 12 78 106 17
1 72 73 10000000 69 105 19 74 64 13
1 72 74 10000000 70 93 17 79 18 13
0 75 75 10000000 68 17 15 77 99 16
1 75 76 10000000 111 203 42 140 154 24
1 75 77 10000000 74 87 17 71 18 16
0 78 78 10000000 67 19 13 75 104 20
1 78 79 10000000 70 96 18 76 57 12
1 78 80 10000000 72 107 16 77 18 12
0 81 81 10000000 68 17 12 78 101 17
1 81 82 10000000 73 105 18 76 59 12
1 81 83 10000000 71 78 19 72 17 14
0 84 84 10000000 70 19 13 78 109 18
1 84 85 10000000 74 102 19 80 68 13
1 84 86 10000000 71 97 15 73 19 12
0 87 87 10000000 69 18 12 82 108 17
1 87 88 10000000 71 94 25 83 63 13
1 87 89 10000000 75 100 20 75 21 14
0 90 90 10000000 76 24 19 85 125 40
1 90 91 10000000 70 159 27 75 36 60
1 90 92 10000000 74 101 18 75 69 27
0 93 93 10000000 88 22 16 79 115 34
1 93 94 10000000 76 170 27 79 39 42
1 93 95 10000000 74 114 18 79 69 22
1 93 96 10000000 81 208 30 86 39 44
0 97 97 10000000 75 19 16 80 102 19
1 97 98 10000000 74 174 62 74 50 28
1 97 99 10000000 76 92 18 70 20 14
0 100 100 10000000 74 18 12 78 102 17
1 100 101 10000000 78 186 44 108 33 37
1 100 102 10000000 73 112 33 72 71 19
0 103 103 10000000 80 18 13 85 110 19
1 103 104 10000000 82 175 53 81 34 28
1 103 105 10000000 75 106 29 73 67 18
1 103 106 10000000 75 223 50 76 47 30
0 107 107 10000000 78 19 13 86 111 17
1 107 108 10000000 77 105 19 79 63 14
1 107 109 10000000 82 190 19 83 19 14
0 110 110 10000000 76 18 13 89 114 39
1 110 111 10000000 80 122 22 91 66 17
1 110 112 10000000 77 104 17 80 18 13
0 113 113 10000000 82 18 12 86 107 17
1 113 114 10000000 78 101 18 96 64 15
1 113 115 10000000 78 89 18 77 18 12
0 116 116 10000000 77 16 12 83 98 19
1 116 117 10000000 76 106 19 84 64 16
1 116 118 10000000 78 92 17 81 17 13
0 119 119 10000000 76 17 12 86 101 17
1 119 120 10000000 95 247 58 129 54 30
1 119 121 10000000 78 119 35 82 78 21
0 122 122 10000000 77 17 12 93 106 18
1 122 123 10000000 75 165 48 85 47 29
1 122 124 10000000 76 165 39 88 33 21
1 122 125 10000000 78 188 57 89 53 37
0 126 126 10000000 379 22 12 205 414 20
1 126 127 10000000 76 117 27 87 69 17
1 126 128 10000000 76 89 17 89 16 12
0 129 129 10000000 95 17 12 86 110 17
1 129 130 10000000 77 180 42 88 47 29
1 129 131 10000000 76 93 17 88 19 13
0 132 132 10000000 91 17 12 75 105 15
1 132 133 10000000 92 112 20 79 75 14
1 132 134 10000000 89 102 19 71 60 13
0 135 135 10000000 88 17 12 79 99 17
1 135 136 10000000 90 105 20 74 65 18
1 135 137 10000000 94 101 20 76 17 13
0 138 138 10000000 88 18 13 80 104 16
1 138 139 10000000 89 109 18 80 65 15
1 138 140 10000000 195 113 20 80 17 14
0 141 141 10000000 90 16 13 79 98 16
1 141 142 10000000 107 144 31 79 78 20
1 141 143 10000000 94 117 32 88 21 23
0 144 144 10000000 93 16 13 79 89 18
1 144 145 10000000 90 121 30 78 75 19
1 144 146 10000000 90 120 28 84 22 16
0 147 147 10000000 91 23 18 80 114 35
1 147 148 10000000 88 105 30 82 74 31
1 147 149 10000000 92 108 26 88 27 30
0 150 150 10000000 91 23 15 88 104 17
1 150 151 10000000 91 107 29 82 71 20
1 150 152 10000000 88 82 16 75 17 12
0 153 153 10000000 92 16 15 77 104 18
1 153 154 10000000 89 120 32 81 75 20
1 153 155 10000000 726 135 25 84 77 14
0 156 156 10000000 98 17 12 84 108 16
1 156 157 10000000 94 202 53 82 1450 32
1 156 158 10000000 94 115 22 88 17 13
0 159 159 10000000 87 16 13 81 105 18
1 159 160 10000000 87 163 42 84 32 36
1 159 161 10000000 93 120 36 82 66 23
1 159 162 10000000 116 204 41 92 35 36
0 163 163 10000000 94 18 13 84 103 19
1 163 164 10000000 93 163 41 79 35 32
1 163 165 10000000 89 97 18 93 18 13
0 166 166 10000000 91 18 14 89 110 16
1 166 167 10000000 90 164 40 87 31 39
1 166 168 10000000 89 166 41 87 29 38
1 166 169 10000000 94 162 45 93 30 37
0 170 170 10000000 93 19 13 86 104 20
1 170 171 10000000 90 152 42 86 32 36
1 170 172 10000000 91 97 20 86 19 14
0 173 173 10000000 98 18 13 84 112 17
1 173 174 10000000 108 174 61 74 57 38
1 173 175 10000000 104 93 16 75 20 13
0 176 176 10000000 97 16 13 85 103 16
1 176 177 10000000 99 186 47 77 48 31
1 176 178 10000000 101 190 63 78 38 31
1 176 179 10000000 109 181 49 76 48 1502
0 180 180 10000000 100 18 14 86 106 18
1 180 181 10000000 108 208 52 92 54 31
1 180 182 10000000 102 112 22 90 19 12
0 183 183 10000000 102 17 13 86 105 15
1 183 184 10000000 102 185 46 83 49 30
1 183 185 10000000 112 217 49 94 51 33
0 186 186 10000000 105 16 12 88 105 21
1 186 187 10000000 227 192 52 488 50 32
1 186 188 10000000 216 199 50 92 54 33
1 186 189 10000000 105 182 48 89 52 31
0 190 190 10000000 104 18 12 99 107 23
1 190 191 10000000 98 178 45 94 48 32
1 190 192 10000000 100 85 19 86 61 14
0 193 193 10000000 117 17 13 93 93 18
1 193 194 10000000 98 188 48 86 50 31
1 193 195 10000000 103 187 51 87 55 38
1 193 196 10000000 102 189 54 85 55 36
0 197 197 10000000 113 17 13 74 90 16
1 197 198 10000000 110 199 60 79 54 40
1 197 199 10000000 116 143 22 93 22 16
0 200 200 10000000 109 20 13 82 99 16
1 200 201 10000000 116 191 60 75 37 29
1 200 202 10000000 119 179 46 76 47 31
1 200 203 10000000 112 178 51 77 50 34
0 204 204 10000000 115 17 12 85 102 21
1 204 205 10000000 103 169 53 72 51 34
1 204 206 10000000 109 111 21 82 18 13
0 207 207 10000000 122 17 13 180 98 18
1 207 208 10000000 113 124 31 82 82 19
1 207 209 10000000 107 90 16 76 18 12
0 210 210 10000000 111 16 12 83 100 18
1 210 211 10000000 108 96 17 82 62 14
1 210 212 10000000 116 89 18 82 17 14
0 213 213 10000000 115 18 12 89 99 16
1 213 214 10000000 109 166 56 84 42 29
1 213 215 10000000 114 188 50 86 47 30
0 216 216 10000000 118 16 12 89 97 16
1 216 217 10000000 115 119 19 87 65 15
1 216 218 10000000 108 101 18 85 17 12
0 219 219 10000000 113 17 13 91 102 16
1 219 220 10000000 109 179 59 84 33 28
1 219 221 10000000 108 192 51 85 48 32
0 222 222 10000000 115 19 13 89 109 17
1 222 223 10000000 108 173 27 90 27 35
1 222 224 10000000 108 103 18 90 56 13
0 225 225 10000000 114 16 12 94 112 17
1 225 226 10000000 111 104 17 87 66 13
1 225 227 10000000 117 127 21 93 73 16
0 228 228 10000000 124 15 13 81 110 17
1 228 229 10000000 110 87 17 72 17 13
1 228 230 10000000 750 381 60 91 61 39
1 228 231 10000000 115 193 63 97 59 50
0 232 232 10000000 119 16 12 78 90 18
1 232 233 10000000 113 191 48 80 48 30
1 232 234 10000000 113 101 16 78 20 13
0 235 235 10000000 124 19 13 82 100 16
1 235 236 10000000 118 196 49 79 46 29
1 235 237 10000000 113 111 16 80 17 14
0 238 238 10000000 119 20 12 86 110 18
1 238 239 10000000 119 221 52 86 52 35
1 238 240 10000000 115 196 55 78 52 39
0 241 241 10000000 121 28 26 89 103 17
1 241 242 10000000 111 96 25 74 21 17
1 241 243 10000000 112 202 51 132 54 33
1 241 244 10000000 113 189 51 80 45 33
0 245 245 10000000 116 25 27 86 86 17
1 245 246 10000000 114 165 49 82 48 31
1 245 247 10000000 110 105 26 80 20 18
0 248 248 10000000 125 16 13 90 104 19
1 248 249 10000000 116 113 19 83 68 15
1 248 250 10000000 112 87 16 75 17 13
0 251 251 10000000 117 18 19 85 92 17
1 251 252 10000000 112 97 17 82 17 15
1 251 253 10000000 116 211 65 86 58 52
1 251 254 10000000 114 189 54 87 54 49
0 255 255 10000000 118 19 14 86 93 18
1 255 256 10000000 118 197 49 88 51 32
1 255 257 10000000 114 103 18 87 61 16
0 258 258 10000000 126 16 12 93 107 16
1 258 259 10000000 480 215 58 91 56 36
1 258 260 10000000 111 80 15 78 20 12
0 261 261 10000000 121 16 13 91 103 21
1 261 262 10000000 116 237 53 118 59 35
1 261 263 10000000 117 235 62 99 60 51
1 261 264 10000000 115 315 53 91 58 35
0 265 265 10000000 124 19 14 97 103 17
1 265 266 10000000 116 193 47 97 47 32
1 265 267 10000000 120 207 56 99 59 53
1 265 268 10000000 112 193 57 95 59 52
0 269 269 10000000 123 18 13 96 105 16
1 269 270 10000000 118 178 47 92 49 30
1 269 271 10000000 111 90 16 90 18 12
0 272 272 10000000 129 19 13 81 94 17
1 272 273 10000000 114 163 51 83 49 30
1 272 274 10000000 117 101 18 83 64 12
0 275 275 10000000 132 19 11 99 104 16
1 275 276 10000000 122 189 48 81 48 30
1 275 277 10000000 120 98 18 81 57 13
0 278 278 10000000 123 20 14 88 102 18
1 278 279 10000000 121 182 52 81 51 37
1 278 280 10000000 121 111 16 86 19 12
0 281 281 10000000 129 29 31 88 98 18
1 281 282 10000000 115 205 85 84 108 88
1 281 283 10000000 122 191 50 85 51 36
1 281 284 10000000 118 192 183 88 53 40
0 285 285 10000000 129 17 13 90 94 16
1 285 286 10000000 113 185 50 85 51 36
1 285 287 10000000 126 118 18 89 57 13
0 288 288 10000000 126 17 12 91 104 20
1 288 289 10000000 115 176 47 86 51 33
1 288 290 10000000 118 226 64 97 60 53
1 288 291 10000000 121 250 85 100 68 65
0 292 292 10000000 121 19 13 93 102 20
1 292 293 10000000 119 182 45 87 48 32
1 292 294 10000000 121 95 21 93 56 13
0 295 295 10000000 126 24 15 97 160 26
1 295 296 10000000 138 308 60 127 71 42
1 295 297 10000000 123 113 16 98 20 13
0 298 298 10000000 127 18 13 98 94 18
1 298 299 10000000 117 186 52 89 56 38
1 298 300 10000000 121 108 19 92 17 12
0 301 301 10000000 123 19 14 97 105 19
1 301 302 10000000 124 183 47 94 50 31
1 301 303 10000000 130 248 83 99 53 54
1 301 304 10000000 114 164 48 96 47 30
0 305 305 10000000 155 18 12 108 118 18
1 305 306 10000000 120 182 47 95 46 32
1 305 307 10000000 121 202 60 93 59 53
1 305 308 10000000 115 211 61 96 59 55
0 309 309 10000000 133 16 12 88 93 16
1 309 310 10000000 246 182 51 82 51 31
1 309 311 10000000 123 106 17 88 18 12
0 312 312 10000000 133 16 13 94 100 17
1 312 313 10000000 122 206 51 95 49 32
1 312 314 10000000 141 142 23 109 85 14
0 315 315 10000000 133 16 14 90 103 17
1 315 316 10000000 118 248 113 84 88 92
1 315 317 10000000 120 217 73 89 53 48
1 315 318 10000000 123 189 55 82 53 36
0 319 319 10000000 139 19 11 89 93 16
1 319 320 10000000 125 184 45 84 46 31
1 319 321 10000000 119 223 83 84 65 54
1 319 322 10000000 121 379 83 292 81 76
0 323 323 10000000 140 18 12 95 108 16
1 323 324 10000000 128 171 46 86 47 30
1 323 325 10000000 124 98 18 89 66 14
0 326 326 10000000 133 18 13 94 88 16
1 326 327 10000000 126 195 47 100 48 31
1 326 328 10000000 131 125 19 90 70 13
1 326 329 10000000 125 279 54 88 55 36
0 330 330 10000000 130 18 12 90 91 15
1 330 331 10000000 121 85 18 83 15 13
1 330 332 10000000 124 223 73 93 68 68
1 330 333 10000000 125 253 79 91 69 73
0 334 334 10000000 133 18 13 93 96 18
1 334 335 10000000 124 191 56 88 55 35
1 334 336 10000000 122 97 19 91 16 12
0 337 337 10000000 134 22 13 93 102 16
1 337 338 10000000 127 108 18 96 18 12
1 337 339 10000000 123 225 531 96 67 82
1 337 340 10000000 127 292 126 92 103 90
0 341 341 10000000 146 17 12 99 108 17
1 341 342 10000000 123 183 49 99 47 30
1 341 343 10000000 125 105 18 96 59 13
0 344 344 10000000 139 16 13 100 102 17
1 344 345 10000000 136 206 46 101 49 34
1 344 346 10000000 125 113 19 97 61 16
1 344 347 10000000 129 233 103 102 64 50
0 348 348 10000000 139 17 14 94 106 17
1 348 349 10000000 127 100 18 94 17 13
1 348 350 10000000 121 100 18 97 63 14
1 348 351 10000000 122 212 75 99 51 50
0 352 352 10000000 134 21 12 91 102 17
1 352 353 10000000 124 88 20 79 18 12
1 352 354 10000000 136 102 21 90 74 17
1 352 355 10000000 130 187 60 85 58 36
0 356 356 10000000 137 17 12 88 97 15
1 356 357 10000000 135 186 52 91 49 31
1 356 358 10000000 125 107 18 87 60 13
0 359 359 10000000 137 20 12 88 98 15
1 359 360 10000000 126 190 56 87 55 37
1 359 361 10000000 133 103 20 85 19 13
0 362 362 10000000 144 17 13 90 95 16
1 362 363 10000000 151 273 62 122 65 40
1 362 364 10000000 154 148 28 128 20 14
0 365 365 10000000 130 18 12 88 92 16
1 365 366 10000000 129 389 238 92 174 197
1 365 367 10000000 131 235 74 92 68 67
1 365 368 10000000 128 288 135 91 103 110
0 369 369 10000000 141 17 13 94 105 17
1 369 370 10000000 125 110 17 95 62 16
1 369 371 10000000 127 110 18 94 62 13
0 372 372 10000000 135 17 13 93 95 15
1 372 373 10000000 127 222 99 93 139 159
1 372 374 10000000 125 309 141 93 197 202
0 375 375 10000000 139 25 29 99 109 18
1 375 376 10000000 127 184 51 94 48 32
1 375 377 10000000 126 205 56 90 55 40
1 375 378 10000000 127 269 197 94 94 95
0 379 379 10000000 139 17 13 95 92 19
1 379 380 10000000 169 156 31 140 21 14
1 379 381 10000000 126 198 54 93 53 39
1 379 382 10000000 125 406 110 94 82 77
0 383 383 10000000 151 20 13 93 113 19
1 383 384 10000000 127 279 135 93 81 65
1 383 385 10000000 129 95 19 92 60 13
0 386 386 10000000 140 16 15 92 95 17
1 386 387 10000000 127 353 174 98 86 95
1 386 388 10000000 129 109 17 94 56 13
0 389 389 10000000 130 17 13 93 92 15
1 389 390 10000000 124 169 57 88 55 37
1 389 391 10000000 136 257 20 181 64 13
0 392 392 10000000 123 17 12 92 85 16
1 392 393 10000000 127 272 124 94 77 66
1 392 394 10000000 125 222 81 96 56 52
1 392 395 10000000 130 401 186 118 131 112
0 396 396 10000000 135 17 15 94 98 17
1 396 397 10000000 126 299 141 94 87 84
1 396 398 10000000 141 95 23 95 67 22
1 396 399 10000000 126 367 180 93 110 105
0 400 400 10000000 138 16 13 91 91 17
1 400 401 10000000 127 219 103 92 79 79
1 400 402 10000000 124 228 72 90 56 47
0 403 403 10000000 154 16 12 89 105 16
1 403 404 10000000 136 198 65 88 34 36
1 403 405 10000000 125 492 213 86 184 298
0 406 406 10000000 193 30 37 137 126 21
1 406 407 10000000 138 107 18 81 21 13
1 406 408 10000000 130 352 227 89 126 127
1 406 409 10000000 134 734 555 99 478 387
0 410 410 10000000 144 26 25 89 102 16
1 410 411 10000000 125 178 60 91 33 27
1 410 412 10000000 134 111 21 97 18 12
0 413 413 10000000 148 28 27 93 105 18
1 413 414 10000000 133 184 66 91 36 28
1 413 415 10000000 137 106 19 93 20 13
0 416 416 10000000 144 467 27 98 108 17
1 416 417 10000000 129 512 294 97 139 134
1 416 418 10000000 125 300 218 97 98 82
0 419 419 10000000 143 24 27 98 100 16
1 419 420 10000000 131 396 193 97 190 221
1 419 421 10000000 130 338 240 93 109 110
0 422 422 10000000 145 26 26 102 103 19
1 422 423 10000000 129 174 53 101 32 25
1 422 424 10000000 126 392 259 98 143 138
1 422 425 10000000 139 611 148 1396 547 220
0 426 426 10000000 152 27 29 105 104 16
1 426 427 10000000 127 279 134 97 169 213
1 426 428 10000000 129 108 29 100 21 18
0 429 429 10000000 1759 19 12 105 128 17
1 429 430 10000000 134 102 18 88 18 14
1 429 431 10000000 130 409 269 95 145 141
1 429 432 10000000 136 672 181 94 246 268
0 433 433 10000000 146 27 31 102 96 16
1 433 434 10000000 130 215 83 99 74 66
1 433 435 10000000 160 277 92 132 74 60
0 436 436 10000000 972 27 28 93 117 17
1 436 437 10000000 128 208 60 97 55 54
1 436 438 10000000 128 96 20 99 17 13
0 439 439 10000000 173 31 34 91 123 18
1 439 440 10000000 132 486 323 90 155 266
1 439 441 10000000 131 109 19 87 63 13
0 442 442 10000000 157 24 32 88 100 17
1 442 443 10000000 135 179 55 90 33 31
1 442 444 10000000 137 288 136 92 127 153
1 442 445 10000000 137 294 138 89 128 156
0 446 446 10000000 156 29 43 89 92 16
1 446 447 10000000 135 289 124 102 82 88
1 446 448 10000000 133 216 99 94 67 69
0 449 449 10000000 160 21 18 92 113 50
1 449 450 10000000 141 262 122 173 81 92
1 449 451 10000000 139 265 120 89 85 88
1 449 452 10000000 136 181 54 90 52 36
0 453 453 10000000 160 29 31 93 107 19
1 453 454 10000000 138 284 141 94 68 58
1 453 455 10000000 131 100 17 92 17 12
0 456 456 10000000 156 17 12 99 113 16
1 456 457 10000000 134 185 50 94 46 29
1 456 458 10000000 132 319 148 93 102 84
0 459 459 10000000 161 19 14 94 106 18
1 459 460 10000000 135 176 46 96 48 30
1 459 461 10000000 237 503 154 103 114 86
0 462 462 10000000 163 17 12 99 104 16
1 462 463 10000000 137 184 46 93 46 29
1 462 464 10000000 134 306 143 91 99 89
0 465 465 10000000 161 30 45 86 95 18
1 465 466 10000000 141 201 62 91 54 35
1 465 467 10000000 135 350 178 87 280 403
1 465 468 10000000 137 754 520 88 426 300
0 469 469 10000000 155 25 30 89 104 17
1 469 470 10000000 141 433 294 90 146 235
1 469 471 10000000 137 211 103 86 139 170
1 469 472 10000000 139 493 328 87 152 395
0 473 473 10000000 168 27 32 98 115 22
1 473 474 10000000 147 298 162 93 92 94
1 473 475 10000000 136 105 17 92 20 13
0 476 476 10000000 157 16 12 90 101 16
1 476 477 10000000 141 181 46 94 47 30
1 476 478 10000000 139 466 195 89 143 591
1 476 479 10000000 140 185 48 90 49 36
0 480 480 10000000 164 18 12 92 92 16
1 480 481 10000000 142 185 47 96 46 30
1 480 482 10000000 156 114 17 96 20 12
0 483 483 10000000 167 18 13 92 88 16
1 483 484 10000000 186 281 54 158 50 35
1 483 485 10000000 136 195 19 94 61 14
0 486 486 10000000 164 16 13 97 106 16
1 486 487 10000000 139 177 47 93 47 31
1 486 488 10000000 137 420 203 91 146 248
0 489 489 10000000 165 16 12 94 88 18
1 489 490 10000000 140 182 45 95 47 30
1 489 491 10000000 143 422 210 94 150 250
1 489 492 10000000 135 189 51 102 51 34
0 493 493 10000000 161 16 13 97 92 16
1 493 494 10000000 145 184 48 96 47 31
1 493 495 10000000 139 104 18 91 60 12
0 496 496 10000000 169 16 14 94 101 17
1 496 497 10000000 133 189 56 97 52 32
1 496 498 10000000 135 103 20 89 67 15
0 499 499 10000000 182 19 12 100 107 17
1 499 500 10000000 135 213 49 110 49 33
1 499 501 10000000 151 342 259 98 248 628
1 499 502 10000000 136 181 49 99 48 31
0 503 503 10000000 178 19 13 98 97 17
1 503 504 10000000 137 177 52 109 49 33
1 503 505 10000000 137 102 19 104 68 15
0 506 506 10000000 164 34 44 100 93 16
1 506 507 10000000 135 510 366 99 112 207
1 506 508 10000000 137 360 184 103 273 341
1 506 509 10000000 138 209 83 99 203 187
0 510 510 10000000 169 24 26 98 96 17
1 510 511 10000000 137 205 91 101 167 155
1 510 512 10000000 135 1218 79 97 147 136
0 513 513 10000000 165 16 13 101 101 21
1 513 514 10000000 133 177 45 106 49 28
1 513 515 10000000 132 316 258 102 217 242
0 516 516 10000000 187 19 16 110 148 17
1 516 517 10000000 134 209 50 117 53 32
1 516 518 10000000 132 331 280 101 325 238
1 516 519 10000000 135 223 52 106 52 35
0 520 520 10000000 165 20 14 107 94 17
1 520 521 10000000 144 209 47 111 48 32
1 520 522 10000000 134 109 20 109 61 12
0 523 523 10000000 396 26 20 230 265 31
1 523 524 10000000 132 173 46 103 45 29
1 523 525 10000000 132 337 791 99 283 323
0 526 526 10000000 154 17 13 93 105 16
1 526 527 10000000 149 144 60 94 76 33
1 526 528 10000000 142 415 203 94 209 359
1 526 529 10000000 141 120 52 91 68 35
0 530 530 10000000 157 18 14 93 110 19
1 530 531 10000000 145 156 51 105 79 37
1 530 532 10000000 142 417 191 90 207 358
1 530 533 10000000 142 136 45 89 72 36
0 534 534 10000000 161 18 13 90 111 20
1 534 535 10000000 437 258 68 199 162 24
1 534 536 10000000 143 448 195 88 209 338
0 537 537 10000000 156 23 12 92 101 17
1 537 538 10000000 147 122 31 91 285 19
1 537 539 10000000 141 408 198 92 208 335
1 537 540 10000000 150 139 50 91 100 185
0 541 541 10000000 167 19 17 102 117 20
1 541 542 10000000 143 131 47 97 68 35
1 541 543 10000000 140 404 186 91 209 355
1 541 544 10000000 138 137 48 95 63 33
0 545 545 10000000 157 24 11 96 101 17
1 545 546 10000000 137 187 18 95 64 13
1 545 547 10000000 141 408 195 95 321 368
0 548 548 10000000 155 18 12 92 96 18
1 548 549 10000000 148 111 19 93 74 15
1 548 550 10000000 139 429 302 98 219 319
0 551 551 10000000 154 19 13 95 102 17
1 551 552 10000000 150 200 52 93 46 29
1 551 553 10000000 148 328 149 94 177 204
1 551 554 10000000 140 189 47 100 47 33
0 555 555 10000000 153 19 13 100 109 18
1 555 556 10000000 136 160 49 86 50 34
1 555 557 10000000 136 105 23 102 72 22
0 558 558 10000000 151 19 13 104 120 20
1 558 559 10000000 142 123 30 98 70 23
1 558 560 10000000 181 487 181 164 277 282
1 558 561 10000000 143 195 44 96 49 30
0 562 562 10000000 166 17 12 91 94 19
1 562 563 10000000 146 220 60 104 54 35
1 562 564 10000000 146 105 22 95 72 19
0 565 565 10000000 149 16 13 95 103 18
1 565 566 10000000 156 133 27 116 77 21
1 565 567 10000000 140 93 18 85 16 13
0 568 568 10000000 150 16 14 96 99 16
1 568 569 10000000 158 239 21 269 62 14
1 568 570 10000000 141 306 135 98 246 365
1 568 571 10000000 156 182 56 99 52 36
0 572 572 10000000 148 32 51 93 90 17
1 572 573 10000000 147 161 60 90 35 28
1 572 574 10000000 143 102 17 97 18 12
0 575 575 10000000 154 28 26 92 94 16
1 575 576 10000000 150 240 56 119 53 31
1 575 577 10000000 140 188 69 98 139 151
0 578 578 10000000 163 36 46 101 93 17
1 578 579 10000000 147 252 101 97 115 112
1 578 580 10000000 144 285 122 95 232 264
1 578 581 10000000 145 183 50 97 47 28
0 582 582 10000000 147 33 44 95 92 15
1 582 583 10000000 140 172 49 89 44 31
1 582 584 10000000 148 101 16 104 19 12
0 585 585 10000000 149 30 43 91 111 16
1 585 586 10000000 140 176 60 99 47 32
1 585 587 10000000 144 97 18 97 61 16
0 588 588 10000000 152 44 40 99 113 72
1 588 589 10000000 142 121 33 96 80 21
1 588 590 10000000 143 302 142 103 253 367
0 591 591 10000000 180 22 14 108 129 20
1 591 592 10000000 142 124 30 98 71 21
1 591 593 10000000 140 98 27 98 22 18
0 594 594 10000000 154 19 12 97 102 18
1 594 595 10000000 157 145 23 128 82 17
1 594 596 10000000 144 93 15 84 19 13
0 597 597 10000000 153 19 100 99 108 16
1 597 598 10000000 150 114 21 100 61 15
1 597 599 10000000 144 468 210 96 235 326
1 597 600 10000000 148 112 20 103 67 16
0 601 601 10000000 148 20 12 96 92 15
1 601 602 10000000 139 105 21 103 61 15
1 601 603 10000000 140 472 210 98 232 302
1 601 604 10000000 146 151 18 98 67 15
0 605 605 10000000 157 20 13 97 89 16
1 605 606 10000000 144 108 18 98 64 15
1 605 607 10000000 136 472 217 96 236 332
1 605 608 10000000 158 134 24 116 81 16
0 609 609 10000000 152 22 16 99 93 17
1 609 610 10000000 150 106 17 105 58 13
1 609 611 10000000 140 460 210 96 224 299
0 612 612 10000000 154 19 14 104 119 18
1 612 613 10000000 189 398 24 159 95 17
1 612 614 10000000 147 462 215 101 224 287
1 612 615 10000000 145 99 18 102 66 14
0 616 616 10000000 187 21 13 114 118 19
1 616 617 10000000 470 129 18 198 63 15
1 616 618 10000000 161 479 226 103 229 432
1 616 619 10000000 145 110 18 101 64 15
0 620 620 10000000 153 19 12 103 103 16
1 620 621 10000000 147 116 18 101 59 14
1 620 622 10000000 144 477 211 100 226 307
0 623 623 10000000 149 19 13 105 109 20
1 623 624 10000000 150 106 18 106 65 15
1 623 625 10000000 144 469 217 107 230 360
0 626 626 10000000 152 37 45 105 109 18
1 626 627 10000000 142 388 238 103 105 806
1 626 628 10000000 143 271 113 96 213 215
0 629 629 10000000 156 40 46 103 100 17
1 629 630 10000000 141 200 64 109 33 31
1 629 631 10000000 146 431 275 105 297 194
1 629 632 10000000 265 615 94 97 116 103
0 633 633 10000000 158 20 12 98 113 15
1 633 634 10000000 166 139 22 120 94 20
1 633 635 10000000 146 445 205 93 261 441
1 633 636 10000000 145 117 18 104 67 17
0 637 637 10000000 160 19 13 101 100 20
1 637 638 10000000 143 114 18 110 65 15
1 637 639 10000000 140 440 206 94 260 422
1 637 640 10000000 142 114 20 98 64 17
0 641 641 10000000 168 18 13 92 102 16
1 641 642 10000000 153 112 20 97 68 14
1 641 643 10000000 143 426 196 99 260 441
1 641 644 10000000 148 120 20 97 72 16
0 645 645 10000000 163 19 13 95 95 17
1 645 646 10000000 147 107 18 97 60 13
1 645 647 10000000 142 454 211 99 278 475
0 648 648 10000000 188 21 14 116 134 18
1 648 649 10000000 154 109 19 97 57 14
1 648 650 10000000 141 424 217 104 498 637
1 648 651 10000000 151 106 17 100 63 13
0 652 652 10000000 165 21 13 100 98 19
1 652 653 10000000 137 111 19 97 70 16
1 652 654 10000000 147 423 191 99 264 388
1 652 655 10000000 139 142 27 299 78 17
0 656 656 10000000 160 19 12 100 105 17
1 656 657 10000000 150 110 18 97 58 13
1 656 658 10000000 144 438 199 98 266 432
0 659 659 10000000 157 18 13 96 99 18
1 659 660 10000000 144 113 19 101 66 15
1 659 661 10000000 138 430 205 104 267 430
0 662 662 10000000 160 18 12 101 99 16
1 662 663 10000000 349 138 25 106 70 20
1 662 664 10000000 143 316 138 100 146 155
0 665 665 10000000 162 19 14 102 100 20
1 665 666 10000000 139 109 18 104 60 15
1 665 667 10000000 174 96 17 100 19 13
0 668 668 10000000 161 20 12 100 108 16
1 668 669 10000000 146 115 25 100 76 21
1 668 670 10000000 141 438 210 98 261 427
0 671 671 10000000 161 19 14 104 105 16
1 671 672 10000000 145 100 20 103 63 13
1 671 673 10000000 143 580 229 105 277 395
0 674 674 10000000 163 17 12 101 98 15
1 674 675 10000000 140 116 21 97 74 127
1 674 676 10000000 144 1341 697 94 680 663
0 677 677 10000000 161 20 13 98 114 19
1 677 678 10000000 141 106 19 101 61 13
1 677 679 10000000 145 1343 1243 96 712 688
0 680 680 10000000 161 17 13 99 101 16
1 680 681 10000000 144 101 18 101 60 13
1 680 682 10000000 149 1815 714 108 825 716
0 683 683 10000000 164 47 76 102 105 18
1 683 684 10000000 146 194 68 106 57 36
1 683 685 10000000 139 366 238 99 321 391
0 686 686 10000000 158 45 63 99 90 16
1 686 687 10000000 143 173 69 103 59 49
1 686 688 10000000 146 96 19 105 17 13
0 689 689 10000000 160 45 64 105 105 17
1 689 690 10000000 154 1275 361 101 704 551
1 689 691 10000000 146 386 578 101 579 1150
1 689 692 10000000 146 508 342 116 241 294
0 693 693 10000000 166 40 70 100 95 16
1 693 694 10000000 140 467 492 104 666 551
1 693 695 10000000 619 124 17 1956 19 14
0 696 696 10000000 159 41 59 103 102 15
1 696 697 10000000 146 473 310 108 276 372
1 696 698 10000000 180 377 240 111 267 317
0 699 699 10000000 159 45 75 106 104 17
1 699 700 10000000 782 491 322 135 286 858
1 699 701 10000000 148 392 289 152 268 306
1 699 702 10000000 144 509 338 129 291 368
0 703 703 10000000 165 42 64 107 95 17
1 703 704 10000000 142 490 368 103 290 334
1 703 705 10000000 145 114 18 113 19 14
0 706 706 10000000 176 48 74 109 95 19
1 706 707 10000000 147 497 351 109 293 368
1 706 708 10000000 147 383 843 112 275 339
0 709 709 10000000 165 40 60 128 188 17
1 709 710 10000000 143 445 275 222 337 364
1 709 711 10000000 144 379 255 113 256 224
1 709 712 10000000 151 479 305 111 353 409
0 713 713 10000000 160 44 68 95 95 17
1 713 714 10000000 148 434 273 98 388 583
1 713 715 10000000 156 331 185 102 203 164
0 716 716 10000000 179 47 76 99 95 16
1 716 717 10000000 171 27835 696 124 424 676
1 716 718 10000000 148 253 155 102 194 149
0 719 719 10000000 161 50 75 100 104 16
1 719 720 10000000 155 330 212 102 216 185
1 719 721 10000000 152 281 121 107 363 494
1 719 722 10000000 160 446 478 112 409 575
0 723 723 10000000 165 49 74 105 97 16
1 723 724 10000000 178 545 295 194 349 411
1 723 725 10000000 153 259 160 105 196 153
0 726 726 10000000 164 58 131 102 97 15
1 726 727 10000000 147 325 197 106 211 171
1 726 728 10000000 147 405 251 103 295 382
1 726 729 10000000 159 286 154 112 207 166
0 730 730 10000000 165 39 56 100 91 17
1 730 731 10000000 151 273 156 100 201 170
1 730 732 10000000 149 103 17 111 17 14
0 733 733 10000000 163 58 125 104 98 24
1 733 734 10000000 168 333 215 120 81 89
1 733 735 10000000 180 571 312 178 453 555
0 736 736 10000000 174 61 149 114 107 18
1 736 737 10000000 150 325 198 105 80 86
1 736 738 10000000 469 1708 297 110 387 551
1 736 739 10000000 151 486 314 103 381 439
0 740 740 10000000 160 41 56 102 99 16
1 740 741 10000000 144 467 314 108 369 437
1 740 742 10000000 147 99 21 107 19 13
1 740 743 10000000 147 356 227 112 93 86
0 744 744 10000000 168 58 198 102 90 18
1 744 745 10000000 149 336 313 110 84 85
1 744 746 10000000 150 105 20 108 67 17
0 747 747 10000000 172 56 127 114 95 17
1 747 748 10000000 152 282 143 113 69 77
1 747 749 10000000 148 472 284 111 302 403
0 750 750 10000000 163 74 105 109 110 57
1 750 751 10000000 149 307 192 95 80 82
1 750 752 10000000 151 448 290 109 303 413
0 753 753 10000000 167 59 134 103 100 19
1 753 754 10000000 154 197 65 112 32 62
1 753 755 10000000 149 466 289 105 306 397
1 753 756 10000000 158 336 200 114 84 82
0 757 757 10000000 158 60 124 103 89 15
1 757 758 10000000 149 324 199 108 84 85
1 757 759 10000000 156 211 97 114 62 52
0 760 760 10000000 178 20 12 108 105 16
1 760 761 10000000 147 106 23 113 1342 19
1 760 762 10000000 146 518 564 110 330 397
0 763 763 10000000 172 17 13 111 94 17
1 763 764 10000000 173 131 28 149 96 17
1 763 765 10000000 147 1800 623 119 663 519
1 763 766 10000000 149 957 1398 113 284 273
0 767 767 10000000 175 30 44 114 101 19
1 767 768 10000000 175 159 28 109 26 22
1 767 769 10000000 149 96 19 116 17 13
1 767 770 10000000 152 178 42 109 32 27
0 771 771 10000000 164 26 28 113 108 18
1 771 772 10000000 148 562 423 117 116 116
1 771 773 10000000 150 285 213 103 74 67
1 771 774 10000000 145 713 555 113 140 177
0 775 775 10000000 176 34 47 109 99 15
1 775 776 10000000 157 160 27 114 32 26
1 775 777 10000000 154 96 16 112 17 13
1 775 778 10000000 183 270 42 175 35 33
0 779 779 10000000 180 31 44 103 108 20
1 779 780 10000000 164 234 85 112 245 223
1 779 781 10000000 169 183 80 93 227 218
0 782 782 10000000 169 26 28 97 102 17
1 782 783 10000000 168 159 64 107 28 23
1 782 784 10000000 159 90 16 102 18 12
0 785 785 10000000 782 32 39 104 141 19
1 785 786 10000000 163 194 58 212 53 35
1 785 787 10000000 157 88 15 108 17 12
0 788 788 10000000 205 32 33 107 119 17
1 788 789 10000000 165 169 27 109 28 22
1 788 790 10000000 163 94 17 108 19 16
0 791 791 10000000 178 16 13 103 101 22
1 791 792 10000000 161 174 51 103 36 40
1 791 793 10000000 162 952 482 111 623 530
1 791 794 10000000 192 105 17 109 70 13
0 795 795 10000000 284 18 14 102 113 17
1 795 796 10000000 161 169 69 102 218 210
1 795 797 10000000 156 1236 467 104 736 611
0 798 798 10000000 179 31 49 100 94 17
1 798 799 10000000 216 166 31 178 26 23
1 798 800 10000000 172 980 523 114 631 571
0 801 801 10000000 176 25 26 99 90 17
1 801 802 10000000 174 104 18 107 18 13
1 801 803 10000000 165 940 477 107 561 506
1 801 804 10000000 164 112 19 103 62 15
0 805 805 10000000 171 22 29 98 91 15
1 805 806 10000000 155 92 16 101 18 12
1 805 807 10000000 221 1124 914 187 774 535
1 805 808 10000000 160 100 17 107 62 14
0 809 809 10000000 171 28 44 95 92 17
1 809 810 10000000 161 96 18 105 17 12
1 809 811 10000000 157 933 484 105 406 399
1 809 812 10000000 167 167 30 171 87 15
0 813 813 10000000 180 22 28 99 88 16
1 813 814 10000000 157 225 145 94 154 155
1 813 815 10000000 156 942 537 109 943 402
1 813 816 10000000 165 106 17 105 67 14
0 817 817 10000000 179 23 32 100 99 17
1 817 818 10000000 168 114 27 114 22 16
1 817 819 10000000 160 790 451 105 206 256
1 817 820 10000000 187 105 19 128 81 16
0 821 821 10000000 248 27 35 223 192 18
1 821 822 10000000 171 115 18 107 65 14
1 821 823 10000000 159 775 1587 106 200 222
1 821 824 10000000 157 109 18 106 68 15
0 825 825 10000000 168 16 41 99 99 19
1 825 826 10000000 154 100 19 101 75 17
1 825 827 10000000 149 1218 629 100 604 591
1 825 828 10000000 155 217 73 103 68 67
0 829 829 10000000 170 500 359 95 236 125
1 829 830 10000000 153 111 20 101 68 15
1 829 831 10000000 154 1236 619 98 646 617
1 829 832 10000000 186 312 99 138 84 72
0 833 833 10000000 174 17 13 212 101 16
1 833 834 10000000 156 132 19 496 71 13
1 833 835 10000000 169 1242 640 99 599 608
0 836 836 10000000 171 16 13 97 102 19
1 836 837 10000000 159 114 21 108 73 15
1 836 838 10000000 153 1242 612 106 621 614
1 836 839 10000000 153 169 29 105 28 37
0 840 840 10000000 178 805 669 101 249 136
1 840 841 10000000 155 161 28 102 26 35
1 840 842 10000000 153 100 18 100 17 13
0 843 843 10000000 162 22 13 97 89 16
1 843 844 10000000 152 93 15 102 17 17
1 843 845 10000000 154 1275 627 108 637 636
0 846 846 10000000 166 807 699 101 235 138
1 846 847 10000000 160 107 18 109 65 15
1 846 848 10000000 153 1280 613 106 609 604
1 846 849 10000000 155 104 22 110 68 14
0 850 850 10000000 167 16 12 100 94 16
1 850 851 10000000 155 215 22 108 70 18
1 850 852 10000000 154 1250 616 105 625 612
0 853 853 10000000 169 17 16 102 253 16
1 853 854 10000000 165 124 21 123 68 14
1 853 855 10000000 166 1312 635 143 786 619
1 853 856 10000000 154 98 18 99 61 15
0 857 857 10000000 168 801 653 97 226 128
1 857 858 10000000 154 114 20 105 71 14
1 857 859 10000000 153 1853 627 105 958 611
1 857 860 10000000 153 113 21 103 69 15
0 861 861 10000000 166 17 12 193 112 18
1 861 862 10000000 156 106 24 104 68 21
1 861 863 10000000 154 657 555 102 376 317
0 864 864 10000000 168 17 13 101 102 16
1 864 865 10000000 154 411 244 109 232 188
1 864 866 10000000 157 948 698 113 625 1039
1 864 867 10000000 152 1840 627 107 685 353
0 868 868 10000000 161 17 12 101 93 15
1 868 869 10000000 152 598 581 107 273 281
1 868 870 10000000 149 681 550 107 311 330
1 868 871 10000000 164 783 704 109 544 322
0 872 872 10000000 169 18 12 104 103 16
1 872 873 10000000 150 101 18 111 69 17
1 872 874 10000000 161 645 528 110 401 337
0 875 875 10000000 168 16 12 103 101 19
1 875 876 10000000 161 106 23 107 63 16
1 875 877 10000000 152 631 489 111 440 312
0 878 878 10000000 170 22 13 110 114 16
1 878 879 10000000 242 211 81 114 52 35
1 878 880 10000000 150 607 474 108 393 344
0 881 881 10000000 170 19 12 102 100 15
1 881 882 10000000 153 176 53 110 165 215
1 881 883 10000000 269 670 474 224 374 350
0 884 884 10000000 575 31 21 191 204 23
1 884 885 10000000 150 275 149 109 187 165
1 884 886 10000000 156 637 503 110 589 588
0 887 887 10000000 166 16 12 100 106 16
1 887 888 10000000 165 252 84 128 180 151
1 887 889 10000000 239 549 243 211 260 422
0 890 890 10000000 163 17 11 106 94 16
1 890 891 10000000 172 114 18 111 69 16
1 890 892 10000000 150 651 535 108 627 1334
1 890 893 10000000 153 2470 1374 108 528 460
0 894 894 10000000 168 16 12 104 96 17
1 894 895 10000000 683 141 24 229 83 15
1 894 896 10000000 148 633 481 107 608 493
1 894 897 10000000 156 930 644 114 459 418
0 898 898 10000000 172 17 11 110 103 16
1 898 899 10000000 148 429 270 114 208 209
1 898 900 10000000 171 570 409 122 308 394
0 901 901 10000000 194 19 13 121 136 17
1 901 902 10000000 148 108 18 108 67 15
1 901 903 10000000 150 1020 447 105 719 588
0 904 904 10000000 166 17 12 102 104 16
1 904 905 10000000 151 349 219 119 373 395
1 904 906 10000000 151 2329 857 108 963 824
1 904 907 10000000 153 604 302 118 700 641
0 908 908 10000000 194 20 15 108 119 20
1 908 909 10000000 155 384 205 486 371 433
1 908 910 10000000 153 1744 838 116 911 828
1 908 911 10000000 151 585 286 112 684 630
0 912 912 10000000 171 17 13 104 93 16
1 912 913 10000000 147 352 204 118 355 390
1 912 914 10000000 145 1742 848 111 901 825
1 912 915 10000000 146 350 206 117 361 394
0 916 916 10000000 165 16 12 105 96 16
1 916 917 10000000 150 344 206 114 344 628
1 916 918 10000000 155 1752 846 121 908 814
1 916 919 10000000 151 348 203 117 350 423
0 920 920 10000000 176 22 12 110 102 16
1 920 921 10000000 154 207 83 122 326 283
1 920 922 10000000 152 1774 844 116 932 819
0 923 923 10000000 165 17 13 103 96 17
1 923 924 10000000 155 284 165 113 338 296
1 923 925 10000000 157 1785 817 127 926 827
1 923 926 10000000 148 348 204 118 345 387
0 927 927 10000000 165 17 15 107 112 19
1 927 928 10000000 151 116 52 121 71 14
1 927 929 10000000 156 1765 1420 339 905 1043
0 930 930 10000000 179 18 12 102 107 17
1 930 931 10000000 147 114 30 121 70 19
1 930 932 10000000 155 1826 866 117 910 827
0 933 933 10000000 164 18 14 103 94 17
1 933 934 10000000 624 131 20 127 69 12
1 933 935 10000000 146 2378 865 115 1126 836
0 936 936 10000000 175 18 14 109 112 16
1 936 937 10000000 460 261 178 270 235 1739
1 936 938 10000000 197 1796 869 119 888 828
0 939 939 10000000 166 18 13 113 99 16
1 939 940 10000000 154 109 18 124 67 19
1 939 941 10000000 150 2376 880 126 925 845
1 939 942 10000000 150 105 17 123 69 14
0 943 943 10000000 173 17 16 112 107 18
1 943 944 10000000 147 106 21 123 63 15
1 943 945 10000000 153 1834 896 123 902 778
1 943 946 10000000 162 137 21 171 95 18
0 947 947 10000000 170 18 14 102 100 17
1 947 948 10000000 489 937 298 244 775 266
1 947 949 10000000 152 1132 739 112 842 742
0 950 950 10000000 178 22 15 113 126 19
1 950 951 10000000 152 301 160 120 249 234
1 950 952 10000000 155 1161 665 117 943 689
0 953 953 10000000 184 19 14 105 116 18
1 953 954 10000000 159 108 20 123 60 14
1 953 955 10000000 152 975 562 119 854 691
0 956 956 10000000 170 18 687 102 93 16
1 956 957 10000000 154 113 17 113 65 14
1 956 958 10000000 155 986 579 116 860 690
1 956 959 10000000 376 131 18 125 65 15
0 960 960 10000000 172 19 19 104 106 17
1 960 961 10000000 159 111 18 132 72 15
1 960 962 10000000 152 1054 562 118 869 690
0 963 963 10000000 173 25 13 109 108 16
1 963 964 10000000 156 109 18 121 57 13
1 963 965 10000000 154 1106 607 124 899 665
0 966 966 10000000 179 18 14 107 110 15
1 966 967 10000000 155 108 19 119 70 14
1 966 968 10000000 150 1055 573 121 894 705
1 966 969 10000000 153 434 374 130 258 242
0 970 970 10000000 180 32 47 112 107 19
1 970 971 10000000 155 244 99 125 245 220
1 970 972 10000000 150 94 16 132 17 13
1 970 973 10000000 164 163 27 130 27 25
0 974 974 10000000 179 34 49 118 101 19
1 974 975 10000000 166 181 27 124 28 36
1 974 976 10000000 155 133 18 107 19 13
0 977 977 10000000 174 17 16 111 95 16
1 977 978 10000000 161 112 21 127 17 14
1 977 979 10000000 159 1009 621 126 891 665
0 980 980 10000000 167 16 12 112 100 16
1 980 981 10000000 161 110 17 127 65 15
1 980 982 10000000 154 1003 850 125 1420 685
1 980 983 10000000 165 120 17 132 59 17
0 984 984 10000000 174 33 47 112 99 20
1 984 985 10000000 152 107 17 125 60 14
1 984 986 10000000 159 1005 582 236 907 665
1 984 987 10000000 150 110 17 124 66 14
0 988 988 10000000 171 18 12 116 105 16
1 988 989 10000000 159 210 107 133 165 158
1 988 990 10000000 153 1002 579 122 915 662
1 988 991 10000000 154 287 18 130 69 14
0 992 992 10000000 168 17 13 110 95 16
1 992 993 10000000 154 92 17 105 18 12
1 992 994 10000000 152 985 575 122 489 424
1 992 995 10000000 165 150 21 144 73 16
0 996 996 10000000 185 47 75 116 101 16
1 996 997 10000000 150 103 17 123 65 15
1 996 998 10000000 146 2011 1011 121 1027 1033
1 996 999 10000000 148 114 21 137 78 17
0 1000 1000 10000000 156 20 121 206 429 27
1 1000 1001 10000000 150 110 22 118 68 15
1 1000 1002 10000000 143 2081 1015 117 1010 1017
0 1003 1003 10000000 164 16 13 105 93 17
1 1003 1004 10000000 156 391 293 126 190 210
1 1003 1005 10000000 150 461 241 117 668 621
0 1006 1006 10000000 167 17 13 112 101 19
1 1006 1007 10000000 155 107 18 126 63 14
1 1006 1008 10000000 142 2052 1043 119 574 566
1 1006 1009 10000000 149 161 33 130 264 222
0 1010 1010 10000000 200 57 48 125 283 110
1 1010 1011 10000000 153 165 35 120 248 212
1 1010 1012 10000000 187 104 14 307 280 214
1 1010 1013 10000000 147 174 40 130 1338 1085
0 1014 1014 10000000 172 16 12 129 112 18
1 1014 1015 10000000 148 108 21 122 65 14
1 1014 1016 10000000 145 2041 1204 120 572 886
1 1014 1017 10000000 152 108 167 132 69 16
0 1018 1018 10000000 274 18 13 123 120 17
1 1018 1019 10000000 149 97 13 119 297 228
1 1018 1020 10000000 146 3094 1066 128 1405 2392
1 1018 1021 10000000 151 117 20 127 69 14
0 1022 1022 10000000 169 488 365 118 242 112
1 1022 1023 10000000 146 107 18 124 68 14
1 1022 1024 10000000 170 2028 1073 166 1454 1172
1 1022 1025 10000000 159 114 19 129 68 16
0 1026 1026 10000000 209 18 19 171 137 23
1 1026 1027 10000000 147 109 23 133 69 19
1 1026 1028 10000000 142 1994 1007 120 1100 1072
0 1029 1029 10000000 164 16 13 113 105 16
1 1029 1030 10000000 391 116 20 136 62 14
1 1029 1031 10000000 873 2049 1050 130 1170 1115
0 1032 1032 10000000 165 18 12 120 104 16
1 1032 1033 10000000 149 114 18 129 66 14
1 1032 1034 10000000 142 1964 1540 120 1137 1119
1 1032 1035 10000000 144 1037 700 120 1044 961
0 1036 1036 10000000 166 41 50 121 100 18
1 1036 1037 10000000 150 211 98 132 192 164
1 1036 1038 10000000 147 282 61 116 162 155
1 1036 1039 10000000 150 221 91 123 192 181
0 1040 1040 10000000 166 46 65 112 97 18
1 1040 1041 10000000 146 159 28 119 26 22
1 1040 1042 10000000 141 89 16 121 16 12
1 1040 1043 10000000 150 214 41 126 31 26
0 1044 1044 10000000 161 43 71 114 96 17
1 1044 1045 10000000 184 265 41 203 33 26
1 1044 1046 10000000 144 100 16 123 18 12
1 1044 1047 10000000 153 434 423 125 484 500
0 1048 1048 10000000 164 32 45 117 102 15
1 1048 1049 10000000 147 165 26 129 27 24
1 1048 1050 10000000 142 97 20 108 17 13
1 1048 1051 10000000 145 233 112 142 251 230
0 1052 1052 10000000 174 39 56 118 99 16
1 1052 1053 10000000 149 561 397 128 907 787
1 1052 1054 10000000 145 269 191 128 459 502
1 1052 1055 10000000 144 388 248 135 1073 828
0 1056 1056 10000000 163 27 28 115 101 17
1 1056 1057 10000000 151 210 79 130 176 157
1 1056 1058 10000000 148 156 55 134 161 152
1 1056 1059 10000000 149 200 71 133 173 160
0 1060 1060 10000000 159 44 67 117 98 16
1 1060 1061 10000000 147 168 29 140 30 25
1 1060 1062 10000000 144 106 18 142 17 16
0 1063 1063 10000000 175 33 48 122 102 16
1 1063 1064 10000000 144 207 81 139 450 401
1 1063 1065 10000000 148 172 68 135 427 370
0 1066 1066 10000000 264 50 72 175 189 29
1 1066 1067 10000000 148 487 341 132 495 576
1 1066 1068 10000000 149 269 190 146 478 483
0 1069 1069 10000000 166 31 42 127 103 15
1 1069 1070 10000000 151 254 134 144 206 167
1 1069 1071 10000000 146 170 79 135 161 158
0 1072 1072 10000000 163 43 54 125 99 18
1 1072 1073 10000000 146 162 25 147 27 22
1 1072 1074 10000000 161 133 23 197 20 15
0 1075 1075 10000000 168 17 13 126 123 32
1 1075 1076 10000000 150 102 24 141 58 14
1 1075 1077 10000000 174 1955 1018 137 1312 1087
0 1078 1078 10000000 168 18 13 121 96 18
1 1078 1079 10000000 145 106 18 137 17 14
1 1078 1080 10000000 149 2010 1039 148 1055 729
0 1081 1081 10000000 176 47 66 120 109 21
1 1081 1082 10000000 175 121 18 130 21 14
1 1081 1083 10000000 156 2133 1038 117 1331 1307
1 1081 1084 10000000 155 182 64 125 65 57
0 1085 1085 10000000 173 30 30 113 98 19
1 1085 1086 10000000 157 100 18 122 18 13
1 1085 1087 10000000 157 2308 1606 121 3157 1279
0 1088 1088 10000000 170 26 30 112 94 17
1 1088 1089 10000000 153 95 16 118 16 15
1 1088 1090 10000000 192 2126 1037 125 2689 1229
1 1088 1091 10000000 156 167 55 117 58 47
0 1092 1092 10000000 177 32 48 115 98 20
1 1092 1093 10000000 156 90 15 129 17 13
1 1092 1094 10000000 152 4494 2016 162 1454 1631
1 1092 1095 10000000 156 178 863 135 59 55
0 1096 1096 10000000 272 42 77 121 113 19
1 1096 1097 10000000 154 100 15 124 17 13
1 1096 1098 10000000 155 2137 1054 120 1325 1214
1 1096 1099 10000000 166 175 57 126 60 52
0 1100 1100 10000000 187 38 50 125 97 18
1 1100 1101 10000000 153 290 207 131 479 575
1 1100 1102 10000000 155 2120 1027 121 1334 1182
1 1100 1103 10000000 171 192 58 142 60 57
0 1104 1104 10000000 371 62 973 237 228 35
1 1104 1105 10000000 158 97 20 118 21 12
1 1104 1106 10000000 157 2150 1064 127 1354 1164
1 1104 1107 10000000 155 166 57 141 66 50
0 1108 1108 10000000 179 48 70 122 90 18
1 1108 1109 10000000 161 92 16 122 17 13
1 1108 1110 10000000 151 2123 1761 127 826 1194
1 1108 1111 10000000 154 166 47 133 82 73
0 1112 1112 10000000 169 33 53 106 90 16
1 1112 1113 10000000 146 191 117 104 229 199
1 1112 1114 10000000 144 2196 1171 127 1385 1211
1 1112 1115 10000000 153 121 22 131 81 15
0 1116 1116 10000000 167 44 67 108 91 16
1 1116 1117 10000000 144 90 18 116 16 12
1 1116 1118 10000000 142 2175 1256 121 2398 1210
1 1116 1119 10000000 216 188 28 234 137 17
0 1120 1120 10000000 179 18 12 110 100 16
1 1120 1121 10000000 147 113 23 125 73 19
1 1120 1122 10000000 143 2211 1093 124 1327 1189
0 1123 1123 10000000 181 22 12 119 103 18
1 1123 1124 10000000 205 114 19 122 64 15
1 1123 1125 10000000 144 2194 1076 117 1355 1233
0 1126 1126 10000000 176 17 13 126 95 19
1 1126 1127 10000000 151 112 21 133 71 14
1 1126 1128 10000000 146 2193 1072 121 1466 1248
0 1129 1129 10000000 169 17 12 114 92 15
1 1129 1130 10000000 149 105 18 125 67 17
1 1129 1131 10000000 147 2203 1126 128 1520 1258
0 1132 1132 10000000 165 17 15 117 109 22
1 1132 1133 10000000 150 115 22 132 65 15
1 1132 1134 10000000 146 2130 1086 126 1623 1399
1 1132 1135 10000000 143 691 534 119 1110 936
0 1136 1136 10000000 171 37 56 158 95 17
1 1136 1137 10000000 149 370 237 138 870 834
1 1136 1138 10000000 150 201 108 136 232 238
1 1136 1139 10000000 152 571 940 138 1894 975
0 1140 1140 10000000 161 46 69 127 108 18
1 1140 1141 10000000 148 117 28 134 63 23
1 1140 1142 10000000 154 99 16 145 18 13
1 1140 1143 10000000 152 156 27 138 29 24
0 1144 1144 10000000 253 44 70 135 109 18
1 1144 1145 10000000 156 141 28 158 72 23
1 1144 1146 10000000 145 91 18 141 20 14
1 1144 1147 10000000 154 471 390 142 447 2772
0 1148 1148 10000000 184 51 86 131 121 23
1 1148 1149 10000000 170 224 77 164 176 163
1 1148 1150 10000000 145 86 16 121 17 13
1 1148 1151 10000000 160 224 103 137 325 176
0 1152 1152 10000000 169 51 83 126 100 18
1 1152 1153 10000000 156 106 17 131 17 13
1 1152 1154 10000000 148 232 125 136 87 67
0 1155 1155 10000000 180 111 109 108 109 15
1 1155 1156 10000000 150 334 212 122 863 654
1 1155 1157 10000000 365 244 211 118 611 1464
1 1155 1158 10000000 150 429 296 129 924 634
0 1159 1159 10000000 184 17 13 108 90 16
1 1159 1160 10000000 194 284 130 131 601 552
1 1159 1161 10000000 158 106 16 132 18 13
0 1162 1162 10000000 183 44 74 123 100 20
1 1162 1163 10000000 154 474 358 129 919 667
1 1162 1164 10000000 156 99 17 131 23 13
0 1165 1165 10000000 176 42 69 114 96 15
1 1165 1166 10000000 153 240 112 135 198 188
1 1165 1167 10000000 150 96 17 132 16 14
0 1168 1168 10000000 182 40 67 116 88 15
1 1168 1169 10000000 158 231 109 130 198 187
1 1168 1170 10000000 149 83 16 119 19 13
0 1171 1171 10000000 188 65 127 120 105 15
1 1171 1172 10000000 161 222 103 135 200 184
1 1171 1173 10000000 155 89 18 118 16 16
0 1174 1174 10000000 183 43 68 120 93 18
1 1174 1175 10000000 155 235 112 136 193 189
1 1174 1176 10000000 154 100 17 146 17 13
0 1177 1177 10000000 196 47 73 130 99 16
1 1177 1178 10000000 154 246 111 144 196 185
1 1177 1179 10000000 149 91 15 120 18 12
0 1180 1180 10000000 192 40 54 125 113 17
1 1180 1181 10000000 154 251 137 130 210 199
1 1180 1182 10000000 157 186 62 147 175 159
0 1183 1183 10000000 178 55 81 121 102 17
1 1183 1184 10000000 158 117 19 140 68 16
1 1183 1185 10000000 152 1886 1104 138 1340 1040
0 1186 1186 10000000 199 53 84 126 105 18
1 1186 1187 10000000 172 349 174 141 790 723
1 1186 1188 10000000 156 241 137 146 600 483
0 1189 1189 10000000 183 18 13 131 103 16
1 1189 1190 10000000 151 218 77 180 55 40
1 1189 1191 10000000 152 2068 1036 123 1334 990
0 1192 1192 10000000 182 17 13 118 92 19
1 1192 1193 10000000 151 92 19 131 17 12
1 1192 1194 10000000 153 2156 1017 132 585 965
0 1195 1195 10000000 190 47 75 440 115 17
1 1195 1196 10000000 200 336 136 212 86 76
1 1195 1197 10000000 510 2280 1015 133 580 607
1 1195 1198 10000000 154 235 134 130 85 71
0 1199 1199 10000000 193 49 68 2019 120 17
1 1199 1200 10000000 176 307 140 189 91 78
1 1199 1201 10000000 151 87 16 118 16 14
0 1202 1202 10000000 187 47 80 126 114 18
1 1202 1203 10000000 154 212 112 134 68 69
1 1202 1204 10000000 151 2203 1036 1241 567 1174
1 1202 1205 10000000 152 325 197 141 138 115
0 1206 1206 10000000 182 66 124 196 105 19
1 1206 1207 10000000 163 333 197 163 139 699
1 1206 1208 10000000 152 224 127 138 68 65
0 1209 1209 10000000 184 123 89 118 114 68
1 1209 1210 10000000 152 94 15 130 19 12
1 1209 1211 10000000 153 2210 998 133 555 595
1 1209 1212 10000000 151 219 98 134 133 121
0 1213 1213 10000000 181 42 64 119 95 17
1 1213 1214 10000000 189 163 21 178 25 15
1 1213 1215 10000000 150 2160 998 129 564 567
0 1216 1216 10000000 213 52 92 126 111 16
1 1216 1217 10000000 156 94 18 137 17 16
1 1216 1218 10000000 157 2132 999 138 438 482
0 1219 1219 10000000 168 41 69 109 95 19
1 1219 1220 10000000 158 107 20 148 17 13
1 1219 1221 10000000 148 1932 1015 125 1429 1306
0 1222 1222 10000000 172 44 73 109 95 16
1 1222 1223 10000000 145 96 16 132 17 13
1 1222 1224 10000000 145 1942 1016 126 1446 1388
0 1225 1225 10000000 221 59 158 128 115 19
1 1225 1226 10000000 148 90 15 117 17 12
1 1225 1227 10000000 145 1871 987 107 1411 1301
0 1228 1228 10000000 189 66 1521 125 108 19
1 1228 1229 10000000 153 243 70 147 175 157
1 1228 1230 10000000 150 1913 1042 140 1453 1320
0 1231 1231 10000000 170 36 57 120 92 15
1 1231 1232 10000000 143 91 18 114 17 12
1 1231 1233 10000000 145 1774 916 136 1468 1300
0 1234 1234 10000000 177 50 73 131 104 17
1 1234 1235 10000000 146 93 16 128 19 12
1 1234 1236 10000000 143 1775 914 130 1480 1302
0 1237 1237 10000000 178 36 160 121 92 16
1 1237 1238 10000000 148 95 16 135 19 12
1 1237 1239 10000000 151 1785 924 140 1453 1471
1 1237 1240 10000000 189 496 249 241 322 273
0 1241 1241 10000000 178 46 73 130 95 16
1 1241 1242 10000000 151 389 226 149 251 233
1 1241 1243 10000000 153 1804 1000 134 1121 770
1 1241 1244 10000000 147 368 282 130 247 234
0 1245 1245 10000000 163 17 12 110 103 18
1 1245 1246 10000000 142 119 23 127 79 19
1 1245 1247 10000000 141 2307 1022 140 1286 1248
0 1248 1248 10000000 165 45 71 116 99 18
1 1248 1249 10000000 151 240 108 145 231 298
1 1248 1250 10000000 140 2028 1006 120 1509 1329
0 1251 1251 10000000 174 45 68 119 101 21
1 1251 1252 10000000 141 107 18 131 65 17
1 1251 1253 10000000 174 2156 1115 170 2028 1342
0 1254 1254 10000000 173 20 14 122 105 17
1 1254 1255 10000000 137 170 67 125 165 147
1 1254 1256 10000000 140 1554 900 128 1312 1189
0 1257 1257 10000000 172 16 14 117 112 18
1 1257 1258 10000000 146 239 145 123 251 224
1 1257 1259 10000000 140 2335 1314 129 1602 1310
0 1260 1260 10000000 170 17 13 118 108 16
1 1260 1261 10000000 138 90 15 127 16 12
1 1260 1262 10000000 139 1832 919 124 1339 1183
0 1263 1263 10000000 165 17 12 117 98 18
1 1263 1264 10000000 148 263 105 153 162 154
1 1263 1265 10000000 142 272 130 127 190 185
0 1266 1266 10000000 171 20 14 125 90 18
1 1266 1267 10000000 145 89 16 119 18 12
1 1266 1268 10000000 149 150 26 279 174 21
0 1269 1269 10000000 170 85 49 121 124 63
1 1269 1270 10000000 142 509 427 149 1404 1114
1 1269 1271 10000000 142 341 187 130 673 825
0 1272 1272 10000000 174 21 12 140 119 37
1 1272 1273 10000000 141 186 97 134 37 33
1 1272 1274 10000000 142 1759 946 136 1072 969
0 1275 1275 10000000 175 19 14 140 124 41
1 1275 1276 10000000 141 94 16 122 17 13
1 1275 1277 10000000 144 456 321 124 573 635
0 1278 1278 10000000 172 18 12 137 120 35
1 1278 1279 10000000 146 129 18 1132 19 13
1 1278 1280 10000000 230 231 45 283 129 29
0 1281 1281 10000000 175 450 331 136 118 69
1 1281 1282 10000000 150 532 270 141 616 642
1 1281 1283 10000000 144 349 341 132 1034 750
0 1284 1284 10000000 173 271 200 143 154 92
1 1284 1285 10000000 141 291 250 135 598 636
1 1284 1286 10000000 141 349 287 130 669 854
0 1287 1287 10000000 163 127 127 139 105 14
1 1287 1288 10000000 150 315 199 140 217 191
1 1287 1289 10000000 143 371 221 141 321 255
0 1290 1290 10000000 179 745 539 155 335 180
1 1290 1291 10000000 143 320 177 201 759 927
1 1290 1292 10000000 132 368 204 188 855 1047
0 1293 1293 10000000 353 429 253 274 239 81
1 1293 1294 10000000 134 317 175 191 765 859
1 1293 1295 10000000 136 349 199 179 861 1140
0 1296 1296 10000000 299 17 13 154 108 17
1 1296 1297 10000000 137 314 176 192 771 1041
1 1296 1298 10000000 136 355 204 191 864 1044
0 1299 1299 10000000 166 306 232 161 128 71
1 1299 1300 10000000 135 315 167 197 785 814
1 1299 1301 10000000 134 374 204 195 867 1019
0 1302 1302 10000000 182 709 494 170 333 174
1 1302 1303 10000000 143 730 197 209 1062 1203
1 1302 1304 10000000 132 333 239 174 1003 985
0 1305 1305 10000000 171 625 407 164 281 158
1 1305 1306 10000000 137 317 172 192 760 1046
1 1305 1307 10000000 131 333 245 175 966 998
0 1308 1308 10000000 174 306 237 169 165 112
1 1308 1309 10000000 136 302 171 190 860 2425
1 1308 1310 10000000 134 336 244 171 952 1103
0 1311 1311 10000000 142 832 546 168 413 199
1 1311 1312 10000000 133 274 169 177 905 979
1 1311 1313 10000000 141 349 213 187 1019 1083
0 1314 1314 10000000 141 846 532 168 408 179
1 1314 1315 10000000 131 304 183 168 848 990
1 1314 1316 10000000 131 355 211 172 964 1102
0 1317 1317 10000000 184 271 235 197 339 173
1 1317 1318 10000000 131 283 172 170 839 2815
1 1317 1319 10000000 135 353 215 171 947 1050
0 1320 1320 10000000 153 261 227 181 218 159
1 1320 1321 10000000 136 300 182 179 875 757
1 1320 1322 10000000 138 356 270 183 1242 1025
0 1323 1323 10000000 143 267 232 177 234 185
1 1323 1324 10000000 134 296 171 176 839 786
1 1323 1325 10000000 132 357 244 182 952 1002
0 1326 1326 10000000 150 583 397 184 233 213
1 1326 1327 10000000 139 336 188 258 144 135
1 1326 1328 10000000 130 350 212 182 596 488
0 1329 1329 10000000 181 812 515 164 424 201
1 1329 1330 10000000 144 293 181 188 826 1022
1 1329 1331 10000000 137 363 226 182 936 1312
0 1332 1332 10000000 177 769 423 161 318 167
1 1332 1333 10000000 142 318 175 183 833 976
1 1332 1334 10000000 137 366 212 183 929 1019
0 1335 1335 10000000 173 724 547 164 386 188
1 1335 1336 10000000 139 298 177 200 835 920
1 1335 1337 10000000 134 355 227 190 922 1573
0 1338 1338 10000000 187 793 510 169 458 198
1 1338 1339 10000000 142 99 14 338 71 56
1 1338 1340 10000000 140 359 217 215 927 1020
0 1341 1341 10000000 176 408 352 203 128 63
1 1341 1342 10000000 200 466 220 445 1155 1007
1 1341 1343 10000000 138 360 230 196 924 1029
0 1344 1344 10000000 173 719 472 165 376 181
1 1344 1345 10000000 139 87 19 170 59 53
1 1344 1346 10000000 160 357 214 206 920 1179
0 1347 1347 10000000 176 98 107 186 106 14
1 1347 1348 10000000 146 722 898 215 1494 979
1 1347 1349 10000000 132 465 654 196 1143 785
0 1350 1350 10000000 165 176 177 193 459 210
1 1350 1351 10000000 137 293 177 182 132 151
1 1350 1352 10000000 139 347 222 181 585 519
0 1353 1353 10000000 151 144 97 182 279 259
1 1353 1354 10000000 139 309 172 190 218 216
1 1353 1355 10000000 140 371 212 186 595 518
0 1356 1356 10000000 148 100 105 193 287 137
1 1356 1357 10000000 172 365 190 565 437 296
1 1356 1358 10000000 139 415 227 208 620 554
0 1359 1359 10000000 163 129 121 197 392 154
1 1359 1360 10000000 140 294 183 178 502 400
1 1359 1361 10000000 148 373 243 192 1105 524
0 1362 1362 10000000 150 152 142 194 1094 185
1 1362 1363 10000000 340 442 189 367 318 305
1 1362 1364 10000000 142 858 246 185 754 490
0 1365 1365 10000000 327 661 340 195 338 173
1 1365 1366 10000000 135 100 17 192 17 14
1 1365 1367 10000000 136 488 342 185 153 167
0 1368 1368 10000000 151 94 112 194 105 15
1 1368 1369 10000000 195 596 388 416 162 144
1 1368 1370 10000000 137 464 327 176 146 165
0 1371 1371 10000000 143 157 164 187 416 186
1 1371 1372 10000000 138 384 304 185 145 139
1 1371 1373 10000000 152 532 336 218 171 192
0 1374 1374 10000000 208 222 220 209 573 276
1 1374 1375 10000000 142 389 235 183 146 141
1 1374 1376 10000000 140 474 322 189 156 176
0 1377 1377 10000000 149 164 164 202 447 199
1 1377 1378 10000000 139 401 246 196 150 157
1 1377 1379 10000000 135 481 331 187 160 169
0 1380 1380 10000000 146 90 109 199 88 14
1 1380 1381 10000000 139 394 275 193 123 138
1 1380 1382 10000000 136 481 334 187 156 169
0 1383 1383 10000000 137 125 122 196 366 168
1 1383 1384 10000000 141 379 247 228 130 143
1 1383 1385 10000000 143 491 357 201 315 181
0 1386 1386 10000000 147 363 333 211 206 169
1 1386 1387 10000000 154 430 279 257 159 147
1 1386 1388 10000000 137 477 338 177 162 170
0 1389 1389 10000000 160 384 351 210 241 173
1 1389 1390 10000000 140 386 256 222 132 144
1 1389 1391 10000000 137 511 339 193 157 175
0 1392 1392 10000000 152 127 123 206 298 226
1 1392 1393 10000000 144 387 232 222 129 141
1 1392 1394 10000000 136 492 338 187 159 173
0 1395 1395 10000000 152 182 255 201 426 300
1 1395 1396 10000000 137 393 234 200 142 149
1 1395 1397 10000000 140 1545 482 188 641 184
0 1398 1398 10000000 171 456 419 187 106 40
1 1398 1399 10000000 177 711 525 185 281 417
1 1398 1400 10000000 160 766 577 179 373 543
0 1401 1401 10000000 168 433 420 185 192 96
1 1401 1402 10000000 178 743 530 206 280 436
1 1401 1403 10000000 164 737 559 176 371 516
0 1404 1404 10000000 170 442 400 188 134 62
1 1404 1405 10000000 169 680 455 177 270 368
1 1404 1406 10000000 164 762 565 174 380 529
0 1407 1407 10000000 161 27 41 187 99 16
1 1407 1408 10000000 164 703 459 179 268 367
1 1407 1409 10000000 161 744 565 181 380 524
0 1410 1410 10000000 170 431 404 191 136 81
1 1410 1411 10000000 169 728 468 174 274 371
1 1410 1412 10000000 166 752 561 182 372 526
0 1413 1413 10000000 171 453 410 189 150 91
1 1413 1414 10000000 167 673 457 183 270 377
1 1413 1415 10000000 159 767 559 195 373 522
0 1416 1416 10000000 162 421 634 187 242 193
1 1416 1417 10000000 164 708 456 187 275 371
1 1416 1418 10000000 165 1608 640 183 637 539
0 1419 1419 10000000 172 715 522 187 207 150
1 1419 1420 10000000 164 705 507 189 279 371
1 1419 1421 10000000 165 793 573 190 384 523
0 1422 1422 10000000 166 419 401 186 279 221
1 1422 1423 10000000 186 112 17 196 18 13
1 1422 1424 10000000 161 751 574 199 378 517
0 1425 1425 10000000 163 412 411 192 252 189
1 1425 1426 10000000 175 117 17 194 18 13
1 1425 1427 10000000 169 756 572 206 376 523
