0 0 0 10000000 72 18 14 70 242 19
1 0 1 10000000 71 109 23 68 67 14
1 0 2 10000000 69 90 18 67 18 14
0 3 3 10000000 67 18 13 71 107 19
1 3 4 10000000 75 110 18 67 68 14
1 3 5 10000000 94 115 17 69 19 13
0 6 6 10000000 68 19 12 72 104 18
1 6 7 10000000 73 113 19 69 57 12
1 6 8 10000000 76 91 20 76 20 13
0 9 9 10000000 69 18 12 74 101 16
1 9 10 10000000 76 114 18 71 58 14
1 9 11 10000000 72 99 18 71 19 12
0 12 12 10000000 72 20 15 77 113 19
1 12 13 10000000 83 111 21 83 65 13
1 12 14 10000000 81 108 19 70 19 12
0 15 15 10000000 69 17 13 78 109 21
1 15 16 10000000 72 119 22 72 60 13
1 15 17 10000000 69 86 16 68 20 12
0 18 18 10000000 73 18 12 76 120 17
1 18 19 10000000 72 101 18 74 57 13
1 18 20 10000000 70 86 20 68 21 17
0 21 21 10000000 68 18 12 74 104 17
1 21 22 10000000 79 109 22 73 66 13
1 21 23 10000000 72 89 16 71 21 13
0 24 24 10000000 67 18 12 74 99 17
1 24 25 10000000 72 105 20 71 65 12
1 24 26 10000000 73 102 19 70 19 15
0 27 27 10000000 70 18 13 75 98 18
1 27 28 10000000 74 113 23 71 65 12
1 27 29 10000000 94 106 18 73 21 13
0 30 30 10000000 68 18 13 74 99 18
1 30 31 10000000 73 111 18 72 64 13
1 30 32 10000000 86 135 29 88 20 14
0 33 33 10000000 69 18 12 81 105 18
1 33 34 10000000 74 101 19 71 58 13
1 33 35 10000000 78 97 19 76 18 14
0 36 36 10000000 72 18 13 79 103 18
1 36 37 10000000 78 105 19 72 62 13
1 36 38 10000000 70 101 22 71 17 12
0 39 39 10000000 70 18 13 78 103 17
1 39 40 10000000 78 112 22 74 67 13
1 39 41 10000000 74 87 16 73 19 13
0 42 42 10000000 67 18 13 82 114 18
1 42 43 10000000 76 108 19 79 58 13
1 42 44 10000000 75 93 16 72 19 13
0 45 45 10000000 66 23 13 81 98 17
1 45 46 10000000 74 107 18 128 58 16
1 45 47 10000000 73 84 19 68 17 13
0 48 48 10000000 77 19 14 80 110 19
1 48 49 10000000 74 104 19 70 59 13
1 48 50 10000000 77 110 18 76 18 12
0 51 51 10000000 70 18 13 80 105 19
1 51 52 10000000 79 116 23 73 65 14
1 51 53 10000000 71 89 17 70 20 13
0 54 54 10000000 67 18 13 79 102 17
1 54 55 10000000 76 101 19 75 58 13
1 54 56 10000000 71 90 18 71 17 13
0 57 57 10000000 72 18 13 77 112 18
1 57 58 10000000 72 103 19 73 58 13
1 57 59 10000000 71 85 16 71 19 14
0 60 60 10000000 70 18 13 77 107 16
1 60 61 10000000 71 105 22 72 58 13
1 60 62 10000000 71 96 17 70 18 14
0 63 63 10000000 70 18 13 75 102 17
1 63 64 10000000 72 114 22 75 61 13
1 63 65 10000000 72 96 21 72 18 13
0 66 66 10000000 83 21 15 88 135 25
1 66 67 10000000 75 105 20 77 63 13
1 66 68 10000000 70 91 16 73 18 13
0 69 69 10000000 88 21 13 80 111 19
1 69 70 10000000 71 106 19 76 60 13
1 69 71 10000000 70 84 16 74 18 14
0 72 72 10000000 67 18 13 77 102 17
1 72 73 10000000 71 101 19 72 171 13
1 72 74 10000000 76 118 20 73 22 13
0 75 75 10000000 67 19 17 81 103 17
1 75 76 10000000 70 110 19 78 57 13
1 75 77 10000000 72 105 17 79 22 14
0 78 78 10000000 66 19 14 77 107 17
1 78 79 10000000 77 124 18 80 59 14
1 78 80 10000000 71 100 17 74 20 13
0 81 81 10000000 76 19 16 82 104 18
1 81 82 10000000 72 112 19 76 65 13
1 81 83 10000000 73 99 17 75 17 14
0 84 84 10000000 67 18 13 76 101 18
1 84 85 10000000 71 109 20 77 59 13
1 84 86 10000000 75 97 23 76 18 15
0 87 87 10000000 68 20 14 80 114 18
1 87 88 10000000 728 127 20 87 58 13
1 87 89 10000000 74 100 17 77 19 13
0 90 90 10000000 71 26 18 79 110 34
1 90 91 10000000 78 213 34 90 38 71
1 90 92 10000000 73 104 19 76 70 26
0 93 93 10000000 67 23 17 81 109 38
1 93 94 10000000 72 163 28 77 41 39
1 93 95 10000000 74 107 20 79 68 22
1 93 96 10000000 77 170 29 83 39 41
0 97 97 10000000 111 24 17 107 152 126
1 97 98 10000000 110 164 57 73 46 30
1 97 99 10000000 77 100 21 72 22 13
0 100 100 10000000 78 18 12 79 110 17
1 100 101 10000000 75 176 45 75 30 36
1 100 102 10000000 78 121 35 73 74 19
0 103 103 10000000 75 20 15 79 101 19
1 103 104 10000000 75 171 53 77 33 28
1 103 105 10000000 76 113 27 77 68 17
1 103 106 10000000 77 177 48 78 47 32
0 107 107 10000000 76 20 12 87 103 18
1 107 108 10000000 76 107 19 83 70 15
1 107 109 10000000 77 93 16 78 21 13
0 110 110 10000000 73 16 13 86 102 17
1 110 111 10000000 81 119 21 81 270 15
1 110 112 10000000 79 96 17 86 16 13
0 113 113 10000000 75 20 15 87 102 20
1 113 114 10000000 79 109 18 87 66 15
1 113 115 10000000 77 88 18 99 21 12
0 116 116 10000000 74 18 13 89 107 19
1 116 117 10000000 76 104 24 84 66 15
1 116 118 10000000 77 102 19 88 18 13
0 119 119 10000000 82 17 13 85 104 20
1 119 120 10000000 78 173 52 83 48 28
1 119 121 10000000 81 154 38 652 81 22
0 122 122 10000000 77 17 13 94 100 17
1 122 123 10000000 76 183 49 90 48 30
1 122 124 10000000 75 163 39 89 31 21
1 122 125 10000000 77 183 55 87 52 36
0 126 126 10000000 77 18 13 93 111 17
1 126 127 10000000 80 113 28 90 65 17
1 126 128 10000000 76 93 18 82 16 14
0 129 129 10000000 77 17 13 87 106 16
1 129 130 10000000 75 163 42 87 46 28
1 129 131 10000000 75 85 16 84 17 13
0 132 132 10000000 93 18 13 78 99 20
1 132 133 10000000 91 109 19 71 63 15
1 132 134 10000000 92 110 52 71 56 14
0 135 135 10000000 91 16 13 77 102 18
1 135 136 10000000 91 114 19 76 74 15
1 135 137 10000000 87 83 18 71 16 13
0 138 138 10000000 91 17 12 78 102 17
1 138 139 10000000 90 111 20 76 64 16
1 138 140 10000000 97 105 22 95 24 15
0 141 141 10000000 240 19 13 115 113 17
1 141 142 10000000 90 117 36 77 90 20
1 141 143 10000000 94 142 26 90 23 18
0 144 144 10000000 95 16 12 77 102 18
1 144 145 10000000 93 123 31 77 71 20
1 144 146 10000000 94 118 30 81 23 15
0 147 147 10000000 94 23 16 81 112 38
1 147 148 10000000 88 121 32 79 84 33
1 147 149 10000000 93 96 25 78 26 30
0 150 150 10000000 92 18 13 84 103 17
1 150 151 10000000 89 112 30 87 72 17
1 150 152 10000000 97 107 16 81 19 12
0 153 153 10000000 90 17 13 80 100 16
1 153 154 10000000 89 121 30 84 77 19
1 153 155 10000000 91 107 25 80 66 14
0 156 156 10000000 98 17 14 85 111 20
1 156 157 10000000 88 163 45 76 47 31
1 156 158 10000000 88 96 17 81 17 13
0 159 159 10000000 95 20 12 82 106 16
1 159 160 10000000 88 180 41 91 31 36
1 159 161 10000000 93 125 37 85 72 22
1 159 162 10000000 92 166 40 82 34 34
0 163 163 10000000 96 18 13 92 100 16
1 163 164 10000000 93 173 42 86 35 36
1 163 165 10000000 87 91 17 84 18 13
0 166 166 10000000 91 17 14 91 102 17
1 166 167 10000000 90 160 41 88 30 38
1 166 168 10000000 90 166 40 85 28 36
1 166 169 10000000 95 192 42 94 37 40
0 170 170 10000000 88 18 16 87 103 23
1 170 171 10000000 89 161 40 85 31 35
1 170 172 10000000 89 103 22 96 19 14
0 173 173 10000000 102 20 13 79 98 16
1 173 174 10000000 104 178 60 77 58 39
1 173 175 10000000 103 91 17 76 18 13
0 176 176 10000000 98 18 13 81 98 18
1 176 177 10000000 98 190 46 76 51 31
1 176 178 10000000 104 178 58 80 37 30
1 176 179 10000000 106 187 47 78 50 31
0 180 180 10000000 99 16 13 312 106 17
1 180 181 10000000 99 173 48 78 50 31
1 180 182 10000000 99 91 15 80 19 12
0 183 183 10000000 100 16 13 87 106 17
1 183 184 10000000 103 180 51 89 50 30
1 183 185 10000000 103 187 50 90 49 31
0 186 186 10000000 108 20 13 92 106 17
1 186 187 10000000 100 184 44 84 47 32
1 186 188 10000000 106 196 47 87 54 32
1 186 189 10000000 108 185 47 92 48 31
0 190 190 10000000 1214 18 14 126 122 18
1 190 191 10000000 97 161 46 79 49 32
1 190 192 10000000 103 102 24 88 59 14
0 193 193 10000000 100 17 12 95 103 19
1 193 194 10000000 104 192 48 94 51 33
1 193 195 10000000 101 199 52 87 54 38
1 193 196 10000000 99 198 54 93 52 37
0 197 197 10000000 113 17 13 78 102 16
1 197 198 10000000 106 194 61 79 56 36
1 197 199 10000000 107 98 15 81 19 15
0 200 200 10000000 114 16 14 84 104 17
1 200 201 10000000 108 178 58 75 36 28
1 200 202 10000000 107 176 48 79 45 30
1 200 203 10000000 107 198 51 79 53 35
0 204 204 10000000 126 22 14 96 124 23
1 204 205 10000000 108 172 55 74 213 34
1 204 206 10000000 109 106 17 83 17 13
0 207 207 10000000 118 17 13 93 105 17
1 207 208 10000000 109 118 31 81 73 21
1 207 209 10000000 108 89 17 75 17 13
0 210 210 10000000 120 19 13 90 106 17
1 210 211 10000000 108 105 21 83 72 19
1 210 212 10000000 123 123 18 86 19 13
0 213 213 10000000 117 17 13 87 110 19
1 213 214 10000000 108 175 54 82 34 28
1 213 215 10000000 108 500 50 83 52 30
0 216 216 10000000 112 18 13 86 104 20
1 216 217 10000000 105 112 19 90 66 15
1 216 218 10000000 108 91 17 77 18 13
0 219 219 10000000 115 17 12 87 102 17
1 219 220 10000000 110 175 59 84 33 28
1 219 221 10000000 108 185 50 82 51 32
0 222 222 10000000 114 18 13 92 103 17
1 222 223 10000000 106 168 33 87 27 35
1 222 224 10000000 107 100 18 92 57 13
0 225 225 10000000 119 16 13 94 106 18
1 225 226 10000000 109 113 19 84 68 15
1 225 227 10000000 107 115 18 85 62 13
0 228 228 10000000 122 17 13 77 101 17
1 228 229 10000000 120 108 17 74 20 13
1 228 230 10000000 114 198 63 76 53 38
1 228 231 10000000 115 191 65 79 56 49
0 232 232 10000000 125 16 14 86 98 18
1 232 233 10000000 113 185 46 79 49 30
1 232 234 10000000 116 108 17 81 16 13
0 235 235 10000000 118 16 11 85 93 16
1 235 236 10000000 113 181 49 77 47 30
1 235 237 10000000 115 104 17 80 17 14
0 238 238 10000000 121 18 12 87 104 16
1 238 239 10000000 114 177 48 79 47 32
1 238 240 10000000 112 193 54 80 52 37
0 241 241 10000000 120 29 28 85 108 20
1 241 242 10000000 113 104 27 80 22 17
1 241 243 10000000 116 202 52 78 51 35
1 241 244 10000000 137 207 51 85 50 32
0 245 245 10000000 119 28 28 94 111 19
1 245 246 10000000 116 180 53 87 49 34
1 245 247 10000000 113 112 26 81 22 17
0 248 248 10000000 123 19 13 89 99 15
1 248 249 10000000 112 104 19 84 64 14
1 248 250 10000000 123 99 18 83 18 149
0 251 251 10000000 116 17 13 87 188 19
1 251 252 10000000 113 94 18 87 18 13
1 251 253 10000000 108 195 57 85 55 49
1 251 254 10000000 117 189 55 83 55 48
0 255 255 10000000 118 16 13 92 112 18
1 255 256 10000000 119 181 51 87 46 31
1 255 257 10000000 119 108 25 90 60 16
0 258 258 10000000 127 17 12 91 109 20
1 258 259 10000000 118 316 60 87 79 36
1 258 260 10000000 118 93 17 87 17 14
0 261 261 10000000 118 17 17 92 103 16
1 261 262 10000000 114 180 46 92 50 30
1 261 263 10000000 114 196 61 91 58 53
1 261 264 10000000 116 186 55 90 54 37
0 265 265 10000000 117 18 13 96 95 17
1 265 266 10000000 116 171 47 94 48 31
1 265 267 10000000 110 210 60 93 58 50
1 265 268 10000000 119 202 62 91 58 52
0 269 269 10000000 124 18 12 91 103 16
1 269 270 10000000 116 179 46 91 52 31
1 269 271 10000000 111 90 17 85 17 13
0 272 272 10000000 126 17 15 84 96 38
1 272 273 10000000 122 181 53 81 50 31
1 272 274 10000000 120 103 18 80 58 13
0 275 275 10000000 128 20 16 94 100 17
1 275 276 10000000 117 190 47 82 49 29
1 275 277 10000000 121 107 19 87 57 13
0 278 278 10000000 124 19 12 88 97 20
1 278 279 10000000 119 255 56 83 52 39
1 278 280 10000000 123 111 18 89 20 13
0 281 281 10000000 120 24 26 86 91 17
1 281 282 10000000 120 207 199 84 106 88
1 281 283 10000000 117 195 55 90 49 35
1 281 284 10000000 117 193 51 87 51 34
0 285 285 10000000 129 16 13 90 95 18
1 285 286 10000000 115 182 53 86 51 33
1 285 287 10000000 116 104 18 95 55 12
0 288 288 10000000 134 23 14 94 109 19
1 288 289 10000000 120 186 46 93 47 32
1 288 290 10000000 122 216 65 89 58 56
1 288 291 10000000 116 226 74 97 65 66
0 292 292 10000000 129 20 14 107 127 17
1 292 293 10000000 122 178 46 93 47 31
1 292 294 10000000 117 112 21 90 61 14
0 295 295 10000000 127 18 12 92 94 16
1 295 296 10000000 116 198 51 96 54 37
1 295 297 10000000 121 105 17 95 19 14
0 298 298 10000000 126 17 13 96 97 16
1 298 299 10000000 118 181 55 92 51 39
1 298 300 10000000 116 103 16 90 18 13
0 301 301 10000000 123 18 12 99 104 16
1 301 302 10000000 114 178 47 93 45 31
1 301 303 10000000 121 221 76 98 53 46
1 301 304 10000000 123 187 51 98 48 32
0 305 305 10000000 129 19 14 104 111 17
1 305 306 10000000 121 185 45 97 48 31
1 305 307 10000000 115 217 67 100 61 55
1 305 308 10000000 129 243 64 237 61 56
0 309 309 10000000 134 23 13 98 105 19
1 309 310 10000000 126 194 55 87 50 32
1 309 311 10000000 123 108 20 88 20 13
0 312 312 10000000 147 22 14 103 125 24
1 312 313 10000000 123 180 47 83 47 30
1 312 314 10000000 123 98 19 84 55 12
0 315 315 10000000 159 17 13 22398 174 17
1 315 316 10000000 124 267 112 83 89 93
1 315 317 10000000 120 214 75 90 52 49
1 315 318 10000000 124 197 58 83 52 36
0 319 319 10000000 133 18 14 89 93 18
1 319 320 10000000 122 180 45 86 45 29
1 319 321 10000000 124 216 80 86 63 53
1 319 322 10000000 125 223 70 88 66 70
0 323 323 10000000 141 18 12 98 107 22
1 323 324 10000000 133 195 52 89 49 30
1 323 325 10000000 124 109 19 85 60 13
0 326 326 10000000 130 17 13 97 100 18
1 326 327 10000000 127 183 48 84 47 32
1 326 328 10000000 126 113 19 93 64 13
1 326 329 10000000 123 200 53 91 52 36
0 330 330 10000000 131 17 12 96 97 20
1 330 331 10000000 119 96 17 98 16 12
1 330 332 10000000 121 233 73 89 66 67
1 330 333 10000000 121 236 80 93 70 74
0 334 334 10000000 131 18 13 91 93 16
1 334 335 10000000 126 196 54 88 53 36
1 334 336 10000000 123 107 18 91 18 13
0 337 337 10000000 138 17 13 95 107 19
1 337 338 10000000 134 106 17 97 17 13
1 337 339 10000000 129 227 79 96 66 67
1 337 340 10000000 122 290 167 97 106 88
0 341 341 10000000 134 17 13 96 105 17
1 341 342 10000000 121 176 48 95 47 29
1 341 343 10000000 138 281 19 218 63 13
0 344 344 10000000 137 20 13 98 111 17
1 344 345 10000000 125 178 46 94 50 30
1 344 346 10000000 124 101 21 137 70 13
1 344 347 10000000 121 238 100 98 63 50
0 348 348 10000000 132 17 12 100 106 17
1 348 349 10000000 179 189 36 229 31 19
1 348 350 10000000 122 114 18 102 74 14
1 348 351 10000000 123 209 76 92 50 47
0 352 352 10000000 141 18 14 93 113 20
1 352 353 10000000 126 102 18 84 20 13
1 352 354 10000000 127 113 23 90 74 17
1 352 355 10000000 125 193 65 87 56 37
0 356 356 10000000 142 16 12 100 105 17
1 356 357 10000000 128 373 48 91 53 31
1 356 358 10000000 124 100 19 88 61 13
0 359 359 10000000 175 22 14 118 124 25
1 359 360 10000000 130 239 64 93 58 40
1 359 361 10000000 124 94 16 87 17 14
0 362 362 10000000 130 16 12 94 97 17
1 362 363 10000000 123 184 59 90 52 37
1 362 364 10000000 124 103 16 88 17 12
0 365 365 10000000 140 17 13 101 102 17
1 365 366 10000000 123 389 245 86 179 196
1 365 367 10000000 128 223 77 86 68 66
1 365 368 10000000 125 279 131 90 98 113
0 369 369 10000000 147 17 13 96 132 20
1 369 370 10000000 130 120 20 98 76 14
1 369 371 10000000 129 113 20 93 64 13
0 372 372 10000000 133 18 12 94 103 18
1 372 373 10000000 125 233 108 94 135 153
1 372 374 10000000 121 312 139 92 191 204
0 375 375 10000000 133 29 31 93 99 18
1 375 376 10000000 127 183 50 91 47 33
1 375 377 10000000 127 203 57 89 54 42
1 375 378 10000000 126 268 119 89 95 98
0 379 379 10000000 138 16 13 93 100 17
1 379 380 10000000 121 94 17 89 16 13
1 379 381 10000000 195 193 56 95 53 38
1 379 382 10000000 126 267 109 99 82 75
0 383 383 10000000 129 17 13 92 93 17
1 383 384 10000000 131 322 134 102 86 65
1 383 385 10000000 122 100 18 93 61 12
0 386 386 10000000 139 17 12 91 92 19
1 386 387 10000000 133 347 173 97 86 96
1 386 388 10000000 128 108 20 93 58 13
0 389 389 10000000 130 19 12 94 92 16
1 389 390 10000000 125 175 53 86 52 38
1 389 391 10000000 127 110 23 96 58 13
0 392 392 10000000 126 17 12 94 106 18
1 392 393 10000000 132 299 136 101 83 67
1 392 394 10000000 122 215 78 95 55 50
1 392 395 10000000 125 376 186 95 119 111
0 396 396 10000000 137 19 13 99 94 18
1 396 397 10000000 129 319 143 94 90 87
1 396 398 10000000 127 118 24 97 71 19
1 396 399 10000000 131 1094 373 231 113 327
0 400 400 10000000 129 17 12 93 95 16
1 400 401 10000000 135 238 101 91 75 75
1 400 402 10000000 122 216 73 91 50 47
0 403 403 10000000 150 16 13 92 100 18
1 403 404 10000000 140 192 58 87 33 36
1 403 405 10000000 128 419 1303 89 182 438
0 406 406 10000000 146 24 27 89 90 17
1 406 407 10000000 127 97 17 95 16 13
1 406 408 10000000 131 348 227 87 116 122
1 406 409 10000000 132 628 461 87 230 415
0 410 410 10000000 159 25 30 94 100 16
1 410 411 10000000 129 171 58 87 33 29
1 410 412 10000000 124 82 15 77 17 13
0 413 413 10000000 144 27 31 92 100 19
1 413 414 10000000 131 157 58 85 33 30
1 413 415 10000000 132 111 27 98 20 17
0 416 416 10000000 147 26 31 99 98 18
1 416 417 10000000 130 437 292 95 137 140
1 416 418 10000000 126 297 218 95 101 82
0 419 419 10000000 145 25 26 96 99 18
1 419 420 10000000 125 373 192 96 183 220
1 419 421 10000000 129 344 238 95 115 110
0 422 422 10000000 141 25 26 97 101 16
1 422 423 10000000 127 168 54 95 31 25
1 422 424 10000000 132 390 260 94 142 229
1 422 425 10000000 128 291 134 99 164 216
0 426 426 10000000 144 31 29 102 104 18
1 426 427 10000000 126 277 136 92 168 216
1 426 428 10000000 123 101 27 90 24 18
0 429 429 10000000 147 17 12 100 99 18
1 429 430 10000000 128 88 17 84 18 13
1 429 431 10000000 128 412 269 107 153 139
1 429 432 10000000 134 395 178 97 243 271
0 433 433 10000000 145 25 27 100 96 17
1 433 434 10000000 129 208 87 103 75 69
1 433 435 10000000 136 165 70 97 58 54
0 436 436 10000000 260 26 28 106 100 16
1 436 437 10000000 126 194 61 100 57 51
1 436 438 10000000 142 147 24 135 26 14
0 439 439 10000000 155 26 26 88 106 17
1 439 440 10000000 136 500 329 86 152 272
1 439 441 10000000 195 180 36 170 119 17
0 442 442 10000000 150 25 31 89 99 18
1 442 443 10000000 137 181 61 172 34 28
1 442 444 10000000 133 271 132 88 121 151
1 442 445 10000000 145 309 143 94 126 155
0 446 446 10000000 159 33 45 91 96 18
1 446 447 10000000 195 289 216 221 82 168
1 446 448 10000000 144 227 97 89 67 71
0 449 449 10000000 157 20 18 86 102 47
1 449 450 10000000 132 261 124 79 81 91
1 449 451 10000000 131 268 122 88 85 87
1 449 452 10000000 134 184 56 94 48 33
0 453 453 10000000 161 29 32 110 116 17
1 453 454 10000000 133 289 143 89 68 59
1 453 455 10000000 133 101 17 93 18 14
0 456 456 10000000 172 18 13 94 121 18
1 456 457 10000000 133 186 47 91 46 30
1 456 458 10000000 135 322 143 92 102 86
0 459 459 10000000 961 17 13 113 153 21
1 459 460 10000000 135 188 48 95 46 30
1 459 461 10000000 138 317 146 94 98 86
0 462 462 10000000 160 17 13 107 130 19
1 462 463 10000000 136 187 47 97 44 30
1 462 464 10000000 146 344 159 133 104 89
0 465 465 10000000 167 35 46 88 96 17
1 465 466 10000000 138 190 62 92 54 35
1 465 467 10000000 133 352 182 86 282 392
1 465 468 10000000 140 754 521 89 341 338
0 469 469 10000000 167 28 34 97 140 18
1 469 470 10000000 146 441 301 86 147 239
1 469 471 10000000 141 230 104 89 143 172
1 469 472 10000000 138 506 327 87 158 294
0 473 473 10000000 159 27 32 93 96 16
1 473 474 10000000 137 302 159 91 94 127
1 473 475 10000000 140 122 20 102 18 15
0 476 476 10000000 160 16 12 90 107 16
1 476 477 10000000 137 188 49 91 46 30
1 476 478 10000000 134 405 191 89 146 248
1 476 479 10000000 140 184 50 88 49 35
0 480 480 10000000 160 17 12 95 99 17
1 480 481 10000000 136 201 59 420 51 32
1 480 482 10000000 139 108 18 97 17 13
0 483 483 10000000 154 17 12 96 96 19
1 483 484 10000000 144 186 52 96 48 33
1 483 485 10000000 141 105 19 96 58 13
0 486 486 10000000 175 17 16 103 103 23
1 486 487 10000000 137 172 48 92 45 28
1 486 488 10000000 142 419 204 223 144 243
0 489 489 10000000 161 17 12 97 92 16
1 489 490 10000000 134 177 46 92 45 29
1 489 491 10000000 138 416 206 91 148 252
1 489 492 10000000 140 172 50 92 47 34
0 493 493 10000000 160 17 12 98 92 16
1 493 494 10000000 145 985 56 99 54 31
1 493 495 10000000 138 104 18 96 64 14
0 496 496 10000000 176 16 13 224 101 18
1 496 497 10000000 135 184 56 91 49 29
1 496 498 10000000 139 107 18 93 59 13
0 499 499 10000000 166 17 13 97 101 18
1 499 500 10000000 134 179 50 93 50 31
1 499 501 10000000 141 330 241 95 247 289
1 499 502 10000000 146 197 52 97 48 31
0 503 503 10000000 163 17 13 114 101 16
1 503 504 10000000 133 168 48 101 53 29
1 503 505 10000000 134 112 19 100 63 15
0 506 506 10000000 163 30 46 96 90 17
1 506 507 10000000 133 495 368 105 111 201
1 506 508 10000000 133 344 181 102 265 343
1 506 509 10000000 133 205 84 97 197 187
0 510 510 10000000 169 26 28 101 105 17
1 510 511 10000000 137 201 90 96 158 152
1 510 512 10000000 132 189 75 96 137 137
0 513 513 10000000 163 16 13 104 104 19
1 513 514 10000000 132 187 43 106 53 30
1 513 515 10000000 131 323 268 104 216 240
0 516 516 10000000 170 17 12 104 100 17
1 516 517 10000000 132 160 47 102 46 30
1 516 518 10000000 132 323 264 103 211 239
1 516 519 10000000 134 175 48 99 49 32
0 520 520 10000000 165 16 12 109 94 18
1 520 521 10000000 135 171 48 95 47 31
1 520 522 10000000 137 101 20 102 55 13
0 523 523 10000000 167 18 13 102 92 17
1 523 524 10000000 136 188 47 100 45 30
1 523 525 10000000 133 341 265 99 318 315
0 526 526 10000000 221 18 12 97 112 17
1 526 527 10000000 141 139 58 90 73 32
1 526 528 10000000 143 411 208 87 212 344
1 526 529 10000000 143 138 54 91 67 32
0 530 530 10000000 153 18 12 87 97 18
1 530 531 10000000 264 139 47 91 73 34
1 530 532 10000000 152 426 196 95 212 395
1 530 533 10000000 141 135 47 90 68 31
0 534 534 10000000 155 17 13 98 102 18
1 534 535 10000000 141 125 38 94 81 21
1 534 536 10000000 144 411 195 93 212 340
0 537 537 10000000 151 20 14 94 95 17
1 537 538 10000000 143 121 35 95 67 18
1 537 539 10000000 151 426 197 93 212 374
1 537 540 10000000 159 167 50 97 73 35
0 541 541 10000000 161 19 12 98 103 19
1 541 542 10000000 143 143 47 93 64 31
1 541 543 10000000 141 413 190 94 213 372
1 541 544 10000000 141 147 51 97 74 32
0 545 545 10000000 153 17 13 100 112 17
1 545 546 10000000 145 105 21 96 62 13
1 545 547 10000000 140 424 196 97 218 371
0 548 548 10000000 158 19 13 103 115 17
1 548 549 10000000 142 119 20 99 70 15
1 548 550 10000000 143 428 289 94 212 323
0 551 551 10000000 156 19 12 96 112 17
1 551 552 10000000 140 186 48 93 55 28
1 551 553 10000000 144 335 149 98 179 209
1 551 554 10000000 145 186 47 94 51 32
0 555 555 10000000 155 19 13 104 99 19
1 555 556 10000000 143 180 49 97 48 32
1 555 557 10000000 149 121 29 102 65 20
0 558 558 10000000 166 18 13 1756 124 18
1 558 559 10000000 142 131 33 94 79 20
1 558 560 10000000 142 342 156 95 257 250
1 558 561 10000000 139 279 51 97 52 32
0 562 562 10000000 151 18 12 88 99 18
1 562 563 10000000 152 192 58 95 50 30
1 562 564 10000000 155 148 31 105 92 20
0 565 565 10000000 154 16 13 95 108 18
1 565 566 10000000 142 110 23 97 66 15
1 565 567 10000000 150 113 17 105 17 13
0 568 568 10000000 165 18 13 97 109 19
1 568 569 10000000 154 119 21 104 62 13
1 568 570 10000000 143 295 138 97 248 665
1 568 571 10000000 152 190 57 93 54 35
0 572 572 10000000 149 34 48 92 99 17
1 572 573 10000000 157 194 59 98 35 32
1 572 574 10000000 147 114 19 97 18 16
0 575 575 10000000 148 28 33 101 107 16
1 575 576 10000000 145 214 56 237 51 32
1 575 577 10000000 143 215 73 106 265 152
0 578 578 10000000 312 45 83 130 176 24
1 578 579 10000000 171 267 101 96 118 111
1 578 580 10000000 156 277 124 99 337 271
1 578 581 10000000 4155 217 49 107 53 32
0 582 582 10000000 151 38 50 105 103 17
1 582 583 10000000 146 182 50 97 45 32
1 582 584 10000000 148 122 22 116 24 14
0 585 585 10000000 153 34 51 97 113 19
1 585 586 10000000 143 201 58 223 49 32
1 585 587 10000000 155 135 27 118 80 16
0 588 588 10000000 151 46 39 101 126 80
1 588 589 10000000 146 137 37 97 81 21
1 588 590 10000000 171 349 180 111 286 463
0 591 591 10000000 165 18 15 101 116 19
1 591 592 10000000 154 720 32 104 82 20
1 591 593 10000000 160 116 28 102 29 18
0 594 594 10000000 158 20 16 101 101 16
1 594 595 10000000 147 126 20 114 74 17
1 594 596 10000000 140 98 17 100 18 14
0 597 597 10000000 156 24 15 112 141 25
1 597 598 10000000 143 122 18 98 85 16
1 597 599 10000000 144 497 206 99 247 388
1 597 600 10000000 178 1597 29 169 80 16
0 601 601 10000000 191 19 13 101 102 20
1 601 602 10000000 147 120 19 97 71 14
1 601 603 10000000 141 479 215 105 235 291
1 601 604 10000000 146 120 20 111 75 15
0 605 605 10000000 152 18 13 101 102 24
1 605 606 10000000 142 116 22 99 62 16
1 605 607 10000000 147 481 216 102 228 330
1 605 608 10000000 145 119 24 102 80 14
0 609 609 10000000 433 24 15 138 197 24
1 609 610 10000000 142 110 19 106 67 13
1 609 611 10000000 150 479 213 103 227 309
0 612 612 10000000 164 19 14 218 123 19
1 612 613 10000000 146 124 32 106 72 16
1 612 614 10000000 142 472 209 95 224 878
1 612 615 10000000 153 121 24 113 72 16
0 616 616 10000000 159 19 13 106 100 20
1 616 617 10000000 141 106 18 102 63 15
1 616 618 10000000 143 473 211 100 221 302
1 616 619 10000000 144 113 21 101 70 15
0 620 620 10000000 166 24 14 115 122 21
1 620 621 10000000 140 113 19 99 68 18
1 620 622 10000000 147 467 215 99 226 305
0 623 623 10000000 149 19 15 104 103 17
1 623 624 10000000 141 114 17 102 66 16
1 623 625 10000000 139 477 216 101 227 362
0 626 626 10000000 150 35 47 102 102 19
1 626 627 10000000 146 394 242 106 103 107
1 626 628 10000000 153 290 119 112 214 220
0 629 629 10000000 159 39 47 108 105 18
1 629 630 10000000 145 173 61 100 33 27
1 629 631 10000000 140 423 274 98 209 194
1 629 632 10000000 141 280 96 123 112 105
0 633 633 10000000 158 19 12 98 106 19
1 633 634 10000000 141 110 21 94 67 14
1 633 635 10000000 144 428 276 95 264 439
1 633 636 10000000 144 106 20 101 58 15
0 637 637 10000000 176 18 13 97 109 18
1 637 638 10000000 152 116 19 98 62 15
1 637 639 10000000 150 866 207 108 261 481
1 637 640 10000000 143 109 19 102 65 15
0 641 641 10000000 187 21 17 107 148 28
1 641 642 10000000 154 134 21 98 82 17
1 641 643 10000000 148 433 202 99 263 446
1 641 644 10000000 148 134 29 121 86 17
0 645 645 10000000 163 17 15 95 111 17
1 645 646 10000000 148 136 21 99 61 14
1 645 647 10000000 1061 585 203 92 282 452
0 648 648 10000000 164 19 15 102 115 17
1 648 649 10000000 149 117 24 98 65 14
1 648 650 10000000 143 440 370 100 433 559
1 648 651 10000000 147 115 19 104 67 15
0 652 652 10000000 178 19 16 122 133 20
1 652 653 10000000 142 124 22 101 71 15
1 652 654 10000000 143 420 196 102 265 394
1 652 655 10000000 137 107 20 97 65 15
0 656 656 10000000 162 19 13 96 108 20
1 656 657 10000000 141 117 19 98 59 13
1 656 658 10000000 146 445 205 99 261 454
0 659 659 10000000 161 18 13 96 109 20
1 659 660 10000000 140 110 19 104 69 14
1 659 661 10000000 145 470 208 111 276 613
0 662 662 10000000 155 21 13 100 103 18
1 662 663 10000000 150 133 25 103 83 24
1 662 664 10000000 147 321 142 98 148 159
0 665 665 10000000 192 27 13 122 136 22
1 665 666 10000000 203 190 23 168 118 16
1 665 667 10000000 149 102 19 106 22 13
0 668 668 10000000 158 18 13 103 113 18
1 668 669 10000000 1441 138 27 110 72 19
1 668 670 10000000 177 526 236 125 288 511
0 671 671 10000000 168 18 13 103 104 20
1 671 672 10000000 210 189 31 167 107 14
1 671 673 10000000 152 487 228 119 287 475
0 674 674 10000000 156 18 13 100 103 17
1 674 675 10000000 13348 189 19 129 74 17
1 674 676 10000000 244 1434 711 117 704 661
0 677 677 10000000 161 18 13 119 125 16
1 677 678 10000000 156 119 18 100 114 13
1 677 679 10000000 148 1364 755 97 710 1129
0 680 680 10000000 167 17 14 99 107 18
1 680 681 10000000 151 112 19 108 67 13
1 680 682 10000000 143 1375 714 97 761 736
0 683 683 10000000 171 48 78 105 112 19
1 683 684 10000000 146 199 63 104 54 34
1 683 685 10000000 185 447 236 103 329 434
0 686 686 10000000 167 47 74 104 102 18
1 686 687 10000000 147 201 67 132 58 50
1 686 688 10000000 139 99 17 103 17 13
0 689 689 10000000 162 42 57 141 108 20
1 689 690 10000000 154 575 350 113 388 530
1 689 691 10000000 143 379 239 100 281 394
1 689 692 10000000 176 494 341 104 244 293
0 693 693 10000000 155 45 70 101 97 16
1 693 694 10000000 145 477 333 111 239 330
1 693 695 10000000 142 101 20 109 18 13
0 696 696 10000000 161 44 57 104 100 17
1 696 697 10000000 162 500 340 119 284 378
1 696 698 10000000 204 465 241 108 331 349
0 699 699 10000000 217 50 102 130 141 27
1 699 700 10000000 143 467 321 129 279 330
1 699 701 10000000 142 502 243 115 277 329
1 699 702 10000000 146 505 343 133 296 368
0 703 703 10000000 159 42 58 106 98 18
1 703 704 10000000 144 594 336 110 287 347
1 703 705 10000000 142 106 18 115 21 13
0 706 706 10000000 160 48 74 103 117 18
1 706 707 10000000 142 508 362 117 296 366
1 706 708 10000000 144 374 243 106 263 325
0 709 709 10000000 168 39 58 101 94 20
1 709 710 10000000 145 426 272 122 337 360
1 709 711 10000000 183 387 249 113 258 264
1 709 712 10000000 152 487 308 128 349 1968
0 713 713 10000000 162 45 76 100 98 272
1 713 714 10000000 151 463 282 115 396 626
1 713 715 10000000 262 297 191 112 193 150
0 716 716 10000000 167 42 72 96 95 16
1 716 717 10000000 155 414 270 103 390 627
1 716 718 10000000 154 253 157 100 195 150
0 719 719 10000000 161 49 75 98 102 19
1 719 720 10000000 147 317 206 100 215 181
1 719 721 10000000 147 279 125 102 363 511
1 719 722 10000000 144 402 337 91 381 540
0 723 723 10000000 160 47 74 98 92 19
1 723 724 10000000 156 423 266 103 297 349
1 723 725 10000000 151 276 161 109 204 148
0 726 726 10000000 165 59 123 100 108 17
1 726 727 10000000 150 327 204 104 213 172
1 726 728 10000000 145 400 258 105 299 369
1 726 729 10000000 147 283 157 102 205 169
0 730 730 10000000 161 36 60 101 95 17
1 730 731 10000000 149 278 162 104 205 177
1 730 732 10000000 148 103 17 106 16 13
0 733 733 10000000 162 62 143 100 120 22
1 733 734 10000000 152 333 218 101 90 93
1 733 735 10000000 147 400 264 105 397 445
0 736 736 10000000 164 61 135 104 102 17
1 736 737 10000000 517 354 202 113 86 85
1 736 738 10000000 148 491 290 108 389 502
1 736 739 10000000 148 490 318 104 376 433
0 740 740 10000000 173 40 58 100 95 16
1 740 741 10000000 144 469 306 93 356 395
1 740 742 10000000 189 100 16 106 17 13
1 740 743 10000000 147 355 228 108 90 86
0 744 744 10000000 160 59 130 100 95 16
1 744 745 10000000 145 327 201 116 85 80
1 744 746 10000000 151 104 19 106 57 13
0 747 747 10000000 162 58 126 105 93 16
1 747 748 10000000 148 280 144 113 70 81
1 747 749 10000000 147 457 288 110 311 404
0 750 750 10000000 158 72 105 106 103 60
1 750 751 10000000 146 311 198 95 82 80
1 750 752 10000000 145 446 285 112 302 408
0 753 753 10000000 160 55 126 104 87 16
1 753 754 10000000 150 175 64 110 30 24
1 753 755 10000000 149 465 290 112 306 398
1 753 756 10000000 156 348 203 115 83 81
0 757 757 10000000 164 62 124 102 101 17
1 757 758 10000000 145 325 201 108 83 85
1 757 759 10000000 148 200 94 108 56 49
0 760 760 10000000 159 17 12 114 105 16
1 760 761 10000000 154 107 24 115 74 19
1 760 762 10000000 147 514 396 107 332 416
0 763 763 10000000 164 20 13 111 102 17
1 763 764 10000000 147 107 20 111 74 14
1 763 765 10000000 147 1229 619 108 652 497
1 763 766 10000000 154 937 659 108 277 276
0 767 767 10000000 169 34 47 110 102 16
1 767 768 10000000 145 158 29 109 26 23
1 767 769 10000000 191 108 17 115 18 15
1 767 770 10000000 156 161 42 117 33 27
0 771 771 10000000 273 44 51 177 175 34
1 771 772 10000000 160 644 451 160 145 132
1 771 773 10000000 153 298 212 112 73 67
1 771 774 10000000 156 719 685 116 138 209
0 775 775 10000000 165 32 44 108 102 16
1 775 776 10000000 150 166 31 109 26 24
1 775 777 10000000 146 96 16 105 19 13
1 775 778 10000000 149 159 27 111 27 22
0 779 779 10000000 170 31 44 101 102 17
1 779 780 10000000 161 193 77 103 240 219
1 779 781 10000000 165 182 79 99 227 217
0 782 782 10000000 179 26 26 100 98 17
1 782 783 10000000 160 163 26 100 29 23
1 782 784 10000000 158 654 15 109 17 12
0 785 785 10000000 176 28 30 106 105 17
1 785 786 10000000 168 189 60 111 53 37
1 785 787 10000000 163 103 17 110 17 14
0 788 788 10000000 178 26 31 102 105 22
1 788 789 10000000 170 168 29 110 29 23
1 788 790 10000000 181 105 17 115 17 13
0 791 791 10000000 173 17 13 100 99 19
1 791 792 10000000 162 186 60 110 129 46
1 791 793 10000000 176 3094 483 115 661 550
1 791 794 10000000 171 373 18 106 66 14
0 795 795 10000000 180 17 13 100 95 18
1 795 796 10000000 159 167 71 93 213 208
1 795 797 10000000 157 1019 469 109 769 643
0 798 798 10000000 172 30 44 101 94 17
1 798 799 10000000 162 95 19 97 17 13
1 798 800 10000000 158 952 509 106 575 606
0 801 801 10000000 168 34 28 98 102 25
1 801 802 10000000 161 106 19 105 19 14
1 801 803 10000000 162 929 483 112 547 504
1 801 804 10000000 165 115 23 117 68 15
0 805 805 10000000 193 27 31 105 102 17
1 805 806 10000000 165 117 20 113 18 14
1 805 807 10000000 162 1430 494 111 594 679
1 805 808 10000000 165 113 19 154 70 14
0 809 809 10000000 174 30 44 114 118 16
1 809 810 10000000 160 96 17 105 17 13
1 809 811 10000000 160 928 490 106 528 404
1 809 812 10000000 179 113 22 107 73 17
0 813 813 10000000 175 24 30 93 92 17
1 813 814 10000000 161 226 138 93 156 149
1 813 815 10000000 160 929 1530 108 570 1280
1 813 816 10000000 161 111 19 104 62 14
0 817 817 10000000 212 25 28 104 109 21
1 817 818 10000000 161 101 19 105 17 12
1 817 819 10000000 161 794 496 105 203 257
1 817 820 10000000 169 101 17 108 64 16
0 821 821 10000000 174 21 27 98 91 17
1 821 822 10000000 163 107 18 102 63 16
1 821 823 10000000 157 769 584 102 192 199
1 821 824 10000000 166 106 18 102 63 15
0 825 825 10000000 170 17 13 129 95 19
1 825 826 10000000 159 121 21 105 80 14
1 825 827 10000000 152 1260 639 514 618 598
1 825 828 10000000 163 228 79 107 68 71
0 829 829 10000000 170 504 360 99 245 125
1 829 830 10000000 154 110 18 100 68 17
1 829 831 10000000 153 1240 622 104 621 841
1 829 832 10000000 293 1239 77 554 84 68
0 833 833 10000000 170 16 13 99 105 18
1 833 834 10000000 154 105 18 136 59 14
1 833 835 10000000 156 1241 646 105 623 598
0 836 836 10000000 168 18 13 111 123 17
1 836 837 10000000 162 110 20 107 64 14
1 836 838 10000000 236 1412 622 103 669 620
1 836 839 10000000 166 163 30 104 30 34
0 840 840 10000000 162 804 668 104 241 134
1 840 841 10000000 157 160 28 103 28 35
1 840 842 10000000 157 90 17 97 99 13
0 843 843 10000000 168 17 14 104 105 18
1 843 844 10000000 153 267 19 100 19 14
1 843 845 10000000 279 1264 624 108 648 614
0 846 846 10000000 234 833 737 129 281 167
1 846 847 10000000 160 124 24 117 86 15
1 846 848 10000000 153 1252 624 112 625 660
1 846 849 10000000 162 105 20 110 65 14
0 850 850 10000000 168 17 13 111 105 17
1 850 851 10000000 153 108 23 99 70 19
1 850 852 10000000 160 1391 612 103 621 608
0 853 853 10000000 163 16 12 96 93 16
1 853 854 10000000 150 92 18 97 55 13
1 853 855 10000000 156 1241 612 111 609 615
1 853 856 10000000 157 107 20 106 65 16
0 857 857 10000000 164 807 701 101 241 129
1 857 858 10000000 150 106 19 107 62 15
1 857 859 10000000 152 1241 614 100 602 635
1 857 860 10000000 152 111 17 104 64 15
0 861 861 10000000 168 16 12 103 106 15
1 861 862 10000000 154 104 22 102 74 19
1 861 863 10000000 153 645 526 99 281 341
0 864 864 10000000 165 17 12 99 103 17
1 864 865 10000000 157 337 256 104 230 188
1 864 866 10000000 153 928 779 101 605 517
1 864 867 10000000 148 774 624 109 400 349
0 868 868 10000000 160 19 13 102 100 17
1 868 869 10000000 151 598 572 107 272 278
1 868 870 10000000 156 667 544 108 310 330
1 868 871 10000000 149 802 632 107 386 306
0 872 872 10000000 161 19 13 104 92 17
1 872 873 10000000 152 105 18 108 62 14
1 872 874 10000000 151 622 525 108 400 303
0 875 875 10000000 167 53 13 105 104 18
1 875 876 10000000 148 104 17 112 55 13
1 875 877 10000000 151 639 490 112 438 318
0 878 878 10000000 168 17 13 103 104 18
1 878 879 10000000 154 201 85 109 50 30
1 878 880 10000000 152 621 479 109 403 347
0 881 881 10000000 170 17 13 105 96 17
1 881 882 10000000 152 181 56 107 163 229
1 881 883 10000000 150 476 325 106 251 329
0 884 884 10000000 171 17 12 105 108 18
1 884 885 10000000 151 280 155 107 189 171
1 884 886 10000000 149 646 510 105 591 747
0 887 887 10000000 164 17 13 105 112 18
1 887 888 10000000 154 176 69 111 167 147
1 887 889 10000000 154 426 231 108 232 340
0 890 890 10000000 169 17 12 105 99 19
1 890 891 10000000 161 112 19 115 64 14
1 890 892 10000000 154 660 533 111 608 500
1 890 893 10000000 149 946 631 107 473 414
0 894 894 10000000 166 17 13 108 113 17
1 894 895 10000000 154 110 20 115 69 15
1 894 896 10000000 149 636 489 109 590 491
1 894 897 10000000 149 930 658 114 505 415
0 898 898 10000000 167 23 12 108 97 17
1 898 899 10000000 153 423 264 114 204 209
1 898 900 10000000 153 483 321 111 272 341
0 901 901 10000000 174 18 13 112 107 18
1 901 902 10000000 149 107 19 112 60 15
1 901 903 10000000 151 981 452 107 727 588
0 904 904 10000000 165 17 13 107 98 19
1 904 905 10000000 148 353 219 109 407 432
1 904 906 10000000 153 1766 872 115 1159 830
1 904 907 10000000 146 644 302 111 687 634
0 908 908 10000000 166 16 12 102 97 16
1 908 909 10000000 155 351 209 117 362 394
1 908 910 10000000 148 3513 855 112 944 828
1 908 911 10000000 149 569 290 118 676 643
0 912 912 10000000 173 17 13 112 233 17
1 912 913 10000000 153 381 210 114 381 424
1 912 914 10000000 150 1924 841 145 927 813
1 912 915 10000000 151 357 210 120 363 400
0 916 916 10000000 172 16 13 102 89 17
1 916 917 10000000 152 392 214 131 2107 390
1 916 918 10000000 146 1721 856 113 920 1071
1 916 919 10000000 155 401 220 292 356 415
0 920 920 10000000 165 16 12 100 87 17
1 920 921 10000000 151 209 82 111 326 283
1 920 922 10000000 148 2206 872 111 971 846
0 923 923 10000000 161 17 12 102 95 17
1 923 924 10000000 145 283 166 109 341 298
1 923 925 10000000 153 1619 1023 117 1386 895
1 923 926 10000000 150 352 202 110 351 372
0 927 927 10000000 168 16 13 109 103 17
1 927 928 10000000 151 104 21 114 61 14
1 927 929 10000000 152 1726 839 111 899 861
0 930 930 10000000 166 15 13 109 104 16
1 930 931 10000000 149 123 36 115 82 20
1 930 932 10000000 147 1729 896 115 899 854
0 933 933 10000000 166 17 12 110 160 16
1 933 934 10000000 151 127 27 131 72 14
1 933 935 10000000 148 1769 847 111 1076 830
0 936 936 10000000 2595 18 12 117 124 17
1 936 937 10000000 152 112 23 119 68 19
1 936 938 10000000 156 1806 1043 118 2456 850
0 939 939 10000000 168 17 13 111 104 17
1 939 940 10000000 152 106 18 134 63 16
1 939 941 10000000 149 1868 869 121 844 838
1 939 942 10000000 150 107 19 118 65 15
0 943 943 10000000 168 17 13 106 89 15
1 943 944 10000000 154 106 19 122 63 13
1 943 945 10000000 149 1928 890 130 958 784
1 943 946 10000000 159 116 20 116 70 15
0 947 947 10000000 169 18 14 108 114 17
1 947 948 10000000 160 376 231 119 268 253
1 947 949 10000000 152 979 562 114 850 716
0 950 950 10000000 178 19 13 108 104 18
1 950 951 10000000 150 276 158 117 254 232
1 950 952 10000000 152 1124 661 116 1120 676
0 953 953 10000000 166 17 13 101 91 16
1 953 954 10000000 152 104 19 117 59 13
1 953 955 10000000 156 1024 605 119 2578 709
0 956 956 10000000 172 19 12 109 101 16
1 956 957 10000000 225 115 17 122 58 16
1 956 958 10000000 151 2620 571 114 884 690
1 956 959 10000000 157 110 17 117 62 18
0 960 960 10000000 173 17 13 107 112 17
1 960 961 10000000 157 112 17 114 63 14
1 960 962 10000000 154 995 596 117 864 698
0 963 963 10000000 175 17 12 111 99 18
1 963 964 10000000 154 194 22 121 57 13
1 963 965 10000000 150 1100 620 120 882 665
0 966 966 10000000 169 17 13 108 101 18
1 966 967 10000000 154 114 21 121 66 16
1 966 968 10000000 151 997 573 118 870 732
1 966 969 10000000 190 245 115 120 254 233
0 970 970 10000000 169 33 51 117 108 17
1 970 971 10000000 160 225 102 124 247 224
1 970 972 10000000 154 96 16 121 17 14
1 970 973 10000000 152 173 29 150 27 1622
0 974 974 10000000 179 38 49 116 105 17
1 974 975 10000000 153 167 28 116 28 34
1 974 976 10000000 148 93 20 111 18 13
0 977 977 10000000 190 17 13 313 112 16
1 977 978 10000000 155 95 17 125 18 13
1 977 979 10000000 153 1611 610 126 941 674
0 980 980 10000000 928 19 12 119 118 15
1 980 981 10000000 154 108 18 126 62 14
1 980 982 10000000 152 1007 580 130 891 667
1 980 983 10000000 157 113 17 130 65 14
0 984 984 10000000 172 33 49 115 105 20
1 984 985 10000000 159 111 21 129 61 13
1 984 986 10000000 153 1018 581 124 934 667
1 984 987 10000000 157 116 18 133 66 15
0 988 988 10000000 185 21 14 215 130 17
1 988 989 10000000 162 260 111 699 173 163
1 988 990 10000000 151 1005 588 129 1099 668
1 988 991 10000000 164 108 20 124 67 13
0 992 992 10000000 180 19 14 112 108 18
1 992 993 10000000 158 100 17 116 19 12
1 992 994 10000000 154 1039 612 128 493 390
1 992 995 10000000 154 104 17 115 64 13
0 996 996 10000000 171 44 74 110 96 17
1 996 997 10000000 153 116 20 122 69 14
1 996 998 10000000 150 2346 1313 122 1561 1070
1 996 999 10000000 163 133 21 121 65 14
0 1000 1000 10000000 170 16 12 142 106 17
1 1000 1001 10000000 152 110 18 117 69 14
1 1000 1002 10000000 149 2032 1028 119 1038 1012
0 1003 1003 10000000 171 16 12 113 101 17
1 1003 1004 10000000 156 253 123 124 196 173
1 1003 1005 10000000 148 447 237 116 671 628
0 1006 1006 10000000 162 17 13 113 103 16
1 1006 1007 10000000 147 110 18 129 76 14
1 1006 1008 10000000 146 2319 1057 125 647 607
1 1006 1009 10000000 155 190 36 136 277 225
0 1010 1010 10000000 162 55 43 112 228 101
1 1010 1011 10000000 149 160 39 122 241 211
1 1010 1012 10000000 149 102 16 125 282 213
1 1010 1013 10000000 146 166 34 122 260 220
0 1014 1014 10000000 166 17 12 110 91 16
1 1014 1015 10000000 150 112 18 120 65 13
1 1014 1016 10000000 155 2102 1042 123 590 566
1 1014 1017 10000000 148 110 19 119 71 14
0 1018 1018 10000000 165 16 12 111 90 15
1 1018 1019 10000000 153 89 13 125 281 214
1 1018 1020 10000000 146 2040 1035 126 1144 1019
1 1018 1021 10000000 153 125 19 126 73 14
0 1022 1022 10000000 165 490 364 115 226 109
1 1022 1023 10000000 148 116 20 123 65 14
1 1022 1024 10000000 147 1969 1001 120 1113 1094
1 1022 1025 10000000 152 106 19 127 61 15
0 1026 1026 10000000 162 16 12 112 107 16
1 1026 1027 10000000 148 118 24 129 67 19
1 1026 1028 10000000 141 2054 1016 121 1237 1141
0 1029 1029 10000000 190 17 13 110 115 19
1 1029 1030 10000000 150 113 18 119 67 15
1 1029 1031 10000000 145 2007 2425 117 1122 2706
0 1032 1032 10000000 174 16 13 112 104 17
1 1032 1033 10000000 148 117 21 129 71 18
1 1032 1034 10000000 142 2008 1048 133 1138 1078
1 1032 1035 10000000 144 1041 660 123 1060 955
0 1036 1036 10000000 159 35 51 119 104 17
1 1036 1037 10000000 145 216 99 124 194 164
1 1036 1038 10000000 149 153 62 118 163 153
1 1036 1039 10000000 144 234 96 123 190 183
0 1040 1040 10000000 168 41 68 120 104 17
1 1040 1041 10000000 143 165 28 122 26 22
1 1040 1042 10000000 142 91 18 114 17 12
1 1040 1043 10000000 144 188 46 126 32 26
0 1044 1044 10000000 167 44 68 120 99 18
1 1044 1045 10000000 153 178 26 125 27 23
1 1044 1046 10000000 145 100 16 122 18 12
1 1044 1047 10000000 150 438 426 121 485 503
0 1048 1048 10000000 159 30 44 114 104 20
1 1048 1049 10000000 149 163 31 128 27 22
1 1048 1050 10000000 150 95 18 123 17 19
1 1048 1051 10000000 145 1686 114 1059 253 228
0 1052 1052 10000000 168 41 66 116 116 20
1 1052 1053 10000000 149 525 393 133 913 779
1 1052 1054 10000000 150 855 203 316 451 545
1 1052 1055 10000000 145 374 248 130 938 1459
0 1056 1056 10000000 166 28 26 113 104 16
1 1056 1057 10000000 148 183 70 132 172 157
1 1056 1058 10000000 200 146 55 122 163 150
1 1056 1059 10000000 156 188 71 135 170 160
0 1060 1060 10000000 174 46 66 120 94 18
1 1060 1061 10000000 142 163 26 131 25 23
1 1060 1062 10000000 144 229 17 128 17 12
0 1063 1063 10000000 163 33 48 129 106 17
1 1063 1064 10000000 142 214 80 139 442 406
1 1063 1065 10000000 140 157 67 116 418 371
0 1066 1066 10000000 161 35 45 127 104 18
1 1066 1067 10000000 149 465 335 135 497 581
1 1066 1068 10000000 145 257 187 149 458 467
0 1069 1069 10000000 162 32 44 123 99 16
1 1069 1070 10000000 145 245 132 138 193 166
1 1069 1071 10000000 142 172 77 121 170 156
0 1072 1072 10000000 157 38 57 136 104 15
1 1072 1073 10000000 148 157 28 143 27 23
1 1072 1074 10000000 143 90 17 140 20 13
0 1075 1075 10000000 164 16 13 126 102 36
1 1075 1076 10000000 146 102 25 138 53 13
1 1075 1077 10000000 154 1964 1011 143 1218 1096
0 1078 1078 10000000 161 16 13 123 95 22
1 1078 1079 10000000 173 91 16 127 16 14
1 1078 1080 10000000 145 1993 1045 132 1028 733
0 1081 1081 10000000 173 39 62 108 94 18
1 1081 1082 10000000 163 102 16 116 19 13
1 1081 1083 10000000 156 2215 1037 115 1356 1253
1 1081 1084 10000000 154 166 61 125 62 61
0 1085 1085 10000000 179 28 29 118 97 17
1 1085 1086 10000000 152 89 16 107 19 14
1 1085 1087 10000000 154 2124 1034 118 1355 1491
0 1088 1088 10000000 168 23 27 109 99 17
1 1088 1089 10000000 154 93 16 111 16 13
1 1088 1090 10000000 154 2120 1083 119 1355 1271
1 1088 1091 10000000 154 164 62 122 58 49
0 1092 1092 10000000 171 33 45 113 92 17
1 1092 1093 10000000 152 90 16 130 18 12
1 1092 1094 10000000 153 2128 1069 122 1340 1355
1 1092 1095 10000000 154 193 67 132 59 49
0 1096 1096 10000000 171 45 73 117 99 16
1 1096 1097 10000000 152 87 17 114 17 12
1 1096 1098 10000000 158 2163 1800 123 1342 1422
1 1096 1099 10000000 151 175 57 124 60 52
0 1100 1100 10000000 176 36 48 124 87 15
1 1100 1101 10000000 153 269 205 110 467 544
1 1100 1102 10000000 156 2165 1138 127 1353 1222
1 1100 1103 10000000 152 165 55 129 61 50
0 1104 1104 10000000 165 30 45 119 90 18
1 1104 1105 10000000 151 91 19 120 18 12
1 1104 1106 10000000 158 2247 1097 134 1414 1167
1 1104 1107 10000000 154 175 56 135 65 52
0 1108 1108 10000000 173 45 70 118 89 18
1 1108 1109 10000000 151 93 15 117 19 12
1 1108 1110 10000000 154 2087 995 124 829 832
1 1108 1111 10000000 156 184 48 137 127 77
0 1112 1112 10000000 176 47 71 138 170 20
1 1112 1113 10000000 143 192 118 112 231 197
1 1112 1114 10000000 147 2168 1109 121 1443 1200
1 1112 1115 10000000 148 129 20 122 67 17
0 1116 1116 10000000 170 44 71 118 95 15
1 1116 1117 10000000 141 90 17 111 17 12
1 1116 1118 10000000 148 2265 1283 122 1430 1247
1 1116 1119 10000000 149 110 19 122 70 14
0 1120 1120 10000000 211 16 12 120 102 21
1 1120 1121 10000000 150 113 23 124 70 19
1 1120 1122 10000000 156 2514 1192 127 1707 1195
0 1123 1123 10000000 171 17 13 398 108 21
1 1123 1124 10000000 144 112 19 125 65 14
1 1123 1125 10000000 145 2221 1069 134 1447 1278
0 1126 1126 10000000 178 19 12 126 108 17
1 1126 1127 10000000 149 116 17 124 66 13
1 1126 1128 10000000 144 2280 1090 122 1368 1273
0 1129 1129 10000000 199 19 13 124 142 20
1 1129 1130 10000000 156 120 21 125 74 15
1 1129 1131 10000000 146 2196 1072 125 1380 1264
0 1132 1132 10000000 174 143 14 122 114 28
1 1132 1133 10000000 144 108 22 129 65 15
1 1132 1134 10000000 148 3100 1028 131 1519 1302
1 1132 1135 10000000 146 699 528 122 969 929
0 1136 1136 10000000 161 34 54 116 92 20
1 1136 1137 10000000 149 2310 248 150 932 860
1 1136 1138 10000000 151 198 107 134 228 200
1 1136 1139 10000000 154 568 848 132 906 867
0 1140 1140 10000000 172 43 67 120 95 16
1 1140 1141 10000000 153 119 29 140 61 22
1 1140 1142 10000000 151 96 16 133 18 15
1 1140 1143 10000000 152 165 30 129 25 24
0 1144 1144 10000000 176 44 66 120 102 17
1 1144 1145 10000000 149 120 26 131 62 21
1 1144 1146 10000000 142 90 16 124 16 12
1 1144 1147 10000000 148 258 156 137 434 522
0 1148 1148 10000000 169 48 77 123 112 20
1 1148 1149 10000000 160 198 70 140 169 152
1 1148 1150 10000000 146 92 17 128 18 14
1 1148 1151 10000000 151 222 272 251 197 335
0 1152 1152 10000000 162 50 92 121 107 16
1 1152 1153 10000000 146 93 17 127 18 13
1 1152 1154 10000000 152 228 127 138 86 67
0 1155 1155 10000000 178 110 104 107 99 15
1 1155 1156 10000000 152 362 231 130 895 672
1 1155 1157 10000000 154 248 133 124 604 527
1 1155 1158 10000000 152 668 295 390 1477 638
0 1159 1159 10000000 177 18 13 110 102 18
1 1159 1160 10000000 157 289 133 126 614 557
1 1159 1161 10000000 157 99 16 134 17 12
0 1162 1162 10000000 178 48 75 114 104 15
1 1162 1163 10000000 154 707 361 127 983 705
1 1162 1164 10000000 151 91 17 126 17 12
0 1165 1165 10000000 183 47 65 118 102 18
1 1165 1166 10000000 158 253 120 134 201 186
1 1165 1167 10000000 152 99 16 135 18 12
0 1168 1168 10000000 184 39 68 111 91 17
1 1168 1169 10000000 156 238 108 134 197 187
1 1168 1170 10000000 155 94 18 123 19 13
0 1171 1171 10000000 183 62 130 116 101 16
1 1171 1172 10000000 154 231 112 133 196 185
1 1171 1173 10000000 153 99 15 134 17 12
0 1174 1174 10000000 181 50 78 211 136 18
1 1174 1175 10000000 153 229 114 132 197 187
1 1174 1176 10000000 150 91 18 119 17 12
0 1177 1177 10000000 187 47 77 118 99 17
1 1177 1178 10000000 150 240 105 139 195 184
1 1177 1179 10000000 152 105 19 135 19 13
0 1180 1180 10000000 186 40 55 119 105 17
1 1180 1181 10000000 153 266 129 141 214 206
1 1180 1182 10000000 149 174 59 134 170 153
0 1183 1183 10000000 185 59 85 118 107 19
1 1183 1184 10000000 151 116 19 139 57 15
1 1183 1185 10000000 177 2254 915 141 1418 1011
0 1186 1186 10000000 179 44 72 117 93 17
1 1186 1187 10000000 152 316 173 138 779 697
1 1186 1188 10000000 150 225 137 137 594 505
0 1189 1189 10000000 180 18 14 119 106 17
1 1189 1190 10000000 151 191 80 129 51 38
1 1189 1191 10000000 154 2057 1062 126 1326 1051
0 1192 1192 10000000 178 18 13 115 94 17
1 1192 1193 10000000 158 116 22 136 16 13
1 1192 1194 10000000 150 2319 1008 137 583 605
0 1195 1195 10000000 181 45 81 119 101 16
1 1195 1196 10000000 154 255 135 138 83 73
1 1195 1197 10000000 150 2183 1004 135 576 600
1 1195 1198 10000000 159 230 127 128 83 70
0 1199 1199 10000000 199 47 74 125 101 19
1 1199 1200 10000000 153 251 126 148 81 71
1 1199 1201 10000000 158 114 16 141 18 16
0 1202 1202 10000000 186 41 72 121 98 16
1 1202 1203 10000000 149 197 108 115 69 65
1 1202 1204 10000000 153 2170 999 142 566 662
1 1202 1205 10000000 155 305 191 123 130 147
0 1206 1206 10000000 180 60 132 120 112 16
1 1206 1207 10000000 158 322 189 140 134 116
1 1206 1208 10000000 156 232 125 134 67 66
0 1209 1209 10000000 178 126 87 147 123 71
1 1209 1210 10000000 155 101 19 131 19 13
1 1209 1211 10000000 151 2162 1001 136 569 590
1 1209 1212 10000000 156 225 100 143 135 124
0 1213 1213 10000000 192 44 77 125 110 19
1 1213 1214 10000000 149 91 18 131 18 14
1 1213 1215 10000000 156 2175 996 129 558 559
0 1216 1216 10000000 181 43 67 123 95 18
1 1216 1217 10000000 157 98 15 127 16 12
1 1216 1218 10000000 153 2183 1000 137 463 474
0 1219 1219 10000000 172 43 108 123 95 16
1 1219 1220 10000000 149 91 16 122 15 12
1 1219 1221 10000000 152 1954 1001 127 1435 1312
0 1222 1222 10000000 179 195 82 125 115 18
1 1222 1223 10000000 148 96 16 117 18 13
1 1222 1224 10000000 146 1906 988 122 1428 1305
0 1225 1225 10000000 177 50 127 114 95 19
1 1225 1226 10000000 150 86 20 118 18 13
1 1225 1227 10000000 147 1933 994 127 1400 1315
0 1228 1228 10000000 168 61 215 116 97 21
1 1228 1229 10000000 152 174 59 131 168 157
1 1228 1230 10000000 148 2262 2047 147 1537 1401
0 1231 1231 10000000 169 35 56 115 96 17
1 1231 1232 10000000 150 117 17 135 19 12
1 1231 1233 10000000 148 1771 930 192 1474 1302
0 1234 1234 10000000 169 45 67 126 91 17
1 1234 1235 10000000 144 99 19 138 19 13
1 1234 1236 10000000 148 1865 961 128 1436 1297
0 1237 1237 10000000 162 38 60 124 91 16
1 1237 1238 10000000 152 96 18 143 16 13
1 1237 1239 10000000 149 1783 912 131 1482 1290
1 1237 1240 10000000 147 384 234 135 281 261
0 1241 1241 10000000 224 48 77 140 159 18
1 1241 1242 10000000 148 361 217 133 245 225
1 1241 1243 10000000 184 1753 965 135 875 749
1 1241 1244 10000000 143 397 226 346 250 235
0 1245 1245 10000000 161 18 13 108 95 18
1 1245 1246 10000000 152 121 22 140 74 23
1 1245 1247 10000000 140 2288 1090 127 1477 1288
0 1248 1248 10000000 170 44 71 115 97 16
1 1248 1249 10000000 140 177 82 113 227 209
1 1248 1250 10000000 143 2031 1050 122 1545 2932
0 1251 1251 10000000 167 43 65 114 96 20
1 1251 1252 10000000 145 110 17 135 64 13
1 1251 1253 10000000 140 1985 1496 128 2407 1474
0 1254 1254 10000000 175 17 12 119 103 22
1 1254 1255 10000000 145 169 67 132 169 150
1 1254 1256 10000000 141 1566 980 123 1351 1153
0 1257 1257 10000000 184 17 13 115 107 16
1 1257 1258 10000000 150 240 144 120 248 223
1 1257 1259 10000000 142 2069 1081 126 1467 1398
0 1260 1260 10000000 163 17 14 123 103 16
1 1260 1261 10000000 137 89 18 115 18 13
1 1260 1262 10000000 141 1841 928 122 1341 2382
0 1263 1263 10000000 170 17 12 121 100 18
1 1263 1264 10000000 141 199 95 124 157 147
1 1263 1265 10000000 144 272 132 129 185 181
0 1266 1266 10000000 158 17 14 114 103 17
1 1266 1267 10000000 145 104 18 131 19 13
1 1266 1268 10000000 140 113 27 127 63 21
0 1269 1269 10000000 163 87 47 119 125 59
1 1269 1270 10000000 141 495 369 124 1413 1160
1 1269 1271 10000000 143 343 193 133 798 1234
0 1272 1272 10000000 165 16 12 132 110 41
1 1272 1273 10000000 144 198 97 137 39 33
1 1272 1274 10000000 144 1774 1021 137 1187 1061
0 1275 1275 10000000 171 17 15 155 114 30
1 1275 1276 10000000 141 104 16 129 19 14
1 1275 1277 10000000 141 462 319 122 567 639
0 1278 1278 10000000 176 18 13 138 120 39
1 1278 1279 10000000 140 94 17 126 18 14
1 1278 1280 10000000 155 127 34 132 62 25
0 1281 1281 10000000 169 377 327 139 142 68
1 1281 1282 10000000 149 290 230 130 607 667
1 1281 1283 10000000 144 341 279 131 669 721
0 1284 1284 10000000 171 266 208 151 136 91
1 1284 1285 10000000 147 320 278 137 658 889
1 1284 1286 10000000 143 354 279 134 669 739
0 1287 1287 10000000 182 245 138 154 138 16
1 1287 1288 10000000 151 394 209 165 233 198
1 1287 1289 10000000 146 375 223 134 317 257
0 1290 1290 10000000 163 745 557 151 335 179
1 1290 1291 10000000 134 300 180 174 751 898
1 1290 1292 10000000 137 350 201 230 848 1014
0 1293 1293 10000000 181 321 233 160 117 47
1 1293 1294 10000000 135 327 181 192 764 862
1 1293 1295 10000000 139 351 218 166 867 1019
0 1296 1296 10000000 182 18 14 178 124 19
1 1296 1297 10000000 133 310 173 193 761 1150
1 1296 1298 10000000 133 351 201 264 867 1024
0 1299 1299 10000000 178 318 239 165 143 78
1 1299 1300 10000000 132 314 160 190 773 808
1 1299 1301 10000000 135 362 208 197 1007 1034
0 1302 1302 10000000 176 705 556 167 335 170
1 1302 1303 10000000 136 318 179 196 872 994
1 1302 1304 10000000 130 324 243 169 963 980
0 1305 1305 10000000 162 1046 398 162 276 153
1 1305 1306 10000000 132 306 173 196 757 1040
1 1305 1307 10000000 131 337 239 170 960 1955
0 1308 1308 10000000 185 317 244 167 169 115
1 1308 1309 10000000 134 285 173 184 825 841
1 1308 1310 10000000 136 349 255 171 1223 1285
0 1311 1311 10000000 146 833 542 168 411 192
1 1311 1312 10000000 137 290 171 183 830 974
1 1311 1313 10000000 141 352 208 172 979 1046
0 1314 1314 10000000 147 748 530 170 409 179
1 1314 1315 10000000 133 301 184 171 837 970
1 1314 1316 10000000 131 434 211 172 946 1034
0 1317 1317 10000000 148 263 232 178 249 174
1 1317 1318 10000000 134 292 169 167 929 807
1 1317 1319 10000000 141 364 255 172 1251 1090
0 1320 1320 10000000 138 261 222 175 219 159
1 1320 1321 10000000 133 284 175 165 873 836
1 1320 1322 10000000 137 354 251 191 996 1019
0 1323 1323 10000000 154 264 232 600 264 184
1 1323 1324 10000000 133 303 201 188 935 818
1 1323 1325 10000000 135 360 252 171 950 998
0 1326 1326 10000000 140 268 248 176 244 184
1 1326 1327 10000000 146 320 183 196 146 132
1 1326 1328 10000000 131 360 211 186 601 487
0 1329 1329 10000000 167 807 513 160 435 201
1 1329 1330 10000000 137 294 179 198 827 1085
1 1329 1331 10000000 138 354 220 209 916 1029
0 1332 1332 10000000 166 741 427 165 297 164
1 1332 1333 10000000 144 308 183 203 851 1063
1 1332 1334 10000000 138 352 222 182 1020 1027
0 1335 1335 10000000 160 725 576 160 380 184
1 1335 1336 10000000 138 290 175 186 821 950
1 1335 1337 10000000 139 351 216 191 918 996
0 1338 1338 10000000 211 771 501 166 394 193
1 1338 1339 10000000 133 92 14 182 68 51
1 1338 1340 10000000 140 351 221 220 1013 1039
0 1341 1341 10000000 184 418 347 175 126 63
1 1341 1342 10000000 138 287 178 217 846 772
1 1341 1343 10000000 135 357 216 244 930 1054
0 1344 1344 10000000 181 721 474 174 382 189
1 1344 1345 10000000 139 97 19 186 71 53
1 1344 1346 10000000 142 358 223 194 946 1022
0 1347 1347 10000000 155 86 103 164 89 15
1 1347 1348 10000000 141 1130 588 192 1477 970
1 1347 1349 10000000 138 476 362 206 792 943
0 1350 1350 10000000 145 149 148 277 425 174
1 1350 1351 10000000 138 297 177 182 135 149
1 1350 1352 10000000 137 354 211 184 578 516
0 1353 1353 10000000 146 111 100 182 318 225
1 1353 1354 10000000 142 291 177 197 224 224
1 1353 1355 10000000 138 354 214 184 582 521
0 1356 1356 10000000 149 95 106 202 283 138
1 1356 1357 10000000 138 292 181 186 398 294
1 1356 1358 10000000 139 372 580 179 598 914
0 1359 1359 10000000 155 126 123 185 376 150
1 1359 1360 10000000 139 314 182 179 511 391
1 1359 1361 10000000 137 359 229 194 607 483
0 1362 1362 10000000 148 139 137 187 414 181
1 1362 1363 10000000 143 320 187 186 309 297
1 1362 1364 10000000 138 364 226 179 614 473
0 1365 1365 10000000 149 372 340 187 238 175
1 1365 1366 10000000 134 102 16 185 20 12
1 1365 1367 10000000 138 477 343 174 160 166
0 1368 1368 10000000 142 99 107 186 101 18
1 1368 1369 10000000 136 431 317 183 115 120
1 1368 1370 10000000 172 459 321 184 145 160
0 1371 1371 10000000 154 1260 183 203 480 217
1 1371 1372 10000000 133 386 237 188 239 141
1 1371 1373 10000000 137 468 321 198 154 171
0 1374 1374 10000000 149 185 197 189 437 246
1 1374 1375 10000000 144 423 234 198 149 142
1 1374 1376 10000000 136 471 333 188 158 177
0 1377 1377 10000000 143 159 165 191 425 204
1 1377 1378 10000000 137 377 242 189 145 140
1 1377 1379 10000000 138 485 350 192 159 171
0 1380 1380 10000000 145 101 111 196 102 15
1 1380 1381 10000000 138 389 273 169 125 137
1 1380 1382 10000000 151 588 389 229 218 227
0 1383 1383 10000000 150 123 120 200 383 163
1 1383 1384 10000000 139 376 243 192 132 143
1 1383 1385 10000000 141 481 334 190 158 170
0 1386 1386 10000000 151 363 335 198 219 173
1 1386 1387 10000000 137 364 239 202 130 141
1 1386 1388 10000000 138 491 1456 203 162 266
0 1389 1389 10000000 149 380 343 208 220 168
1 1389 1390 10000000 255 520 249 205 142 141
1 1389 1391 10000000 138 491 332 191 157 171
0 1392 1392 10000000 179 707 121 209 351 241
1 1392 1393 10000000 137 363 234 198 126 140
1 1392 1394 10000000 139 494 344 214 158 174
0 1395 1395 10000000 153 179 258 204 453 302
1 1395 1396 10000000 136 527 235 203 150 148
1 1395 1397 10000000 140 505 348 212 156 171
0 1398 1398 10000000 208 463 424 189 117 48
1 1398 1399 10000000 167 698 463 173 273 365
1 1398 1400 10000000 164 857 568 175 387 518
0 1401 1401 10000000 166 425 415 177 156 85
1 1401 1402 10000000 167 2458 698 174 698 569
1 1401 1403 10000000 212 1099 1011 509 383 556
0 1404 1404 10000000 167 433 413 193 132 64
1 1404 1405 10000000 165 705 465 183 278 377
1 1404 1406 10000000 168 749 628 183 393 534
0 1407 1407 10000000 153 25 39 182 93 17
1 1407 1408 10000000 176 686 460 184 269 363
1 1407 1409 10000000 184 853 588 196 424 559
0 1410 1410 10000000 169 426 416 185 142 88
1 1410 1411 10000000 168 698 466 185 276 370
1 1410 1412 10000000 162 762 567 177 410 523
0 1413 1413 10000000 164 448 406 185 141 88
1 1413 1414 10000000 167 639 453 167 272 374
1 1413 1415 10000000 170 760 576 184 389 519
0 1416 1416 10000000 170 420 416 195 246 186
1 1416 1417 10000000 178 701 469 188 271 371
1 1416 1418 10000000 165 758 567 178 378 530
0 1419 1419 10000000 159 638 521 187 201 147
1 1419 1420 10000000 168 772 490 182 295 380
1 1419 1421 10000000 199 1763 609 186 584 541
0 1422 1422 10000000 168 417 413 190 271 228
1 1422 1423 10000000 182 111 19 190 17 13
1 1422 1424 10000000 167 755 1377 194 408 554
0 1425 1425 10000000 201 432 411 220 293 191
1 1425 1426 10000000 183 134 33 362 20 18
1 1425 1427 10000000 181 851 646 234 454 593
