0 0 0 10000000 27 18 12 32 99 17
1 0 1 10000000 33 100 22 31 61 14
1 0 2 10000000 30 75 17 27 17 14
1 0 3 10000000 31 151 28 29 28 38
0 4 4 10000000 29 15 12 37 95 17
1 4 5 10000000 36 98 20 31 61 13
1 4 6 10000000 37 85 17 71 18 12
1 4 7 10000000 36 106 24 31 67 19
0 8 8 10000000 33 16 13 36 102 18
1 8 9 10000000 39 108 18 31 58 12
1 8 10 10000000 33 86 17 29 18 12
1 8 11 10000000 36 116 24 31 64 19
0 12 12 10000000 30 16 12 38 101 18
1 12 13 10000000 35 106 20 31 57 17
1 12 14 10000000 33 89 16 31 17 12
1 12 15 10000000 33 115 24 34 70 21
0 16 16 10000000 30 16 13 37 95 17
1 16 17 10000000 34 103 20 33 57 13
1 16 18 10000000 33 82 17 30 17 13
1 16 19 10000000 37 108 24 32 71 19
0 20 20 10000000 28 17 13 40 97 17
1 20 21 10000000 35 103 20 34 57 12
1 20 22 10000000 38 98 18 33 19 14
1 20 23 10000000 48 113 22 33 64 19
0 24 24 10000000 60 16 13 39 95 19
1 24 25 10000000 37 102 20 36 58 14
1 24 26 10000000 32 86 17 31 18 13
1 24 27 10000000 40 109 28 33 67 21
0 28 28 10000000 28 23 13 37 93 17
1 28 29 10000000 40 145 26 43 83 14
1 28 30 10000000 34 90 16 32 21 12
1 28 31 10000000 34 108 19 35 59 15
0 32 32 10000000 31 16 15 37 95 20
1 32 33 10000000 35 105 22 33 57 13
1 32 34 10000000 35 76 19 32 16 13
1 32 35 10000000 34 96 22 34 64 13
0 36 36 10000000 29 17 13 42 99 20
1 36 37 10000000 36 105 19 37 58 13
1 36 38 10000000 95 105 18 36 17 13
1 36 39 10000000 33 106 20 37 66 14
0 40 40 10000000 28 18 14 38 100 17
1 40 41 10000000 37 105 23 36 59 13
1 40 42 10000000 33 84 17 33 16 13
1 40 43 10000000 33 101 17 36 62 15
0 44 44 10000000 32 17 13 37 93 17
1 44 45 10000000 35 100 20 34 55 13
1 44 46 10000000 35 88 17 37 16 14
1 44 47 10000000 35 101 20 38 62 14
0 48 48 10000000 28 16 13 40 96 17
1 48 49 10000000 37 102 21 37 54 16
1 48 50 10000000 34 91 23 32 18 14
1 48 51 10000000 37 104 19 34 58 14
0 52 52 10000000 29 17 12 40 106 20
1 52 53 10000000 35 99 23 37 59 13
1 52 54 10000000 32 78 16 33 16 13
1 52 55 10000000 37 99 18 36 66 15
0 56 56 10000000 31 16 12 43 95 19
1 56 57 10000000 35 103 19 36 55 15
1 56 58 10000000 35 78 17 33 16 13
1 56 59 10000000 38 117 21 40 69 17
0 60 60 10000000 64 17 12 39 250 17
1 60 61 10000000 38 100 23 37 54 13
1 60 62 10000000 33 97 17 37 53 13
1 60 63 10000000 35 97 19 38 56 13
0 64 64 10000000 34 17 13 41 99 17
1 64 65 10000000 43 112 23 38 1228 14
1 64 66 10000000 35 79 18 35 16 13
1 64 67 10000000 36 2396 21 38 64 14
0 68 68 10000000 320 16 14 51 122 19
1 68 69 10000000 35 108 20 36 58 13
1 68 70 10000000 33 85 16 35 17 13
1 68 71 10000000 37 139 19 39 61 21
0 72 72 10000000 30 15 12 38 92 16
1 72 73 10000000 34 102 20 40 60 13
1 72 74 10000000 32 80 16 35 16 12
1 72 75 10000000 36 101 19 39 55 13
0 76 76 10000000 30 16 12 39 102 17
1 76 77 10000000 38 98 20 39 58 12
1 76 78 10000000 32 78 17 35 16 14
1 76 79 10000000 35 102 20 40 60 13
0 80 80 10000000 30 17 13 44 100 16
1 80 81 10000000 39 106 19 42 57 12
1 80 82 10000000 35 79 17 35 16 13
1 80 83 10000000 39 101 19 38 59 13
0 84 84 10000000 29 20 19 44 106 35
1 84 85 10000000 35 140 22 38 57 13
1 84 86 10000000 34 102 54 40 30 15
1 84 87 10000000 36 101 16 38 62 20
0 88 88 10000000 29 17 14 41 103 23
1 88 89 10000000 34 103 23 38 54 13
1 88 90 10000000 33 78 16 37 17 13
0 91 91 10000000 29 17 12 40 104 17
1 91 92 10000000 35 110 22 36 62 13
1 91 93 10000000 33 81 16 34 15 12
1 91 94 10000000 35 98 19 41 54 13
0 95 95 10000000 36 19 14 35 97 17
1 95 96 10000000 45 111 21 28 56 14
1 95 97 10000000 43 92 20 28 22 13
1 95 98 10000000 46 108 20 33 58 14
0 99 99 10000000 43 19 13 35 105 17
1 99 100 10000000 40 133 29 30 67 20
1 99 101 10000000 40 99 25 30 22 17
1 99 102 10000000 42 113 32 31 72 18
0 103 103 10000000 35 17 13 35 104 16
1 103 104 10000000 41 102 22 33 63 14
1 103 105 10000000 40 86 17 29 19 13
0 106 106 10000000 35 17 12 35 106 18
1 106 107 10000000 43 101 24 32 59 13
1 106 108 10000000 45 107 18 32 18 13
0 109 109 10000000 35 17 13 37 100 19
1 109 110 10000000 40 102 20 32 61 13
1 109 111 10000000 39 85 19 33 20 14
0 112 112 10000000 34 18 12 35 104 17
1 112 113 10000000 41 109 20 31 57 17
1 112 114 10000000 48 97 18 34 18 13
0 115 115 10000000 34 20 13 38 102 19
1 115 116 10000000 39 108 23 33 58 13
1 115 117 10000000 39 94 18 32 20 14
0 118 118 10000000 37 17 13 39 105 16
1 118 119 10000000 39 102 17 35 52 13
1 118 120 10000000 43 86 24 33 19 14
0 121 121 10000000 34 18 13 37 97 19
1 121 122 10000000 38 101 19 34 54 13
1 121 123 10000000 38 81 20 32 18 13
0 124 124 10000000 36 18 13 38 103 17
1 124 125 10000000 40 103 19 34 55 13
1 124 126 10000000 38 90 19 32 59 14
0 127 127 10000000 34 21 13 42 98 17
1 127 128 10000000 40 106 28 35 69 16
1 127 129 10000000 37 114 37 35 70 22
0 130 130 10000000 37 20 15 42 103 19
1 130 131 10000000 42 108 25 35 62 13
1 130 132 10000000 36 150 37 36 31 20
0 133 133 10000000 37 19 14 34 108 20
1 133 134 10000000 40 110 28 29 69 17
1 133 135 10000000 41 169 62 28 35 27
0 136 136 10000000 40 17 13 33 97 20
1 136 137 10000000 46 100 18 30 80 57
1 136 138 10000000 42 171 59 29 50 32
0 139 139 10000000 38 44 55 34 95 18
1 139 140 10000000 42 106 21 32 61 13
1 139 141 10000000 42 178 45 33 49 33
0 142 142 10000000 38 18 14 38 101 19
1 142 143 10000000 46 123 42 35 75 24
1 142 144 10000000 165 210 864 39 58 64
0 145 145 10000000 40 18 14 42 102 17
1 145 146 10000000 43 108 19 37 56 12
1 145 147 10000000 44 198 74 36 61 51
0 148 148 10000000 38 18 14 39 92 17
1 148 149 10000000 43 110 33 40 75 36
1 148 150 10000000 43 209 62 39 71 66
0 151 151 10000000 35 18 13 41 99 18
1 151 152 10000000 41 104 26 37 61 17
1 151 153 10000000 42 206 61 36 63 61
0 154 154 10000000 39 25 28 44 103 17
1 154 155 10000000 43 101 18 40 61 12
1 154 156 10000000 40 204 77 36 61 52
0 157 157 10000000 39 18 12 34 96 17
1 157 158 10000000 47 112 36 31 74 17
1 157 159 10000000 41 183 61 29 54 36
0 160 160 10000000 41 17 13 54 436 20
1 160 161 10000000 44 104 19 30 52 12
1 160 162 10000000 48 186 64 30 78 82
0 163 163 10000000 42 17 13 37 104 19
1 163 164 10000000 44 100 20 33 56 14
1 163 165 10000000 42 198 52 35 60 53
0 166 166 10000000 40 17 13 38 97 17
1 166 167 10000000 43 100 18 33 57 16
1 166 168 10000000 41 189 52 34 59 54
0 169 169 10000000 41 18 13 43 105 18
1 169 170 10000000 43 111 25 37 64 14
1 169 171 10000000 43 222 69 39 50 45
0 172 172 10000000 41 18 13 42 99 19
1 172 173 10000000 45 109 27 36 66 16
1 172 174 10000000 41 203 64 37 51 46
0 175 175 10000000 45 26 29 42 101 18
1 175 176 10000000 42 111 27 40 65 18
1 175 177 10000000 44 203 68 38 52 48
0 178 178 10000000 43 16 13 33 94 17
1 178 179 10000000 45 106 20 32 61 13
1 178 180 10000000 46 240 84 30 77 114
0 181 181 10000000 41 16 12 38 94 17
1 181 182 10000000 46 104 29 31 66 14
1 181 183 10000000 46 241 94 33 90 139
0 184 184 10000000 46 17 12 39 100 17
1 184 185 10000000 45 105 25 33 79 14
1 184 186 10000000 45 237 86 34 78 118
0 187 187 10000000 42 18 13 40 100 17
1 187 188 10000000 48 106 19 42 59 14
1 187 189 10000000 44 240 125 37 80 73
0 190 190 10000000 42 18 12 46 98 16
1 190 191 10000000 48 104 18 41 56 14
1 190 192 10000000 47 282 170 95 80 75
0 193 193 10000000 42 17 13 45 101 19
1 193 194 10000000 45 122 41 38 76 22
1 193 195 10000000 44 253 139 40 84 92
0 196 196 10000000 42 61 14 43 114 52
1 196 197 10000000 47 107 19 38 61 12
1 196 198 10000000 45 252 149 40 89 120
0 199 199 10000000 49 18 12 35 102 17
1 199 200 10000000 51 99 20 30 58 14
1 199 201 10000000 45 268 170 28 89 143
0 202 202 10000000 44 16 12 37 97 17
1 202 203 10000000 48 112 48 33 81 59
1 202 204 10000000 50 115 53 32 87 60
0 205 205 10000000 51 16 12 39 103 21
1 205 206 10000000 49 103 19 32 59 13
1 205 207 10000000 48 99 20 31 57 13
0 208 208 10000000 48 175 117 39 97 29
1 208 209 10000000 57 112 31 33 77 50
1 208 210 10000000 51 116 30 35 86 43
0 211 211 10000000 44 16 12 41 102 16
1 211 212 10000000 47 97 21 33 57 13
1 211 213 10000000 47 88 18 37 17 12
0 214 214 10000000 47 18 13 44 107 16
1 214 215 10000000 54 111 20 35 67 14
1 214 216 10000000 54 123 31 39 70 22
0 217 217 10000000 50 23 14 56 98 17
1 217 218 10000000 49 115 45 43 81 56
1 217 219 10000000 52 101 16 40 19 14
0 220 220 10000000 47 113 95 45 105 30
1 220 221 10000000 50 124 51 40 87 58
1 220 222 10000000 48 109 48 35 82 61
0 223 223 10000000 49 175 197 43 130 69
1 223 224 10000000 52 124 43 40 86 58
1 223 225 10000000 48 122 53 40 91 54
0 226 226 10000000 47 20 14 46 105 19
1 226 227 10000000 50 101 19 41 54 13
1 226 228 10000000 47 172 44 43 43 55
0 229 229 10000000 49 117 104 48 109 32
1 229 230 10000000 48 119 44 41 64 46
1 229 231 10000000 46 127 44 43 69 57
0 232 232 10000000 50 17 12 46 99 16
1 232 233 10000000 48 166 62 40 44 49
1 232 234 10000000 46 132 66 43 79 47
0 235 235 10000000 46 20 14 53 107 20
1 235 236 10000000 49 123 68 42 114 70
1 235 237 10000000 206 184 57 43 93 79
0 238 238 10000000 50 17 13 32 88 18
1 238 239 10000000 46 130 46 28 68 36
1 238 240 10000000 46 176 64 27 34 30
0 241 241 10000000 46 17 16 38 94 17
1 241 242 10000000 49 114 34 33 70 14
1 241 243 10000000 50 194 67 30 66 49
0 244 244 10000000 48 17 12 39 104 18
1 244 245 10000000 47 102 26 32 65 14
1 244 246 10000000 53 205 61 33 53 38
0 247 247 10000000 48 17 15 40 98 18
1 247 248 10000000 50 115 41 35 69 19
1 247 249 10000000 47 195 63 33 56 40
0 250 250 10000000 46 18 14 41 104 20
1 250 251 10000000 54 121 42 34 69 36
1 250 252 10000000 49 200 66 35 63 41
0 253 253 10000000 47 18 12 41 99 16
1 253 254 10000000 52 102 18 38 59 12
1 253 255 10000000 53 211 71 39 70 57
0 256 256 10000000 46 16 12 41 96 17
1 256 257 10000000 53 101 19 37 59 13
1 256 258 10000000 48 200 68 36 71 57
0 259 259 10000000 49 18 12 35 115 16
1 259 260 10000000 51 107 19 30 52 12
1 259 261 10000000 49 203 71 29 62 92
0 262 262 10000000 50 15 12 38 99 25
1 262 263 10000000 53 98 31 29 66 14
1 262 264 10000000 54 219 91 31 92 76
0 265 265 10000000 49 16 13 39 98 16
1 265 266 10000000 51 113 40 33 70 23
1 265 267 10000000 49 212 84 34 69 49
0 268 268 10000000 49 17 12 44 95 17
1 268 269 10000000 53 104 32 35 66 14
1 268 270 10000000 53 222 90 36 113 51
0 271 271 10000000 51 22 29 47 93 16
1 271 272 10000000 55 130 45 40 74 36
1 271 273 10000000 56 248 108 39 65 52
0 274 274 10000000 50 106 73 48 115 58
1 274 275 10000000 52 105 27 40 65 15
1 274 276 10000000 53 123 265 43 80 44
0 277 277 10000000 51 18 13 47 95 16
1 277 278 10000000 50 105 22 41 65 13
1 277 279 10000000 54 130 42 39 153 123
0 280 280 10000000 52 19 16 36 107 19
1 280 281 10000000 60 126 57 30 76 24
1 280 282 10000000 55 179 66 29 33 29
0 283 283 10000000 49 36 46 43 95 17
1 283 284 10000000 53 119 42 34 67 25
1 283 285 10000000 51 159 48 32 38 39
0 286 286 10000000 47 16 12 40 88 16
1 286 287 10000000 52 100 19 37 54 13
1 286 288 10000000 51 110 28 35 64 15
0 289 289 10000000 48 19 13 41 99 16
1 289 290 10000000 53 103 20 36 95 13
1 289 291 10000000 55 99 20 37 58 14
0 292 292 10000000 49 181 120 43 107 26
1 292 293 10000000 52 131 53 38 80 45
1 292 294 10000000 50 221 71 36 58 70
0 295 295 10000000 50 22 26 44 92 18
1 295 296 10000000 51 111 39 44 75 19
1 295 297 10000000 50 109 19 35 53 14
0 298 298 10000000 48 30 38 48 102 17
1 298 299 10000000 54 100 21 37 60 14
1 298 300 10000000 49 117 40 37 75 24
0 301 301 10000000 51 19 14 58 110 18
1 301 302 10000000 48 102 26 41 61 15
1 301 303 10000000 60 162 41 44 32 39
0 304 304 10000000 53 19 14 53 119 21
1 304 305 10000000 49 128 40 43 66 38
1 304 306 10000000 51 161 63 43 34 29
0 307 307 10000000 49 30 42 46 100 20
1 307 308 10000000 48 193 58 45 50 33
1 307 309 10000000 49 180 59 42 53 41
0 310 310 10000000 54 26 29 48 99 17
1 310 311 10000000 51 108 25 48 63 15
1 310 312 10000000 57 221 119 46 122 134
0 313 313 10000000 54 219 164 35 98 15
1 313 314 10000000 51 117 53 31 74 36
1 313 315 10000000 54 114 53 30 65 26
0 316 316 10000000 54 19 14 47 114 17
1 316 317 10000000 56 184 82 34 39 27
1 316 318 10000000 53 200 62 30 60 63
0 319 319 10000000 50 21 14 39 88 17
1 319 320 10000000 54 116 30 31 72 18
1 319 321 10000000 50 191 52 32 50 47
0 322 322 10000000 62 19 14 43 101 20
1 322 323 10000000 52 180 74 35 38 37
1 322 324 10000000 52 193 56 35 56 43
0 325 325 10000000 56 38 49 45 105 18
1 325 326 10000000 53 157 50 35 43 35
1 325 327 10000000 53 198 70 34 56 44
0 328 328 10000000 50 16 12 45 97 15
1 328 329 10000000 58 185 53 38 62 34
1 328 330 10000000 60 214 70 38 60 83
0 331 331 10000000 52 16 12 51 97 18
1 331 332 10000000 53 116 39 42 81 24
1 331 333 10000000 61 226 121 44 69 61
0 334 334 10000000 53 16 13 52 97 16
1 334 335 10000000 53 113 28 41 72 21
1 334 336 10000000 51 217 128 43 72 61
0 337 337 10000000 52 17 13 45 98 17
1 337 338 10000000 53 166 50 45 102 106
1 337 339 10000000 51 242 91 39 163 148
0 340 340 10000000 50 103 70 34 98 16
1 340 341 10000000 53 94 24 29 55 14
1 340 342 10000000 62 257 116 28 83 105
0 343 343 10000000 51 105 52 38 116 44
1 343 344 10000000 55 197 62 31 54 35
1 343 345 10000000 58 235 98 30 143 103
0 346 346 10000000 52 31 41 38 103 16
1 346 347 10000000 53 106 26 33 65 17
1 346 348 10000000 56 263 93 31 75 109
0 349 349 10000000 52 19 12 40 91 19
1 349 350 10000000 58 101 20 33 61 13
1 349 351 10000000 54 254 99 33 102 94
0 352 352 10000000 51 66 15 46 126 69
1 352 353 10000000 54 113 81 37 72 18
1 352 354 10000000 56 270 114 38 116 85
0 355 355 10000000 57 79 38 46 121 71
1 355 356 10000000 55 108 20 38 59 14
1 355 357 10000000 55 262 120 37 118 111
0 358 358 10000000 52 17 15 44 98 17
1 358 359 10000000 53 171 50 37 42 39
1 358 360 10000000 57 261 121 37 115 115
0 361 361 10000000 51 16 13 36 104 17
1 361 362 10000000 57 113 20 29 58 13
1 361 363 10000000 52 291 142 29 124 120
0 364 364 10000000 54 20 12 44 107 17
1 364 365 10000000 56 177 72 29 37 29
1 364 366 10000000 54 292 140 30 140 136
0 367 367 10000000 54 20 15 37 90 18
1 367 368 10000000 58 161 64 32 41 28
1 367 369 10000000 53 299 152 32 150 105
0 370 370 10000000 55 18 13 42 103 19
1 370 371 10000000 53 166 50 35 38 37
1 370 372 10000000 53 299 145 33 125 113
0 373 373 10000000 55 18 14 40 99 17
1 373 374 10000000 56 129 42 38 87 22
1 373 375 10000000 54 316 161 36 146 116
0 376 376 10000000 56 17 13 44 102 20
1 376 377 10000000 52 171 67 42 36 30
1 376 378 10000000 52 303 165 38 140 119
0 379 379 10000000 54 126 112 45 96 16
1 379 380 10000000 57 203 56 39 51 36
1 379 381 10000000 52 304 172 42 141 121
0 382 382 10000000 49 112 83 32 79 14
1 382 383 10000000 62 113 31 32 68 14
1 382 384 10000000 52 312 169 28 149 114
0 385 385 10000000 57 18 13 39 104 20
1 385 386 10000000 54 102 19 30 57 13
1 385 387 10000000 68 334 166 34 138 117
0 388 388 10000000 57 19 13 43 109 17
1 388 389 10000000 52 162 47 34 39 39
1 388 390 10000000 54 317 169 33 154 121
0 391 391 10000000 61 18 13 43 99 16
1 391 392 10000000 56 108 27 35 63 15
1 391 393 10000000 59 374 182 41 140 293
0 394 394 10000000 59 16 13 47 97 17
1 394 395 10000000 55 99 21 38 54 13
1 394 396 10000000 57 366 168 38 136 245
0 397 397 10000000 67 18 14 52 95 17
1 397 398 10000000 60 172 70 41 36 32
1 397 399 10000000 52 375 284 41 134 129
0 400 400 10000000 55 27 30 50 105 18
1 400 401 10000000 55 180 55 42 140 129
1 400 402 10000000 53 362 179 41 352 300
0 403 403 10000000 53 16 13 35 96 17
1 403 404 10000000 54 169 71 31 35 30
1 403 405 10000000 52 392 299 27 140 130
0 406 406 10000000 54 16 13 38 101 18
1 406 407 10000000 55 525 32 32 64 21
1 406 408 10000000 57 398 308 30 160 151
0 409 409 10000000 59 18 13 42 98 16
1 409 410 10000000 51 116 44 35 68 27
1 409 411 10000000 53 408 183 34 139 261
0 412 412 10000000 52 18 13 49 94 16
1 412 413 10000000 62 107 20 38 57 16
1 412 414 10000000 54 413 335 35 154 139
0 415 415 10000000 53 17 14 50 94 18
1 415 416 10000000 53 177 1646 38 8794 37
1 415 417 10000000 54 417 193 39 272 139
0 418 418 10000000 55 25 27 49 97 16
1 418 419 10000000 55 192 66 39 52 38
1 418 420 10000000 56 411 194 41 271 144
0 421 421 10000000 52 31 48 50 106 19
1 421 422 10000000 57 874 42 45 222 192
1 421 423 10000000 54 422 212 41 589 342
0 424 424 10000000 56 17 13 37 98 17
1 424 425 10000000 54 191 76 29 52 40
1 424 426 10000000 55 428 346 29 160 151
0 427 427 10000000 55 16 12 35 94 19
1 427 428 10000000 58 175 96 32 37 44
1 427 429 10000000 56 445 357 31 192 222
0 430 430 10000000 57 20 13 41 101 22
1 430 431 10000000 57 182 55 33 58 32
1 430 432 10000000 58 457 340 33 162 158
0 433 433 10000000 63 20 14 43 100 17
1 433 434 10000000 55 175 54 37 38 40
1 433 435 10000000 60 465 230 36 266 162
0 436 436 10000000 57 19 12 44 212 32
1 436 437 10000000 54 181 62 37 37 27
1 436 438 10000000 56 476 236 35 270 201
0 439 439 10000000 54 37 59 46 99 19
1 439 440 10000000 58 173 70 41 32 27
1 439 441 10000000 56 1355 269 39 284 217
0 442 442 10000000 56 47 60 50 98 17
1 442 443 10000000 61 100 22 42 60 14
1 442 444 10000000 56 300 143 42 133 94
0 445 445 10000000 56 16 13 33 99 17
1 445 446 10000000 57 178 72 31 37 32
1 445 447 10000000 61 310 181 30 138 108
0 448 448 10000000 72 17 17 38 119 16
1 448 449 10000000 55 116 31 36 73 19
1 448 450 10000000 57 266 117 31 120 79
0 451 451 10000000 59 18 13 41 90 17
1 451 452 10000000 57 123 43 32 77 24
1 451 453 10000000 55 193 57 32 61 41
0 454 454 10000000 58 19 13 43 101 16
1 454 455 10000000 59 130 41 35 68 36
1 454 456 10000000 132 216 75 41 64 44
0 457 457 10000000 57 37 47 45 95 20
1 457 458 10000000 53 114 41 36 78 23
1 457 459 10000000 57 224 74 36 61 104
0 460 460 10000000 60 17 14 50 107 19
1 460 461 10000000 59 182 63 41 53 31
1 460 462 10000000 56 232 88 42 63 50
0 463 463 10000000 58 23 28 54 88 15
1 463 464 10000000 56 97 19 47 58 14
1 463 465 10000000 57 271 102 48 79 140
0 466 466 10000000 58 17 14 55 100 17
1 466 467 10000000 57 107 31 45 61 14
1 466 468 10000000 56 257 148 47 205 200
0 469 469 10000000 58 16 13 33 95 18
1 469 470 10000000 60 195 78 28 62 92
1 469 471 10000000 62 349 147 30 123 112
0 472 472 10000000 57 28 35 39 108 17
1 472 473 10000000 63 190 78 32 36 28
1 472 474 10000000 58 353 154 30 153 252
0 475 475 10000000 60 21 32 39 83 16
1 475 476 10000000 57 170 68 33 33 28
1 475 477 10000000 56 357 145 35 129 242
0 478 478 10000000 59 17 12 46 99 17
1 478 479 10000000 66 193 67 40 36 28
1 478 480 10000000 61 352 142 37 125 241
0 481 481 10000000 60 27 25 51 102 17
1 481 482 10000000 53 114 25 42 60 16
1 481 483 10000000 55 276 125 37 125 112
0 484 484 10000000 68 16 14 71 99 18
1 484 485 10000000 56 182 60 44 50 32
1 484 486 10000000 57 279 133 42 128 108
0 487 487 10000000 60 28 42 50 98 18
1 487 488 10000000 58 178 52 41 86 70
1 487 489 10000000 55 176 55 45 90 70
0 490 490 10000000 56 127 111 35 88 16
1 490 491 10000000 62 165 76 32 41 34
1 490 492 10000000 56 222 132 28 73 59
0 493 493 10000000 61 25 28 36 94 15
1 493 494 10000000 53 198 64 31 53 40
1 493 495 10000000 57 229 121 30 73 64
0 496 496 10000000 56 17 13 38 92 16
1 496 497 10000000 55 180 64 35 38 30
1 496 498 10000000 59 200 60 33 58 120
0 499 499 10000000 59 17 12 42 91 16
1 499 500 10000000 54 121 52 36 68 28
1 499 501 10000000 54 208 56 34 59 46
0 502 502 10000000 62 19 15 45 98 17
1 502 503 10000000 64 115 29 36 73 20
1 502 504 10000000 59 174 57 37 36 29
0 505 505 10000000 64 38 55 53 109 19
1 505 506 10000000 57 189 53 42 51 36
1 505 507 10000000 61 182 64 41 53 33
0 508 508 10000000 61 16 12 54 94 16
1 508 509 10000000 58 164 48 43 41 38
1 508 510 10000000 57 123 42 44 71 23
0 511 511 10000000 58 18 12 53 97 16
1 511 512 10000000 56 176 63 44 38 30
1 511 513 10000000 56 80 16 38 20 13
0 514 514 10000000 58 16 12 54 95 18
1 514 515 10000000 57 138 54 48 72 42
1 514 516 10000000 55 118 44 47 74 25
0 517 517 10000000 64 16 13 61 99 16
1 517 518 10000000 59 203 69 48 56 41
1 517 519 10000000 57 187 52 47 60 34
0 520 520 10000000 58 17 12 53 89 16
1 520 521 10000000 68 120 28 49 65 20
1 520 522 10000000 57 97 16 49 18 13
0 523 523 10000000 61 194 130 59 108 29
1 523 524 10000000 59 191 82 50 209 219
1 523 525 10000000 60 228 75 54 223 202
0 526 526 10000000 98 19 12 38 99 18
1 526 527 10000000 58 186 78 28 49 43
1 526 528 10000000 63 156 78 28 38 31
0 529 529 10000000 140 144 14 283 403 23
1 529 530 10000000 55 104 19 31 55 12
1 529 531 10000000 53 78 17 27 20 13
0 532 532 10000000 58 16 12 38 97 15
1 532 533 10000000 55 197 62 30 58 41
1 532 534 10000000 65 183 59 32 52 32
0 535 535 10000000 59 16 12 40 102 16
1 535 536 10000000 55 110 38 31 66 19
1 535 537 10000000 56 113 73 32 32 21
0 538 538 10000000 62 16 12 36 101 16
1 538 539 10000000 55 174 80 31 42 41
1 538 540 10000000 56 109 64 29 72 35
0 541 541 10000000 62 16 12 37 98 19
1 541 542 10000000 58 178 60 31 57 36
1 541 543 10000000 59 162 66 30 37 29
0 544 544 10000000 56 19 14 37 89 16
1 544 545 10000000 65 165 49 44 86 48
1 544 546 10000000 56 210 68 37 56 83
0 547 547 10000000 59 19 14 45 100 18
1 547 548 10000000 58 123 41 37 77 23
1 547 549 10000000 61 208 63 38 56 39
0 550 550 10000000 62 46 61 47 120 17
1 550 551 10000000 60 196 64 42 48 32
1 550 552 10000000 59 200 58 40 52 37
0 553 553 10000000 60 19 16 47 92 17
1 553 554 10000000 56 221 68 45 54 38
1 553 555 10000000 56 137 64 40 68 28
0 556 556 10000000 58 18 13 45 89 15
1 556 557 10000000 57 195 63 45 51 71
1 556 558 10000000 58 177 65 44 43 30
0 559 559 10000000 59 19 12 53 101 19
1 559 560 10000000 56 109 27 50 68 20
1 559 561 10000000 55 74 16 39 17 13
0 562 562 10000000 61 16 13 60 96 16
1 562 563 10000000 57 178 68 45 111 102
1 562 564 10000000 58 117 49 52 142 80
0 565 565 10000000 67 17 16 36 95 17
1 565 566 10000000 59 121 51 31 72 24
1 565 567 10000000 68 116 58 34 71 27
0 568 568 10000000 63 16 12 38 103 19
1 568 569 10000000 62 173 67 33 36 32
1 568 570 10000000 66 123 50 31 79 37
0 571 571 10000000 62 106 90 41 105 28
1 571 572 10000000 58 169 67 34 35 32
1 571 573 10000000 57 191 51 38 55 38
0 574 574 10000000 62 17 13 40 97 18
1 574 575 10000000 59 119 43 35 73 25
1 574 576 10000000 61 208 71 35 60 93
0 577 577 10000000 60 31 40 43 96 16
1 577 578 10000000 61 170 63 37 42 30
1 577 579 10000000 58 117 42 36 74 25
0 580 580 10000000 61 24 27 44 97 17
1 580 581 10000000 60 241 70 36 67 88
1 580 582 10000000 61 165 428 35 42 36
0 583 583 10000000 66 16 14 45 90 17
1 583 584 10000000 60 121 53 38 69 44
1 583 585 10000000 67 2017 120 39 77 60
0 586 586 10000000 64 18 13 48 105 19
1 586 587 10000000 56 187 59 42 54 36
1 586 588 10000000 59 215 122 46 74 59
0 589 589 10000000 63 24 27 54 99 18
1 589 590 10000000 55 178 62 44 49 32
1 589 591 10000000 59 246 97 44 91 82
0 592 592 10000000 62 18 13 50 91 18
1 592 593 10000000 53 169 49 41 187 212
1 592 594 10000000 57 251 122 43 264 215
0 595 595 10000000 66 21 13 34 99 17
1 595 596 10000000 63 181 75 29 37 30
1 595 597 10000000 69 343 137 28 110 105
0 598 598 10000000 65 19 15 37 101 18
1 598 599 10000000 66 252 92 40 62 40
1 598 600 10000000 58 333 133 32 110 106
0 601 601 10000000 63 112 84 40 97 18
1 601 602 10000000 59 175 68 30 36 35
1 601 603 10000000 62 330 137 31 111 106
0 604 604 10000000 63 28 27 36 98 18
1 604 605 10000000 63 204 53 32 50 36
1 604 606 10000000 67 316 133 32 98 283
0 607 607 10000000 64 24 27 42 94 20
1 607 608 10000000 68 182 66 34 54 41
1 607 609 10000000 60 357 148 35 126 102
0 610 610 10000000 69 16 14 52 106 16
1 610 611 10000000 63 168 64 38 35 29
1 610 612 10000000 58 358 146 38 126 243
0 613 613 10000000 64 20 16 50 90 17
1 613 614 10000000 63 123 42 39 67 36
1 613 615 10000000 62 412 196 40 313 144
0 616 616 10000000 58 24 29 32 83 19
1 616 617 10000000 65 187 81 29 34 29
1 616 618 10000000 57 392 302 29 143 125
0 619 619 10000000 64 38 55 39 99 17
1 619 620 10000000 59 188 66 31 51 41
1 619 621 10000000 58 305 149 33 128 118
0 622 622 10000000 67 29 40 49 102 18
1 622 623 10000000 57 181 61 33 57 36
1 622 624 10000000 61 369 161 34 128 227
0 625 625 10000000 76 19 15 48 102 22
1 625 626 10000000 59 129 42 37 70 35
1 625 627 10000000 58 265 119 36 114 77
0 628 628 10000000 76 16 13 51 95 19
1 628 629 10000000 66 270 56 41 52 35
1 628 630 10000000 61 307 152 38 122 103
0 631 631 10000000 69 18 13 52 95 19
1 631 632 10000000 61 199 59 42 50 38
1 631 633 10000000 56 273 144 42 80 80
0 634 634 10000000 66 43 57 62 116 18
1 634 635 10000000 62 117 40 46 72 22
1 634 636 10000000 58 79 19 38 17 14
0 637 637 10000000 72 30 47 58 107 18
1 637 638 10000000 59 167 54 44 41 37
1 637 639 10000000 71 114 41 45 76 23
0 640 640 10000000 63 33 53 53 92 16
1 640 641 10000000 58 114 41 45 73 24
1 640 642 10000000 57 111 42 45 72 21
0 643 643 10000000 70 713 297 53 114 64
1 643 644 10000000 57 136 69 53 239 187
1 643 645 10000000 57 125 53 44 241 189
0 646 646 10000000 60 18 13 31 86 17
1 646 647 10000000 61 173 79 31 41 36
1 646 648 10000000 60 184 96 32 56 41
0 649 649 10000000 72 27 26 39 103 20
1 649 650 10000000 57 163 60 32 33 27
1 649 651 10000000 71 141 59 33 75 39
0 652 652 10000000 68 32 40 40 99 19
1 652 653 10000000 60 122 42 39 69 35
1 652 654 10000000 63 120 46 34 72 23
0 655 655 10000000 68 17 13 45 97 18
1 655 656 10000000 62 206 74 36 64 94
1 655 657 10000000 61 217 115 38 68 55
0 658 658 10000000 66 29 40 43 100 17
1 658 659 10000000 61 121 51 36 70 29
1 658 660 10000000 61 222 144 37 76 90
0 661 661 10000000 65 26 40 48 90 16
1 661 662 10000000 64 237 115 40 74 59
1 661 663 10000000 61 223 131 41 74 84
0 664 664 10000000 69 37 51 49 103 19
1 664 665 10000000 58 178 56 43 60 33
1 664 666 10000000 56 81 15 36 17 14
0 667 667 10000000 68 108 79 49 110 39
1 667 668 10000000 60 120 42 41 79 25
1 667 669 10000000 64 221 52 44 66 38
0 670 670 10000000 68 44 56 51 98 18
1 670 671 10000000 60 127 51 43 74 39
1 670 672 10000000 63 219 75 43 63 106
0 673 673 10000000 72 37 46 45 100 18
1 673 674 10000000 62 111 30 45 70 19
1 673 675 10000000 60 93 27 49 20 17
0 676 676 10000000 74 38 47 34 89 17
1 676 677 10000000 60 175 84 29 35 29
1 676 678 10000000 62 113 35 29 21 17
0 679 679 10000000 66 43 55 40 97 17
1 679 680 10000000 65 194 53 31 49 38
1 679 681 10000000 60 237 97 32 112 81
0 682 682 10000000 73 18 13 42 98 17
1 682 683 10000000 59 107 41 32 68 19
1 682 684 10000000 63 224 99 32 106 72
0 685 685 10000000 70 29 43 48 103 20
1 685 686 10000000 58 191 67 37 39 31
1 685 687 10000000 62 192 59 33 61 39
0 688 688 10000000 168 85 65 128 104 17
1 688 689 10000000 62 199 66 37 58 41
1 688 690 10000000 62 225 103 37 79 118
0 691 691 10000000 73 17 13 47 103 17
1 691 692 10000000 61 188 68 39 59 44
1 691 693 10000000 63 110 41 39 78 23
0 694 694 10000000 71 31 41 49 94 16
1 694 695 10000000 69 205 63 43 53 40
1 694 696 10000000 63 211 76 43 68 70
0 697 697 10000000 73 111 70 55 135 18
1 697 698 10000000 59 118 42 47 69 24
1 697 699 10000000 61 214 88 42 68 55
0 700 700 10000000 70 18 13 56 97 20
1 700 701 10000000 63 186 68 48 34 29
1 700 702 10000000 60 231 94 51 68 60
0 703 703 10000000 70 358 202 55 95 34
1 703 704 10000000 61 202 81 46 175 184
1 703 705 10000000 63 179 67 54 184 134
0 706 706 10000000 75 16 12 34 90 15
1 706 707 10000000 63 215 125 31 80 55
1 706 708 10000000 61 227 131 34 75 50
0 709 709 10000000 69 17 13 40 93 16
1 709 710 10000000 65 176 167 31 35 30
1 709 711 10000000 59 178 77 32 38 39
0 712 712 10000000 69 148 109 36 88 28
1 712 713 10000000 63 124 48 33 74 39
1 712 714 10000000 64 164 62 32 44 29
0 715 715 10000000 79 104 73 44 97 16
1 715 716 10000000 70 141 51 36 70 42
1 715 717 10000000 60 189 56 34 50 38
0 718 718 10000000 68 39 53 43 97 17
1 718 719 10000000 63 193 167 37 50 37
1 718 720 10000000 58 174 70 35 40 36
0 721 721 10000000 67 130 94 42 99 45
1 721 722 10000000 62 131 50 37 74 40
1 721 723 10000000 62 173 67 37 38 31
0 724 724 10000000 70 33 55 45 93 17
1 724 725 10000000 60 178 67 39 52 39
1 724 726 10000000 62 242 103 39 94 112
0 727 727 10000000 70 26 27 52 103 16
1 727 728 10000000 59 175 62 46 58 37
1 727 729 10000000 57 212 71 44 63 70
0 730 730 10000000 70 16 13 49 104 16
1 730 731 10000000 60 129 42 46 72 38
1 730 732 10000000 59 175 65 43 57 37
0 733 733 10000000 71 17 13 57 97 16
1 733 734 10000000 59 124 41 45 78 23
1 733 735 10000000 66 194 53 48 60 38
0 736 736 10000000 69 18 13 56 108 17
1 736 737 10000000 57 191 64 49 58 36
1 736 738 10000000 58 187 66 50 61 40
0 739 739 10000000 70 17 13 56 90 17
1 739 740 10000000 59 130 64 50 73 37
1 739 741 10000000 61 183 74 46 55 38
0 742 742 10000000 67 23 30 54 91 16
1 742 743 10000000 61 206 73 49 333 263
1 742 744 10000000 58 233 113 50 369 423
0 745 745 10000000 77 19 13 35 103 17
1 745 746 10000000 61 155 74 27 36 29
1 745 747 10000000 60 335 150 28 110 117
0 748 748 10000000 72 28 25 35 90 17
1 748 749 10000000 60 185 62 30 48 34
1 748 750 10000000 70 244 146 34 79 91
0 751 751 10000000 70 18 12 39 99 17
1 751 752 10000000 69 159 49 31 39 38
1 751 753 10000000 63 262 112 35 116 85
0 754 754 10000000 76 17 12 45 97 17
1 754 755 10000000 65 125 48 36 73 40
1 754 756 10000000 62 233 110 35 89 130
