1 0 0 1 10000000 9728 12861 2977
1 0 1 1 10000000 9682 57437 6513
1 0 2 1 10000000 9748 65 34
1 0 3 1 10000000 9838 189178 11677
1 0 4 1 10000000 9676 1050 537
1 0 5 1 10000000 10691 100 35
1 0 6 1 10000000 9681 3253821 67961
1 0 7 1 10000000 10515 113 34
1 0 8 1 10000000 9767 77 79
1 0 9 1 10000000 9764 584 324
1 0 10 1 10000000 9777 104516 8812
1 0 11 1 10000000 9716 426 275
1 0 12 1 10000000 10935 125 83
1 0 13 1 10000000 9711 237 176
1 0 14 1 10000000 12914 1013 470
1 0 15 1 10000000 10767 1268 540
1 0 16 1 10000000 9761 195895 12838
1 0 17 1 10000000 9747 89 73
1 0 18 1 10000000 9813 1563298 45834
1 0 19 1 10000000 9730 1636617 45502
1 0 20 1 10000000 9856 6568310 107724
1 0 21 1 10000000 9603 690859 26714
1 0 22 1 10000000 9613 1493378 47274
1 0 23 1 10000000 9774 736157 26717
1 0 24 1 10000000 9669 859156 32410
1 0 25 1 10000000 10556 2506636 60125
1 0 26 1 10000000 13998 1093639 29630
1 0 27 1 10000000 9861 104662 9245
1 0 28 1 10000000 12193 1484227 39587
1 0 29 1 10000000 10159 3197476 65420
1 0 30 1 10000000 9743 326749 17213
1 0 31 1 10000000 9908 95154 11526
1 0 32 1 10000000 10526 295307 16150
1 0 33 1 10000000 12946 3448591 72175
1 0 34 1 10000000 9676 1331929 40106
1 0 35 1 10000000 10105 15606 3539
1 0 36 1 10000000 10259 908741 31602
1 0 37 1 10000000 9737 3762966 72237
1 0 38 1 10000000 13876 392344 19957
1 0 39 1 10000000 11629 4793192 83539
1 0 40 1 10000000 9734 819000 42183
1 0 41 1 10000000 9761 10195 2559
1 0 42 1 10000000 9958 1638676 43740
1 0 43 1 10000000 9734 2803839 67764
1 0 44 1 10000000 9699 862430 29549
1 0 45 1 10000000 11862 2104871 52762
1 0 46 1 10000000 9881 914031 31318
1 0 47 1 10000000 9836 197764 13572
1 0 48 1 10000000 10914 383869 20567
1 0 49 1 10000000 10656 2951648 64880
1 0 50 1 10000000 11229 1978387 49701
1 0 51 1 10000000 9728 3391168 69338
1 0 52 1 10000000 10167 156473 11665
1 0 53 1 10000000 9739 5680822 92016
1 0 54 1 10000000 9705 2974076 61968
1 0 55 1 10000000 10426 2898905 62253
1 0 56 1 10000000 11314 9833804 133466
1 0 57 1 10000000 9659 526187 21534
1 0 58 1 10000000 10410 3379440 68867
1 0 59 1 10000000 9699 5176416 91022
1 0 60 1 10000000 9684 3247532 63625
1 0 61 1 10000000 9800 910459 32735
1 0 62 1 10000000 10733 944843 31146
1 0 63 1 10000000 9759 82765 8613
1 0 64 1 10000000 9785 413637 20343
1 0 65 1 10000000 9833 6602637 106485
1 0 66 1 10000000 11159 5148500 90012
1 0 67 1 10000000 9731 4992783 103860
1 0 68 1 10000000 9949 2339619 58641
1 0 69 1 10000000 10935 3536173 77276
1 0 70 1 10000000 10075 880915 42732
1 0 71 1 10000000 10183 1103591 35608
1 0 72 1 10000000 10085 7876541 118270
1 0 73 1 10000000 10184 3476314 73007
1 0 74 1 10000000 9799 4602237 82605
1 0 75 1 10000000 10215 2868697 60210
1 0 76 1 10000000 9699 3944236 99055
1 0 77 1 10000000 9732 840780 29938
1 0 78 1 10000000 9790 2607271 62673
1 0 79 1 10000000 9995 3265796 67005
1 0 80 1 10000000 9766 8482188 115150
1 0 81 1 10000000 9798 2968011 63629
1 0 82 1 10000000 9705 1040312 34281
1 0 83 1 10000000 10704 641790 28358
1 0 84 1 10000000 11326 1656886 46777
1 0 85 1 10000000 9716 1270497 39271
1 0 86 1 10000000 9742 3523157 71038
1 0 87 1 10000000 9734 2778559 60558
1 0 88 1 10000000 18669 6517355 104301
1 0 89 1 10000000 10412 1685627 47412
1 0 90 1 10000000 9787 4727815 131851
1 0 91 1 10000000 9817 1625648 44123
1 0 92 1 10000000 9662 10355168 142353
1 0 93 1 10000000 19506 5737483 94211
1 0 94 1 10000000 9974 1341050 39603
1 0 95 1 10000000 9661 4085822 77068
1 0 96 1 10000000 9826 2033303 53539
1 0 97 1 10000000 10047 7892595 119226
1 0 98 1 10000000 9818 2097712 51809
1 0 99 1 10000000 9704 278187 17862
1 0 100 1 10000000 9674 4811165 87011
1 0 101 1 10000000 9685 737688 27545
1 0 102 1 10000000 9862 4917601 82503
1 0 103 1 10000000 11370 2606722 59310
1 0 104 1 10000000 14545 6180800 100800
1 0 105 1 10000000 9606 7514712 114639
1 0 106 1 10000000 9690 4678803 86741
1 0 107 1 10000000 9637 4862628 89202
1 0 108 1 10000000 9678 5000115 89296
1 0 109 1 10000000 9826 3627523 72709
1 0 110 1 10000000 12284 6272621 103543
1 0 111 1 10000000 10051 6152166 100550
1 0 112 1 10000000 9721 3655513 71510
1 0 113 1 10000000 9711 2534453 58022
1 0 114 1 10000000 9770 2928074 63323
1 0 115 1 10000000 10847 1952346 51533
1 0 116 1 10000000 9750 3373851 67552
1 0 117 1 10000000 9653 5062274 89325
1 0 118 1 10000000 10682 8070671 116403
1 0 119 1 10000000 11237 7956153 120224
1 0 120 1 10000000 9663 3460985 76440
1 0 121 1 10000000 9763 1882144 48746
1 0 122 1 10000000 9635 5399592 92766
1 0 123 1 10000000 9672 6596134 98671
1 0 124 1 10000000 9864 3570048 71156
1 0 125 1 10000000 10007 2683758 60987
1 0 126 1 10000000 9667 2102305 51814
1 0 127 1 10000000 9775 3606379 71463
1 0 128 1 10000000 9711 3113371 66289
1 0 129 1 10000000 9651 2741584 59262
1 0 130 1 10000000 9666 4890471 91841
1 0 131 1 10000000 9692 3180956 66982
1 0 132 1 10000000 9716 3294588 66516
1 0 133 1 10000000 10843 2176656 53839
1 0 134 1 10000000 9703 7136408 111195
1 0 135 1 10000000 10407 2229430 51589
1 0 136 1 10000000 12759 4184020 77573
1 0 137 1 10000000 9833 8715352 137387
1 0 138 1 10000000 10004 5838523 99658
1 0 139 1 10000000 9951 3407041 68518
1 0 140 1 10000000 10027 5630676 92449
1 0 141 1 10000000 9687 1893062 48310
1 0 142 1 10000000 9732 10007372 138674
1 0 143 1 10000000 9632 5088698 89751
1 0 144 1 10000000 9652 6813867 105421
1 0 145 1 10000000 9682 6824622 107000
1 0 146 1 10000000 9673 7561373 120424
1 0 147 1 10000000 9736 6223403 98508
1 0 148 1 10000000 9803 6415316 101023
1 0 149 1 10000000 10360 5715726 91433
1 0 150 1 10000000 10401 1713801 45551
1 0 151 1 10000000 9653 2140540 53650
1 0 152 1 10000000 9874 4912297 88895
1 0 153 1 10000000 10120 5494763 95141
1 0 154 1 10000000 9700 4336425 78773
1 0 155 1 10000000 10214 3478630 68479
1 0 156 1 10000000 9782 1569458 43886
1 0 157 1 10000000 9676 5099117 90608
1 0 158 1 10000000 9715 5337428 87466
1 0 159 1 10000000 9896 1874994 49697
1 0 160 1 10000000 9675 6908666 111867
1 0 161 1 10000000 9713 4230803 80341
1 0 162 1 10000000 9636 8742996 109852
1 0 163 1 10000000 9750 5195243 87150
1 0 164 1 10000000 9767 3497209 69105
1 0 165 1 10000000 10463 8013446 118844
1 0 166 1 10000000 9740 3735653 80196
1 0 167 1 10000000 9778 3694422 72586
1 0 168 1 10000000 9777 4306337 80267
1 0 169 1 10000000 10811 9983200 135645
1 0 170 1 10000000 9711 5761483 99553
1 0 171 1 10000000 12705 5028927 88547
1 0 172 1 10000000 9921 4261925 81935
1 0 173 1 10000000 10336 6175408 103423
1 0 174 1 10000000 9726 5373517 93469
1 0 175 1 10000000 10007 1889901 50450
1 0 176 1 10000000 9734 9801416 126338
1 0 177 1 10000000 11150 9487825 130226
1 0 178 1 10000000 9752 3626136 72878
1 0 179 1 10000000 10968 4376936 80932
1 0 180 1 10000000 9672 4071239 75374
1 0 181 1 10000000 9711 4251456 81477
1 0 182 1 10000000 9655 7905722 132786
1 0 183 1 10000000 9767 2646101 62191
1 0 184 1 10000000 9679 4301363 79509
1 0 185 1 10000000 9732 6595280 104609
1 0 186 1 10000000 9745 4975355 89580
1 0 187 1 10000000 9788 8600927 129481
1 0 188 1 10000000 9825 8871747 147707
1 0 189 1 10000000 12449 8525810 208876
1 0 190 1 10000000 10104 2476678 56967
1 0 191 1 10000000 11875 1559096 42595
1 0 192 1 10000000 9708 7741981 117298
1 0 193 1 10000000 9902 5587418 100638
1 0 194 1 10000000 9765 3724053 71104
1 0 195 1 10000000 9764 6480006 104929
1 0 196 1 10000000 9788 9036464 114685
1 0 197 1 10000000 10226 6085717 97857
1 0 198 1 10000000 9667 6883362 111034
1 0 199 1 10000000 12430 10488764 146078
1 0 200 1 10000000 9779 10254049 149336
1 0 201 1 10000000 9749 12271420 152158
1 0 202 1 10000000 10808 8290271 118611
1 0 203 1 10000000 10694 5358077 91832
1 0 204 1 10000000 13395 7042192 109965
1 0 205 1 10000000 10157 6915717 110548
1 0 206 1 10000000 11518 5986516 100402
1 0 207 1 10000000 9730 4029378 75986
1 0 208 1 10000000 9786 6248545 105551
1 0 209 1 10000000 9733 5272848 94660
1 0 210 1 10000000 9736 4589945 83437
1 0 211 1 10000000 9852 5013855 89200
1 0 212 1 10000000 9653 9738744 147484
1 0 213 1 10000000 10076 3184605 65571
1 0 214 1 10000000 9760 4986299 115664
1 0 215 1 10000000 9775 10899666 143400
1 0 216 1 10000000 9743 7302968 112455
1 0 217 1 10000000 9944 3875958 73402
1 0 218 1 10000000 9710 5872870 108298
1 0 219 1 10000000 9776 7368505 119436
1 0 220 1 10000000 9746 6317872 101607
1 0 221 1 10000000 9765 3996510 80116
1 0 222 1 10000000 9906 4972078 87965
1 0 223 1 10000000 9832 8815427 123181
1 0 224 1 10000000 9736 4717846 84518
1 0 225 1 10000000 11388 7062951 109431
1 0 226 1 10000000 12355 5555989 71241
1 0 227 1 10000000 9959 6218563 92159
1 0 228 1 10000000 9789 9357939 136010
1 0 229 1 10000000 10377 9481407 244837
1 0 230 1 10000000 9788 5268104 87392
1 0 231 1 10000000 10016 4516732 83590
1 0 232 1 10000000 9761 5068757 111903
1 0 233 1 10000000 12019 5108172 101247
1 0 234 1 10000000 9732 7267779 110321
1 0 235 1 10000000 9752 5592244 96706
1 0 236 1 10000000 9634 4885038 86993
1 0 237 1 10000000 9886 6018518 97442
1 0 238 1 10000000 9723 10948333 187122
1 0 239 1 10000000 9865 7140955 107715
1 0 240 1 10000000 9727 3723485 73358
1 0 241 1 10000000 9781 8814397 128381
1 0 242 1 10000000 10234 3787543 72116
1 0 243 1 10000000 11395 11542402 138500
1 0 244 1 10000000 10004 5653465 94032
1 0 245 1 10000000 9722 6849908 175103
1 0 246 1 10000000 76854 7143008 106750
1 0 247 1 10000000 9761 8930027 128225
1 0 248 1 10000000 9669 7759587 115703
1 0 249 1 10000000 10730 4498920 83507
1 0 250 1 10000000 9813 9555628 133013
1 0 251 1 10000000 9725 7651549 113321
1 0 252 1 10000000 9746 6634710 104712
1 0 253 1 10000000 9700 6791051 111498
1 0 254 1 10000000 10636 5730676 110658
1 0 255 1 10000000 9681 5671786 94594
1 0 256 1 10000000 9685 8231487 122805
1 0 257 1 10000000 9688 9313661 133959
1 0 258 1 10000000 9782 9682479 137204
1 0 259 1 10000000 9798 3476847 69467
1 0 260 1 10000000 10238 5841105 119284
1 0 261 1 10000000 9730 6606364 119893
1 0 262 1 10000000 10073 7066649 110412
1 0 263 1 10000000 9737 4785260 84504
1 0 264 1 10000000 10916 8796333 125016
1 0 265 1 10000000 9832 6228947 106908
1 0 266 1 10000000 9737 6410488 102063
1 0 267 1 10000000 9762 3736974 75290
1 0 268 1 10000000 9732 3998493 75816
1 0 269 1 10000000 9895 4429708 84435
1 0 270 1 10000000 9833 5584466 94722
1 0 271 1 10000000 10175 6086097 101388
1 0 272 1 10000000 10771 7702524 115644
1 0 273 1 10000000 9983 4224819 80239
1 0 274 1 10000000 10117 8843059 126984
1 0 275 1 10000000 10342 6880558 111197
1 0 276 1 10000000 10075 9659601 130702
1 0 277 1 10000000 9805 10105165 135735
1 0 278 1 10000000 10114 10974431 144577
1 0 279 1 10000000 10360 4101436 79538
1 0 280 1 10000000 9674 7482751 111167
1 0 281 1 10000000 10114 10244401 146831
1 0 282 1 10000000 9796 6891255 109485
1 0 283 1 10000000 9754 7054886 128868
1 0 284 1 10000000 9770 7588158 113707
1 0 285 1 10000000 9675 6778948 119933
1 0 286 1 10000000 9705 2691248 61717
1 0 287 1 10000000 9734 8171219 122700
1 0 288 1 10000000 9854 5699085 94347
1 0 289 1 10000000 9715 7617765 143017
1 0 290 1 10000000 10234 9822630 131638
1 0 291 1 10000000 11194 7858199 141214
1 0 292 1 10000000 9820 8643937 123702
1 0 293 1 10000000 9721 6193557 110473
1 0 294 1 10000000 9782 3943237 76310
1 0 295 1 10000000 9693 12204051 158820
1 0 296 1 10000000 9856 7187629 113580
1 0 297 1 10000000 10668 5176200 94703
1 0 298 1 10000000 10926 7640627 117699
1 0 299 1 10000000 9777 8320746 117622
1 0 300 1 10000000 9828 8461778 121505
1 0 301 1 10000000 10031 5636804 103010
1 0 302 1 10000000 9744 4192231 78785
1 0 303 1 10000000 9715 5292495 99376
1 0 304 1 10000000 9768 10543836 138575
1 0 305 1 10000000 9714 6326957 104544
1 0 306 1 10000000 10006 7976934 118457
1 0 307 1 10000000 11437 6823637 119436
1 0 308 1 10000000 9691 8872406 130037
1 0 309 1 10000000 9865 7263272 115581
1 0 310 1 10000000 9739 9180894 128714
1 0 311 1 10000000 11227 8991315 128807
1 0 312 1 10000000 9959 4323272 79480
1 0 313 1 10000000 9683 10202573 140152
1 0 314 1 10000000 9835 4940032 86471
1 0 315 1 10000000 9940 8065567 123133
1 0 316 1 10000000 11649 3761730 75746
1 0 317 1 10000000 9764 2630535 58049
1 0 318 1 10000000 9653 6576051 106288
1 0 319 1 10000000 9971 11440728 149582
1 0 320 1 10000000 10205 8258113 117596
1 0 321 1 10000000 9817 7832839 116525
1 0 322 1 10000000 9757 7016233 116858
1 0 323 1 10000000 9809 6649918 106664
1 0 324 1 10000000 16254 6093544 102549
1 0 325 1 10000000 10084 7278206 114838
1 0 326 1 10000000 12760 3786805 75146
1 0 327 1 10000000 9764 9244301 129673
1 0 328 1 10000000 9713 5284252 91280
1 0 329 1 10000000 9746 8619433 121937
1 0 330 1 10000000 9780 4360258 78843
1 0 331 1 10000000 11970 10113761 136483
1 0 332 1 10000000 13156 4876725 85183
1 0 333 1 10000000 9691 7893064 116749
1 0 334 1 10000000 10870 9577190 134973
1 0 335 1 10000000 9718 5129577 90607
1 0 336 1 10000000 10841 7142641 113523
1 0 337 1 10000000 11287 6595812 106533
1 0 338 1 10000000 11974 9585294 144138
1 0 339 1 10000000 10116 6684255 130092
1 0 340 1 10000000 10085 4926320 91494
1 0 341 1 10000000 10249 7446009 114246
1 0 342 1 10000000 9753 6338857 106495
1 0 343 1 10000000 10354 11847682 146079
1 0 344 1 10000000 9839 9666768 143823
1 0 345 1 10000000 9744 7408602 113921
1 0 346 1 10000000 9736 8513447 126105
1 0 347 1 10000000 9796 5633839 95950
1 0 348 1 10000000 9810 9931909 136263
1 0 349 1 10000000 11962 10581951 152374
1 0 350 1 10000000 10638 4092997 83677
1 0 351 1 10000000 9879 4424587 82174
1 0 352 1 10000000 9718 7900914 127453
1 0 353 1 10000000 9692 3695793 72845
1 0 354 1 10000000 9745 5213742 97083
1 0 355 1 10000000 9884 4037172 84553
1 0 356 1 10000000 9805 10058931 135906
1 0 357 1 10000000 10894 7072764 108963
1 0 358 1 10000000 9950 7010589 110111
1 0 359 1 10000000 10809 5887278 99711
1 0 360 1 10000000 9721 8244433 121997
1 0 361 1 10000000 9626 8763877 124932
1 0 362 1 10000000 9768 6071127 102833
1 0 363 1 10000000 9835 6687235 104949
1 0 364 1 10000000 9780 5885415 98046
1 0 365 1 10000000 9716 3964534 82418
1 0 366 1 10000000 9729 10000009 149565
1 0 367 1 10000000 12073 9409693 132040
1 0 368 1 10000000 9771 6965447 111353
1 0 369 1 10000000 9739 7445285 116592
1 0 370 1 10000000 9762 6254071 104394
1 0 371 1 10000000 10294 5121069 90329
1 0 372 1 10000000 9808 10827747 137259
1 0 373 1 10000000 9674 6998806 108992
1 0 374 1 10000000 9697 5835054 105586
1 0 375 1 10000000 9731 6786301 111610
1 0 376 1 10000000 9676 9443876 138650
1 0 377 1 10000000 9756 6377102 101815
1 0 378 1 10000000 10116 7171921 110274
1 0 379 1 10000000 9830 9352585 129737
1 0 380 1 10000000 9789 7266249 114198
1 0 381 1 10000000 9768 6112516 100573
1 0 382 1 10000000 9776 4404710 81941
1 0 383 1 10000000 9712 7267557 113336
1 0 384 1 10000000 9754 5683588 94395
1 0 385 1 10000000 10048 13157638 166696
1 0 386 1 10000000 9870 11628287 151989
1 0 387 1 10000000 9701 7932161 116303
1 0 388 1 10000000 10454 3731013 77374
1 0 389 1 10000000 9789 6309062 110474
1 0 390 1 10000000 9889 10302278 142101
1 0 391 1 10000000 9793 8317967 120375
1 0 392 1 10000000 13389 8341660 144580
1 0 393 1 10000000 12689 9849199 137881
1 0 394 1 10000000 9706 9935644 135413
1 0 395 1 10000000 9782 9532774 132769
1 0 396 1 10000000 11663 7962022 120510
1 0 397 1 10000000 9737 10590362 157131
1 0 398 1 10000000 9691 4951971 89516
1 0 399 1 10000000 9761 6569190 104889
1 0 400 1 10000000 10740 7687016 115321
1 0 401 1 10000000 9963 7616527 117025
1 0 402 1 10000000 9726 8319203 123967
1 0 403 1 10000000 10599 12882323 156453
1 0 404 1 10000000 9780 6359477 127695
1 0 405 1 10000000 11534 6761007 107083
1 0 406 1 10000000 9811 10167942 137752
1 0 407 1 10000000 9748 8123906 123253
1 0 408 1 10000000 9914 7458247 111796
1 0 409 1 10000000 14173 5543635 95342
1 0 410 1 10000000 10288 6166791 102298
1 0 411 1 10000000 9744 9054972 126664
1 0 412 1 10000000 9651 5084340 86848
1 0 413 1 10000000 9673 9069043 132447
1 0 414 1 10000000 9860 6165915 101491
1 0 415 1 10000000 9679 7874858 117743
1 0 416 1 10000000 12212 8937956 133731
1 0 417 1 10000000 10218 5875991 98712
1 0 418 1 10000000 10607 7270257 115445
1 0 419 1 10000000 9815 7044590 113139
1 0 420 1 10000000 10415 9371785 140947
1 0 421 1 10000000 9774 8760035 129268
1 0 422 1 10000000 9880 12362115 156545
1 0 423 1 10000000 9814 11284911 145777
1 0 424 1 10000000 9775 6069049 97054
1 0 425 1 10000000 9738 9121018 276703
1 0 426 1 10000000 9770 7129222 109823
1 0 427 1 10000000 10252 11877191 148458
1 0 428 1 10000000 9795 7792817 212009
1 0 429 1 10000000 9725 13384995 159390
1 0 430 1 10000000 10938 5528349 93340
1 0 431 1 10000000 9721 12357289 150161
1 0 432 1 10000000 11987 7232203 126938
1 0 433 1 10000000 9690 5831744 104271
1 0 434 1 10000000 10237 7458536 112383
1 0 435 1 10000000 9700 9241816 133013
1 0 436 1 10000000 9692 8528152 121646
1 0 437 1 10000000 9712 10794943 140219
1 0 438 1 10000000 9733 8561496 125410
1 0 439 1 10000000 9697 6589685 107454
1 0 440 1 10000000 9738 10876494 143361
1 0 441 1 10000000 10608 6430002 101912
1 0 442 1 10000000 9721 13307934 163080
1 0 443 1 10000000 9739 6219225 103070
1 0 444 1 10000000 9784 8242029 120529
1 0 445 1 10000000 9813 6287001 103220
1 0 446 1 10000000 9680 7853038 119703
1 0 447 1 10000000 10355 6612209 106341
1 0 448 1 10000000 9644 11748833 146686
1 0 449 1 10000000 10823 10926702 141868
1 0 450 1 10000000 10614 11127774 152089
1 0 451 1 10000000 10981 5609520 91647
1 0 452 1 10000000 9714 8836734 130976
1 0 453 1 10000000 10099 9206122 132905
1 0 454 1 10000000 9947 12116799 165648
1 0 455 1 10000000 11016 8796268 133173
1 0 456 1 10000000 10765 6696209 145667
1 0 457 1 10000000 9941 7319160 113982
1 0 458 1 10000000 9747 8723477 128017
1 0 459 1 10000000 14000 13496509 194253
1 0 460 1 10000000 17199 9707576 227747
1 0 461 1 10000000 9734 15597982 152034
1 0 462 1 10000000 9714 14001688 185100
1 0 463 1 10000000 9777 12041281 155832
1 0 464 1 10000000 11619 9800552 152386
1 0 465 1 10000000 9772 6060225 138480
1 0 466 1 10000000 9755 10468702 130209
1 0 467 1 10000000 10111 11885788 277096
1 0 468 1 10000000 10933 9897478 134474
1 0 469 1 10000000 9897 7850146 121754
1 0 470 1 10000000 9787 7518978 132726
1 0 471 1 10000000 10339 7301647 123454
1 0 472 1 10000000 11981 11840598 172225
1 0 473 1 10000000 10573 11000214 413179
1 0 474 1 10000000 10473 6559285 111376
1 0 475 1 10000000 9829 10377882 164393
1 0 476 1 10000000 9965 12291190 138780
1 0 477 1 10000000 9743 8571631 117734
1 0 478 1 10000000 9666 8169681 116443
1 0 479 1 10000000 9682 8773096 123444
1 0 480 1 10000000 10408 6257374 102790
1 0 481 1 10000000 9834 10590571 160021
1 0 482 1 10000000 9686 10514248 137136
1 0 483 1 10000000 10525 8145146 129320
1 0 484 1 10000000 13765 7924359 117906
1 0 485 1 10000000 9675 10616350 263002
1 0 486 1 10000000 12810 10849716 144410
1 0 487 1 10000000 10625 10183548 140469
1 0 488 1 10000000 9962 10561701 172128
1 0 489 1 10000000 23130 13340681 159962
1 0 490 1 10000000 14040 6157722 93083
1 0 491 1 10000000 9748 9535139 133918
1 0 492 1 10000000 9707 8625801 124693
1 0 493 1 10000000 9697 8626469 133220
1 0 494 1 10000000 9850 8659231 123516
1 0 495 1 10000000 9872 14945189 177340
1 0 496 1 10000000 17916 8520373 124397
1 0 497 1 10000000 9676 9518170 134079
1 0 498 1 10000000 9705 7837656 119992
1 0 499 1 10000000 10049 7318238 116182
1 0 500 1 10000000 10183 7387055 115764
1 0 501 1 10000000 11221 11554547 130848
1 0 502 1 10000000 9812 10559445 145598
1 0 503 1 10000000 9973 9009532 130908
1 0 504 1 10000000 10195 10038282 172426
1 0 505 1 10000000 10762 11484479 153574
1 0 506 1 10000000 10127 9139349 129583
1 0 507 1 10000000 9687 7198216 108139
1 0 508 1 10000000 9708 7252173 109116
1 0 509 1 10000000 9675 9564308 130168
1 0 510 1 10000000 9922 5281710 90397
1 0 511 1 10000000 11405 9204833 127472
1 0 512 1 10000000 9674 7885765 114442
1 0 513 1 10000000 9727 7037233 106734
1 0 514 1 10000000 9697 6326804 103595
1 0 515 1 10000000 9656 6334717 101326
1 0 516 1 10000000 9652 6510179 103044
1 0 517 1 10000000 9648 8109039 117935
1 0 518 1 10000000 9693 6105822 101891
1 0 519 1 10000000 9663 11466076 149525
1 0 520 1 10000000 9810 9750017 130164
1 0 521 1 10000000 9670 12539531 153747
1 0 522 1 10000000 9658 9091969 122968
1 0 523 1 10000000 10619 11652804 149885
1 0 524 1 10000000 9769 13733345 166135
1 0 525 1 10000000 9753 9707388 133001
1 0 526 1 10000000 9633 7537391 114240
1 0 527 1 10000000 9642 7971618 117961
1 0 528 1 10000000 9694 11635191 153356
1 0 529 1 10000000 10402 7537520 112248
1 0 530 1 10000000 9688 9632446 132475
1 0 531 1 10000000 9658 7957398 117246
1 0 532 1 10000000 9667 12522476 165339
1 0 533 1 10000000 9695 8716796 131771
1 0 534 1 10000000 9690 8903199 125817
1 0 535 1 10000000 9674 9678900 135231
1 0 536 1 10000000 9732 9235174 129952
1 0 537 1 10000000 9671 6883859 107007
1 0 538 1 10000000 9718 10035109 137805
1 0 539 1 10000000 10776 7320484 110974
1 0 540 1 10000000 9706 12707135 156787
1 0 541 1 10000000 9688 10042079 134742
1 0 542 1 10000000 9718 8437525 122004
1 0 543 1 10000000 9671 7577253 113590
1 0 544 1 10000000 11185 9236582 135679
1 0 545 1 10000000 9607 6039320 103602
1 0 546 1 10000000 9684 8742913 127022
1 0 547 1 10000000 9642 10027665 133537
1 0 548 1 10000000 9663 8171758 122606
1 0 549 1 10000000 9666 7618359 112164
1 0 550 1 10000000 9741 8670408 155643
1 0 551 1 10000000 9653 9106901 127818
1 0 552 1 10000000 9653 7170687 110880
1 0 553 1 10000000 9937 9301150 126071
1 0 554 1 10000000 9696 10095747 136911
1 0 555 1 10000000 9847 8610875 123017
1 0 556 1 10000000 10543 10677836 141104
1 0 557 1 10000000 9842 5789801 118665
1 0 558 1 10000000 9642 9511832 131523
1 0 559 1 10000000 9648 6841868 108267
1 0 560 1 10000000 9665 9299186 130174
1 0 561 1 10000000 9709 9303976 128588
1 0 562 1 10000000 9745 8358644 144452
1 0 563 1 10000000 9731 8946453 126519
1 0 564 1 10000000 9639 7442385 112581
1 0 565 1 10000000 9905 10425154 142784
1 0 566 1 10000000 9690 12731801 156458
1 0 567 1 10000000 10182 8461657 122925
1 0 568 1 10000000 9720 9633868 132649
1 0 569 1 10000000 9636 10740412 138439
1 0 570 1 10000000 9757 10947400 153753
1 0 571 1 10000000 10757 10318212 138331
1 0 572 1 10000000 9676 5990551 96789
1 0 573 1 10000000 9686 9283808 177104
1 0 574 1 10000000 9704 9806406 135104
1 0 575 1 10000000 11922 10937212 139735
1 0 576 1 10000000 9656 10268154 146632
1 0 577 1 10000000 10336 9756739 142160
1 0 578 1 10000000 9769 7254029 110181
1 0 579 1 10000000 9720 10433719 138551
1 0 580 1 10000000 10688 6894248 107089
1 0 581 1 10000000 9672 11060634 143025
1 0 582 1 10000000 10926 6342052 104643
1 0 583 1 10000000 10819 8449841 120985
1 0 584 1 10000000 9848 10714736 142606
1 0 585 1 10000000 9729 10707137 139625
1 0 586 1 10000000 9650 7347199 123344
1 0 587 1 10000000 9655 12654066 155743
1 0 588 1 10000000 9682 6972228 109624
1 0 589 1 10000000 10208 7983005 119499
1 0 590 1 10000000 11608 10496820 138098
1 0 591 1 10000000 9690 12083261 151233
1 0 592 1 10000000 9763 11898389 164065
1 0 593 1 10000000 9742 12043481 152350
1 0 594 1 10000000 9953 14448244 168726
1 0 595 1 10000000 9674 8857843 137820
1 0 596 1 10000000 9776 9897758 138639
1 0 597 1 10000000 9682 7452065 112640
1 0 598 1 10000000 9781 9994922 133645
1 0 599 1 10000000 9669 7476652 113810
1 0 600 1 10000000 9701 10937438 154409
1 0 601 1 10000000 9697 12117136 148542
1 0 602 1 10000000 9780 7779068 118097
1 0 603 1 10000000 9624 7909016 118620
1 0 604 1 10000000 9710 7119936 110480
1 0 605 1 10000000 9664 7844472 115460
1 0 606 1 10000000 9738 10305732 143385
1 0 607 1 10000000 9973 8984531 125366
1 0 608 1 10000000 10599 13235394 160875
1 0 609 1 10000000 9659 8420062 132847
1 0 610 1 10000000 10589 9371313 131083
1 0 611 1 10000000 9778 7793902 126048
1 0 612 1 10000000 10723 8086903 118151
1 0 613 1 10000000 9639 8749165 127569
1 0 614 1 10000000 10338 8905907 126303
1 0 615 1 10000000 9904 11072946 142328
1 0 616 1 10000000 9841 11274877 149577
1 0 617 1 10000000 9754 11071622 147845
1 0 618 1 10000000 10465 7791891 117681
1 0 619 1 10000000 10650 10124522 135834
1 0 620 1 10000000 9669 9891399 138350
1 0 621 1 10000000 9651 8513236 123196
1 0 622 1 10000000 9676 10131708 136101
1 0 623 1 10000000 9639 9411953 130525
1 0 624 1 10000000 9659 10026521 136176
1 0 625 1 10000000 9678 11692306 149217
1 0 626 1 10000000 9684 9446493 130838
1 0 627 1 10000000 9681 9999811 137223
1 0 628 1 10000000 9715 10982259 142178
1 0 629 1 10000000 10973 7909642 119285
1 0 630 1 10000000 9712 9085659 134387
1 0 631 1 10000000 9679 9582847 133459
1 0 632 1 10000000 10940 7560187 115803
1 0 633 1 10000000 9658 11963753 156236
1 0 634 1 10000000 9626 8554332 125750
1 0 635 1 10000000 9667 9500064 130619
1 0 636 1 10000000 10239 13947028 166315
1 0 637 1 10000000 9700 10910612 144418
1 0 638 1 10000000 10035 9230002 127383
1 0 639 1 10000000 10085 7518202 119505
1 0 640 1 10000000 9658 11887230 151372
1 0 641 1 10000000 9705 6959214 106802
1 0 642 1 10000000 9653 7093605 111979
1 0 643 1 10000000 9830 9248872 127062
1 0 644 1 10000000 10246 7209981 111536
1 0 645 1 10000000 9674 10635683 134682
1 0 646 1 10000000 10682 11393890 145892
1 0 647 1 10000000 9710 9817347 137264
1 0 648 1 10000000 10042 9345081 129923
1 0 649 1 10000000 9744 6844682 108008
1 0 650 1 10000000 9687 9477385 130077
1 0 651 1 10000000 9649 7322358 111866
1 0 652 1 10000000 9846 11527925 146843
1 0 653 1 10000000 9691 7488184 114657
1 0 654 1 10000000 9669 7908242 115766
1 0 655 1 10000000 9718 12882536 158199
1 0 656 1 10000000 9666 11984442 150108
1 0 657 1 10000000 9717 11597071 152678
1 0 658 1 10000000 10191 9355183 133710
1 0 659 1 10000000 9771 10765572 142122
1 0 660 1 10000000 9710 8756163 123704
1 0 661 1 10000000 9706 11350408 147442
1 0 662 1 10000000 9653 9447167 131338
1 0 663 1 10000000 9662 8015487 116562
1 0 664 1 10000000 9653 10218461 137567
1 0 665 1 10000000 9660 10098629 146738
1 0 666 1 10000000 9676 10695276 139580
1 0 667 1 10000000 9661 9868878 135741
1 0 668 1 10000000 9708 11514644 146082
1 0 669 1 10000000 9667 9790193 130644
1 0 670 1 10000000 10470 9909513 143537
1 0 671 1 10000000 9698 12518139 155751
1 0 672 1 10000000 9759 9144194 127173
1 0 673 1 10000000 9683 13604213 161610
1 0 674 1 10000000 9630 9549691 134485
1 0 675 1 10000000 14160 11584361 150945
1 0 676 1 10000000 9771 9485760 128510
1 0 677 1 10000000 10161 8555107 123830
1 0 678 1 10000000 10953 7938148 116234
1 0 679 1 10000000 9675 10153569 132505
1 0 680 1 10000000 9674 13539293 163272
1 0 681 1 10000000 10364 7519323 111748
1 0 682 1 10000000 9687 9131683 129231
1 0 683 1 10000000 9765 7641481 115077
1 0 684 1 10000000 10792 12049910 149701
1 0 685 1 10000000 9723 10334041 151651
1 0 686 1 10000000 9741 11606218 156427
1 0 687 1 10000000 9999 9382972 129442
1 0 688 1 10000000 9671 10196084 136756
1 0 689 1 10000000 9813 9697741 133314
1 0 690 1 10000000 9680 10016088 136695
1 0 691 1 10000000 9651 7648256 113000
1 0 692 1 10000000 13949 15192181 189836
1 0 693 1 10000000 9800 10237157 137287
1 0 694 1 10000000 9673 8761471 124328
1 0 695 1 10000000 9933 8190631 120472
1 0 696 1 10000000 9642 11926366 152061
1 0 697 1 10000000 9694 8666842 127352
1 0 698 1 10000000 9662 9790976 134924
1 0 699 1 10000000 11633 7064536 108379
1 0 700 1 10000000 9656 10848669 153815
1 0 701 1 10000000 9705 10143918 137134
1 0 702 1 10000000 9705 10096366 135863
1 0 703 1 10000000 9667 13063526 161947
1 0 704 1 10000000 9679 13404833 156996
1 0 705 1 10000000 9674 9441480 127547
1 0 706 1 10000000 9690 13019791 157733
1 0 707 1 10000000 9705 8798254 125432
1 0 708 1 10000000 9686 11614446 144457
1 0 709 1 10000000 9682 9569757 129838
1 0 710 1 10000000 9723 9062999 128150
1 0 711 1 10000000 9679 8858928 126004
1 0 712 1 10000000 9627 11763856 148327
1 0 713 1 10000000 9758 11175810 144827
1 0 714 1 10000000 9710 10771229 143368
1 0 715 1 10000000 9734 8204227 120760
1 0 716 1 10000000 9630 13820480 192845
1 0 717 1 10000000 9683 11245061 144841
1 0 718 1 10000000 9696 11380784 144353
1 0 719 1 10000000 9679 14380401 169161
1 0 720 1 10000000 9675 14129652 162965
1 0 721 1 10000000 11366 10695720 141633
1 0 722 1 10000000 9651 11364098 145606
1 0 723 1 10000000 10094 12092622 161004
1 0 724 1 10000000 9628 8940817 141537
1 0 725 1 10000000 9764 12642267 158459
1 0 726 1 10000000 9720 9652400 130947
1 0 727 1 10000000 9669 10329152 138990
1 0 728 1 10000000 9758 8029642 119884
1 0 729 1 10000000 9749 10127633 129336
1 0 730 1 10000000 11590 7974272 117953
1 0 731 1 10000000 9762 7654001 115300
1 0 732 1 10000000 10151 12808257 168841
1 0 733 1 10000000 9708 8950014 126467
1 0 734 1 10000000 9738 7220103 118832
1 0 735 1 10000000 10029 8632262 133848
1 0 736 1 10000000 9823 8317710 121436
1 0 737 1 10000000 9704 9930764 134757
1 0 738 1 10000000 9637 12332770 159976
1 0 739 1 10000000 9670 8391535 124895
1 0 740 1 10000000 9774 10736342 152985
1 0 741 1 10000000 9708 11617322 149224
1 0 742 1 10000000 9674 10205609 137670
1 0 743 1 10000000 9802 10633332 140779
1 0 744 1 10000000 10560 9063005 130517
1 0 745 1 10000000 9960 13437309 162677
1 0 746 1 10000000 9727 9630123 132734
1 0 747 1 10000000 9656 13199978 161528
1 0 748 1 10000000 9691 9005809 126370
1 0 749 1 10000000 9981 9501382 134165
1 0 750 1 10000000 9613 9097132 138671
1 0 751 1 10000000 9708 9635149 133834
1 0 752 1 10000000 9719 12986406 152518
1 0 753 1 10000000 9820 7951365 137464
1 0 754 1 10000000 10375 7552997 123070
1 0 755 1 10000000 9602 10034516 134113
1 0 756 1 10000000 9953 8729865 122004
1 0 757 1 10000000 9684 14291916 166982
1 0 758 1 10000000 9670 8500839 123498
1 0 759 1 10000000 9658 9800367 138088
1 0 760 1 10000000 9684 14776508 173264
1 0 761 1 10000000 10535 9472689 131017
1 0 762 1 10000000 9685 11643505 145581
1 0 763 1 10000000 10331 10445773 141870
1 0 764 1 10000000 10681 9975312 140845
1 0 765 1 10000000 9729 11910143 151319
1 0 766 1 10000000 9813 12753497 156051
1 0 767 1 10000000 9791 9433674 133057
1 0 768 1 10000000 9669 10217286 135455
1 0 769 1 10000000 9639 10410162 141410
1 0 770 1 10000000 10316 9373918 128816
1 0 771 1 10000000 9676 9729515 133076
1 0 772 1 10000000 9703 12122189 153149
1 0 773 1 10000000 10469 9359606 131083
1 0 774 1 10000000 9710 11299187 139012
1 0 775 1 10000000 10095 11653200 150960
1 0 776 1 10000000 9656 9155483 136098
1 0 777 1 10000000 10348 14195498 167927
1 0 778 1 10000000 10814 8482334 121238
1 0 779 1 10000000 10040 9329182 136626
1 0 780 1 10000000 9980 9161704 127485
1 0 781 1 10000000 9713 6157132 100679
1 0 782 1 10000000 9664 8522931 123637
1 0 783 1 10000000 9654 9005466 126326
1 0 784 1 10000000 9650 6933675 108493
1 0 785 1 10000000 9654 9005628 125522
1 0 786 1 10000000 10651 7527316 114461
1 0 787 1 10000000 10545 9766419 133925
1 0 788 1 10000000 9646 10150491 135416
1 0 789 1 10000000 9781 12442270 157716
1 0 790 1 10000000 11198 9699318 134648
1 0 791 1 10000000 9650 12055574 151873
1 0 792 1 10000000 9729 10619354 141680
1 0 793 1 10000000 9761 10624674 143590
1 0 794 1 10000000 9855 9173753 128948
1 0 795 1 10000000 9698 8308866 135652
1 0 796 1 10000000 9893 9367889 135513
1 0 797 1 10000000 9672 11515312 147835
1 0 798 1 10000000 9650 8508456 124308
1 0 799 1 10000000 9662 10762724 142188
1 0 800 1 10000000 9799 10898428 143772
1 0 801 1 10000000 9672 8243849 120723
1 0 802 1 10000000 9702 11995512 151298
1 0 803 1 10000000 9714 14724222 179918
1 0 804 1 10000000 9669 12198805 151937
1 0 805 1 10000000 10473 9122538 130544
1 0 806 1 10000000 9668 10472534 139410
1 0 807 1 10000000 9662 11233157 147270
1 0 808 1 10000000 9735 11021324 145417
1 0 809 1 10000000 10013 11317725 147412
1 0 810 1 10000000 9736 10195593 137093
1 0 811 1 10000000 9982 9938975 137247
1 0 812 1 10000000 9651 8900192 128820
1 0 813 1 10000000 9675 13302907 161169
1 0 814 1 10000000 9653 9718678 153821
1 0 815 1 10000000 9741 9082013 129264
1 0 816 1 10000000 9701 14341154 170873
1 0 817 1 10000000 10861 10403974 140695
1 0 818 1 10000000 9779 15428184 189970
1 0 819 1 10000000 9648 8083712 119750
1 0 820 1 10000000 10665 13881515 161458
1 0 821 1 10000000 9638 11577786 149534
1 0 822 1 10000000 12439 11861938 168774
1 0 823 1 10000000 9633 12794299 161920
1 0 824 1 10000000 9692 11935286 150260
1 0 825 1 10000000 9654 6927945 108023
1 0 826 1 10000000 9672 12759596 162490
1 0 827 1 10000000 9626 7743623 132332
1 0 828 1 10000000 9632 11604580 149361
1 0 829 1 10000000 10994 11760121 151218
1 0 830 1 10000000 10332 9184198 129787
1 0 831 1 10000000 9718 12385299 158262
1 0 832 1 10000000 9652 10401642 150606
1 0 833 1 10000000 9723 13983447 167426
1 0 834 1 10000000 9654 11664071 150617
1 0 835 1 10000000 9974 10210156 141956
1 0 836 1 10000000 9708 11541147 158378
1 0 837 1 10000000 9783 10801930 144616
1 0 838 1 10000000 9831 9892460 152866
1 0 839 1 10000000 9729 13883878 234149
1 0 840 1 10000000 10761 10190775 140401
1 0 841 1 10000000 10006 10819362 144138
1 0 842 1 10000000 10017 13365097 168045
1 0 843 1 10000000 9760 12295613 156790
1 0 844 1 10000000 9810 9203952 138626
1 0 845 1 10000000 9709 11500398 148429
1 0 846 1 10000000 9723 12770914 158415
1 0 847 1 10000000 9942 10834722 178011
1 0 848 1 10000000 9727 9206465 128665
1 0 849 1 10000000 10160 10345779 143545
1 0 850 1 10000000 9765 11778680 151407
1 0 851 1 10000000 10087 16427649 182765
1 0 852 1 10000000 9649 9220444 130812
1 0 853 1 10000000 9664 12821591 162815
1 0 854 1 10000000 9785 11066837 145964
1 0 855 1 10000000 9643 8533114 128971
1 0 856 1 10000000 9824 10807515 141857
1 0 857 1 10000000 9682 8792580 126933
1 0 858 1 10000000 10693 10476196 142549
1 0 859 1 10000000 9719 10337648 137527
1 0 860 1 10000000 9674 10554599 147368
1 0 861 1 10000000 9728 10457896 145764
1 0 862 1 10000000 9708 11096988 144854
1 0 863 1 10000000 9762 11844321 154618
1 0 864 1 10000000 9626 10956988 162746
1 0 865 1 10000000 9680 13309957 164554
1 0 866 1 10000000 11495 10915669 145046
1 0 867 1 10000000 10616 12489893 157701
1 0 868 1 10000000 10411 10540673 158778
1 0 869 1 10000000 9693 9829469 134425
1 0 870 1 10000000 9692 14182126 169547
1 0 871 1 10000000 9684 12987039 161086
1 0 872 1 10000000 9953 8930984 131292
1 0 873 1 10000000 9713 12764037 162811
1 0 874 1 10000000 9799 15022544 173337
1 0 875 1 10000000 9668 12205577 169124
1 0 876 1 10000000 9647 7951703 131262
1 0 877 1 10000000 9652 11481788 149139
1 0 878 1 10000000 9656 14042555 167685
1 0 879 1 10000000 9924 13250540 164496
1 0 880 1 10000000 9743 12346088 160368
1 0 881 1 10000000 9733 13344427 164882
1 0 882 1 10000000 9698 8767737 136086
1 0 883 1 10000000 9631 14519625 174981
1 0 884 1 10000000 10652 13098002 162679
1 0 885 1 10000000 9662 12588669 158109
1 0 886 1 10000000 9907 7777193 135355
1 0 887 1 10000000 9702 12995946 161201
1 0 888 1 10000000 9728 14190692 169454
1 0 889 1 10000000 9706 11615682 158886
1 0 890 1 10000000 11078 9458894 132957
1 0 891 1 10000000 9705 11002763 144415
1 0 892 1 10000000 9763 10106088 144652
1 0 893 1 10000000 10006 8298255 129891
1 0 894 1 10000000 9748 10121199 139188
1 0 895 1 10000000 9694 13416402 164373
1 0 896 1 10000000 9804 11861154 155185
1 0 897 1 10000000 9720 13474078 165590
1 0 898 1 10000000 9699 12500220 162658
1 0 899 1 10000000 9706 12282702 165405
1 0 900 1 10000000 9728 10781522 148140
1 0 901 1 10000000 9745 9780303 138911
1 0 902 1 10000000 9645 8403668 123628
1 0 903 1 10000000 9668 10733691 146839
1 0 904 1 10000000 9694 14040745 164589
1 0 905 1 10000000 12045 11276356 150590
1 0 906 1 10000000 9757 16535017 191477
1 0 907 1 10000000 10825 12604446 158298
1 0 908 1 10000000 9686 13513541 165310
1 0 909 1 10000000 9857 10928464 155949
1 0 910 1 10000000 9729 9534235 133422
1 0 911 1 10000000 9755 9910941 135829
1 0 912 1 10000000 9702 13599368 165982
1 0 913 1 10000000 9657 12188626 154393
1 0 914 1 10000000 10364 15268462 178155
1 0 915 1 10000000 10068 10974791 143413
1 0 916 1 10000000 9692 15292912 185039
1 0 917 1 10000000 9706 12626607 159430
1 0 918 1 10000000 9722 9980995 136882
1 0 919 1 10000000 9934 11892033 152563
1 0 920 1 10000000 9742 12971984 153723
1 0 921 1 10000000 9697 11515415 148859
1 0 922 1 10000000 9739 10572265 143081
1 0 923 1 10000000 9740 12187980 153983
1 0 924 1 10000000 9901 11782351 149135
1 0 925 1 10000000 9678 12458481 156960
1 0 926 1 10000000 9677 10291302 139143
1 0 927 1 10000000 9698 10492176 139469
1 0 928 1 10000000 9673 14436466 171104
1 0 929 1 10000000 9651 13296866 161360
1 0 930 1 10000000 9663 14116910 182758
1 0 931 1 10000000 9991 10808155 142928
1 0 932 1 10000000 9672 11066138 143035
1 0 933 1 10000000 9690 11554109 150716
1 0 934 1 10000000 9716 14546883 179379
1 0 935 1 10000000 9663 14387094 183509
1 0 936 1 10000000 10107 12022896 153416
1 0 937 1 10000000 9670 10646765 142695
1 0 938 1 10000000 9713 11995410 150672
1 0 939 1 10000000 9679 14154320 164956
1 0 940 1 10000000 9781 10563252 140750
1 0 941 1 10000000 9926 12665370 158560
1 0 942 1 10000000 9689 12883955 159203
1 0 943 1 10000000 9677 12764728 157932
1 0 944 1 10000000 9667 11547944 148834
1 0 945 1 10000000 9664 14448848 170245
1 0 946 1 10000000 9648 14412137 169216
1 0 947 1 10000000 9668 13199332 167764
1 0 948 1 10000000 9730 14993809 180233
1 0 949 1 10000000 9725 11297537 146879
1 0 950 1 10000000 9740 10461649 140853
1 0 951 1 10000000 12029 12671652 157698
1 0 952 1 10000000 10038 10509991 140653
1 0 953 1 10000000 9643 15598318 178592
1 0 954 1 10000000 9652 10756281 147868
1 0 955 1 10000000 9608 12059503 151985
1 0 956 1 10000000 9624 14936594 165616
1 0 957 1 10000000 9635 12567702 155938
1 0 958 1 10000000 9705 14465719 169127
1 0 959 1 10000000 9687 14592575 174275
1 0 960 1 10000000 9991 13386790 176901
1 0 961 1 10000000 9712 12169731 156338
1 0 962 1 10000000 9926 16751222 188275
1 0 963 1 10000000 9748 15099976 187220
1 0 964 1 10000000 9746 19268137 171416
1 0 965 1 10000000 14117 12499809 161392
1 0 966 1 10000000 10439 19424424 242854
1 0 967 1 10000000 9881 27689439 292268
1 0 968 1 10000000 11923 24468169 212753
1 0 969 1 10000000 10473 18471169 223875
1 0 970 1 10000000 11492 20416622 252406
1 0 971 1 10000000 11066 18536663 200621
1 0 972 1 10000000 9812 17725901 239826
1 0 973 1 10000000 12233 21176211 181022
1 0 974 1 10000000 15317 17892506 178534
1 0 975 1 10000000 10184 12092379 187483
1 0 976 1 10000000 9700 15715432 209418
1 0 977 1 10000000 10695 9936397 128882
1 0 978 1 10000000 10527 14445516 175887
1 0 979 1 10000000 9897 15441618 165919
1 0 980 1 10000000 9716 13202867 171410
1 0 981 1 10000000 9735 13571619 171565
1 0 982 1 10000000 9679 15376459 172860
1 0 983 1 10000000 10685 11760608 158946
1 0 984 1 10000000 15027 14864009 183032
1 0 985 1 10000000 12817 15475542 177685
1 0 986 1 10000000 14745 12065037 153247
1 0 987 1 10000000 9711 13223940 161570
1 0 988 1 10000000 9801 13551771 183308
1 0 989 1 10000000 17013 13414668 174118
1 0 990 1 10000000 10164 12689787 177017
1 0 991 1 10000000 9704 14121312 169342
1 0 992 1 10000000 9729 14451197 179809
1 0 993 1 10000000 9667 8796645 127159
1 0 994 1 10000000 9692 13495383 173099
1 0 995 1 10000000 9776 20753903 202017
1 0 996 1 10000000 9750 13457779 167107
1 0 997 1 10000000 16654 21291245 292379
1 0 998 1 10000000 12500 15572289 165204
1 0 999 1 10000000 10936 25695538 173727
