0 0 0 10000000 36 18 13 42 103 18
1 0 1 10000000 40 1318 23 36 65 13
1 0 2 10000000 43 99 18 35 16 14
0 3 3 10000000 35 17 13 40 100 18
1 3 4 10000000 52 115 20 36 70 17
1 3 5 10000000 40 96 18 33 17 13
0 6 6 10000000 35 19 14 56 103 18
1 6 7 10000000 46 115 21 42 72 21
1 6 8 10000000 39 86 18 35 19 12
0 9 9 10000000 37 17 12 43 105 20
1 9 10 10000000 40 106 20 36 62 16
1 9 11 10000000 44 118 23 39 19 14
0 12 12 10000000 36 16 13 52 117 40
1 12 13 10000000 45 112 20 40 60 15
1 12 14 10000000 46 109 21 39 58 14
0 15 15 10000000 33 18 14 44 104 17
1 15 16 10000000 41 106 20 40 60 14
1 15 17 10000000 1014 119 112 47 18 84
0 18 18 10000000 37 17 13 46 98 18
1 18 19 10000000 53 128 19 42 64 14
1 18 20 10000000 44 97 17 43 16 14
0 21 21 10000000 35 16 13 46 98 17
1 21 22 10000000 41 218 20 40 65 15
1 21 23 10000000 40 84 18 38 16 14
0 24 24 10000000 35 18 14 48 104 24
1 24 25 10000000 40 107 22 42 66 15
1 24 26 10000000 55 98 20 41 18 13
0 27 27 10000000 33 17 12 49 110 44
1 27 28 10000000 42 111 20 46 67 14
1 27 29 10000000 41 113 25 47 65 16
0 30 30 10000000 33 21 14 46 95 17
1 30 31 10000000 43 107 19 42 67 15
1 30 32 10000000 41 89 17 41 18 14
0 33 33 10000000 35 18 12 47 104 16
1 33 34 10000000 46 108 18 41 64 15
1 33 35 10000000 46 117 25 44 17 14
0 36 36 10000000 44 20 15 40 99 17
1 36 37 10000000 52 109 22 36 65 13
1 36 38 10000000 50 164 49 33 69 21
0 39 39 10000000 44 18 15 43 99 18
1 39 40 10000000 50 165 44 39 29 23
1 39 41 10000000 53 168 42 40 32 38
0 42 42 10000000 43 21 12 46 110 18
1 42 43 10000000 47 111 30 40 75 24
1 42 44 10000000 44 114 28 38 67 18
0 45 45 10000000 41 18 13 44 101 19
1 45 46 10000000 52 464 22 45 136 15
1 45 47 10000000 43 169 44 38 29 35
0 48 48 10000000 41 18 13 45 105 17
1 48 49 10000000 53 143 22 41 67 14
1 48 50 10000000 49 166 57 38 32 28
0 51 51 10000000 51 19 12 251 117 17
1 51 52 10000000 51 105 18 40 61 13
1 51 53 10000000 51 392 56 42 50 29
0 54 54 10000000 44 17 13 50 105 16
1 54 55 10000000 49 165 44 41 28 22
1 54 56 10000000 49 177 47 48 48 33
0 57 57 10000000 40 17 12 52 98 18
1 57 58 10000000 48 99 21 41 62 15
1 57 59 10000000 48 179 48 42 48 30
0 60 60 10000000 49 18 12 42 100 16
1 60 61 10000000 58 109 20 36 62 15
1 60 62 10000000 68 246 80 36 68 56
0 63 63 10000000 53 18 13 43 96 21
1 63 64 10000000 58 102 18 36 64 15
1 63 65 10000000 53 227 77 37 56 50
0 66 66 10000000 53 19 13 48 104 18
1 66 67 10000000 49 100 16 39 58 14
1 66 68 10000000 50 217 79 36 119 52
0 69 69 10000000 46 19 13 53 104 19
1 69 70 10000000 51 106 19 41 63 16
1 69 71 10000000 50 226 75 44 57 55
0 72 72 10000000 48 21 13 51 98 17
1 72 73 10000000 50 99 18 43 66 15
1 72 74 10000000 61 278 73 45 69 57
0 75 75 10000000 47 17 11 53 128 67
1 75 76 10000000 46 180 52 42 46 28
1 75 77 10000000 54 226 72 42 73 63
0 78 78 10000000 50 16 13 50 91 18
1 78 79 10000000 51 109 29 46 69 19
1 78 80 10000000 53 223 72 44 68 67
0 81 81 10000000 51 16 11 39 100 18
1 81 82 10000000 58 105 21 36 62 16
1 81 83 10000000 55 274 159 35 88 87
0 84 84 10000000 52 20 12 44 102 17
1 84 85 10000000 63 207 60 139 55 34
1 84 86 10000000 52 271 109 36 136 104
0 87 87 10000000 53 21 14 52 101 18
1 87 88 10000000 56 109 21 42 64 13
1 87 89 10000000 154 349 118 55 132 93
0 90 90 10000000 64 19 13 79 140 23
1 90 91 10000000 51 200 60 46 56 41
1 90 92 10000000 52 292 121 46 143 97
0 93 93 10000000 54 21 13 53 99 20
1 93 94 10000000 56 183 55 48 52 40
1 93 95 10000000 51 216 84 47 67 47
0 96 96 10000000 51 16 13 54 100 17
1 96 97 10000000 53 106 21 47 56 14
1 96 98 10000000 51 211 85 44 58 50
0 99 99 10000000 52 17 12 53 101 17
1 99 100 10000000 53 118 19 48 70 14
1 99 101 10000000 49 201 65 49 187 216
0 102 102 10000000 67 18 14 55 115 32
1 102 103 10000000 85 310 98 51 87 42
1 102 104 10000000 55 288 145 35 86 74
0 105 105 10000000 51 17 13 43 104 18
1 105 106 10000000 52 198 63 40 60 59
1 105 107 10000000 55 283 156 39 88 92
0 108 108 10000000 54 16 12 49 97 15
1 108 109 10000000 57 106 21 39 57 13
1 108 110 10000000 54 284 152 44 88 88
0 111 111 10000000 54 20 13 52 106 20
1 111 112 10000000 55 105 20 41 63 18
1 111 113 10000000 52 239 90 42 77 72
0 114 114 10000000 56 18 13 51 92 19
1 114 115 10000000 53 183 58 46 89 32
1 114 116 10000000 52 310 119 44 139 98
0 117 117 10000000 53 18 13 58 98 19
1 117 118 10000000 51 104 19 47 67 15
1 117 119 10000000 52 458 149 43 150 111
0 120 120 10000000 52 19 13 59 93 17
1 120 121 10000000 59 184 54 54 56 34
1 120 122 10000000 57 318 131 49 139 89
0 123 123 10000000 53 18 12 65 91 15
1 123 124 10000000 56 118 19 50 64 15
1 123 125 10000000 52 328 133 51 249 385
0 126 126 10000000 50 19 14 40 93 21
1 126 127 10000000 53 167 50 34 28 36
1 126 128 10000000 52 313 152 35 144 110
0 129 129 10000000 54 16 12 44 90 17
1 129 130 10000000 52 171 49 38 49 35
1 129 131 10000000 54 325 150 38 145 109
0 132 132 10000000 53 21 16 55 98 18
1 132 133 10000000 61 114 19 47 66 16
1 132 134 10000000 56 336 148 41 150 109
0 135 135 10000000 52 17 12 51 96 18
1 135 136 10000000 52 192 70 43 60 57
1 135 137 10000000 57 262 116 43 85 107
0 138 138 10000000 48 17 13 53 91 17
1 138 139 10000000 51 195 59 43 64 39
1 138 140 10000000 52 203 80 43 65 49
0 141 141 10000000 53 17 12 57 95 17
1 141 142 10000000 54 186 66 48 57 40
1 141 143 10000000 60 185 57 49 54 32
0 144 144 10000000 53 18 13 59 110 16
1 144 145 10000000 55 191 67 53 61 52
1 144 146 10000000 53 216 85 54 69 50
0 147 147 10000000 52 18 12 63 107 16
1 147 148 10000000 56 101 17 52 69 15
1 147 149 10000000 54 243 92 52 59 55
0 150 150 10000000 57 18 12 67 107 17
1 150 151 10000000 56 175 43 55 30 34
1 150 152 10000000 55 228 85 55 59 53
0 153 153 10000000 59 17 12 70 110 19
1 153 154 10000000 52 195 61 59 367 504
1 153 155 10000000 54 221 85 56 376 485
0 156 156 10000000 52 16 13 40 97 20
1 156 157 10000000 59 191 66 37 33 27
1 156 158 10000000 58 271 99 39 75 74
0 159 159 10000000 51 15 12 43 93 17
1 159 160 10000000 55 103 21 38 64 14
1 159 161 10000000 58 252 91 39 72 77
0 162 162 10000000 61 17 13 51 99 19
1 162 163 10000000 64 113 20 43 61 16
1 162 164 10000000 64 267 91 42 76 81
0 165 165 10000000 58 19 14 64 103 27
1 165 166 10000000 58 205 71 46 59 44
1 165 167 10000000 61 248 99 44 77 78
0 168 168 10000000 53 18 14 53 104 17
1 168 169 10000000 56 114 19 46 44 15
1 168 170 10000000 54 169 64 44 63 55
0 171 171 10000000 55 19 12 59 102 18
1 171 172 10000000 59 118 22 48 72 17
1 171 173 10000000 57 207 68 52 61 61
0 174 174 10000000 51 19 14 59 100 16
1 174 175 10000000 60 106 18 51 64 15
1 174 176 10000000 51 218 65 45 157 143
0 177 177 10000000 55 20 12 38 88 17
1 177 178 10000000 56 111 18 37 62 14
1 177 179 10000000 56 99 19 35 17 13
0 180 180 10000000 54 17 13 47 110 19
1 180 181 10000000 62 122 34 36 67 21
1 180 182 10000000 55 103 22 40 96 15
0 183 183 10000000 60 17 14 49 101 24
1 183 184 10000000 60 194 62 41 35 32
1 183 185 10000000 55 126 45 40 64 23
0 186 186 10000000 54 18 13 62 152 17
1 186 187 10000000 55 207 71 43 57 43
1 186 188 10000000 57 171 80 40 34 30
0 189 189 10000000 59 19 18 74 154 21
1 189 190 10000000 60 177 69 44 36 27
1 189 191 10000000 69 126 50 45 72 21
0 192 192 10000000 56 20 14 54 103 17
1 192 193 10000000 59 137 32 44 71 22
1 192 194 10000000 64 185 61 47 34 43
0 195 195 10000000 51 17 12 51 99 17
1 195 196 10000000 58 180 48 45 48 30
1 195 197 10000000 60 206 78 47 59 40
0 198 198 10000000 60 18 13 53 103 18
1 198 199 10000000 63 125 51 49 556 22
1 198 200 10000000 56 195 58 47 56 39
0 201 201 10000000 790 20 13 59 606 18
1 201 202 10000000 57 223 53 47 35 39
1 201 203 10000000 56 116 38 47 68 19
0 204 204 10000000 55 18 13 58 115 19
1 204 205 10000000 57 175 43 49 31 43
1 204 206 10000000 56 168 47 50 30 37
0 207 207 10000000 54 20 13 41 89 17
1 207 208 10000000 56 111 22 34 74 15
1 207 209 10000000 66 107 157 35 61 14
0 210 210 10000000 58 17 13 44 99 17
1 210 211 10000000 61 212 65 38 58 39
1 210 212 10000000 56 189 70 38 60 39
0 213 213 10000000 57 16 12 49 99 16
1 213 214 10000000 56 106 19 40 63 15
1 213 215 10000000 58 211 72 41 60 54
0 216 216 10000000 59 20 14 54 93 16
1 216 217 10000000 56 222 42 42 77 20
1 216 218 10000000 60 197 78 43 69 56
0 219 219 10000000 57 17 13 50 87 17
1 219 220 10000000 56 165 64 50 36 32
1 219 221 10000000 52 98 17 44 18 13
0 222 222 10000000 56 17 13 51 97 17
1 222 223 10000000 58 179 48 48 30 40
1 222 224 10000000 61 124 51 46 72 21
0 225 225 10000000 314 28 60 56 328 19
1 225 226 10000000 64 196 65 48 50 32
1 225 227 10000000 53 159 52 45 35 36
0 228 228 10000000 64 19 13 69 395 21
1 228 229 10000000 53 164 45 49 29 71
1 228 230 10000000 52 114 56 48 74 23
0 231 231 10000000 60 18 13 62 1154 55
1 231 232 10000000 52 112 19 51 69 15
1 231 233 10000000 54 104 19 48 60 14
0 234 234 10000000 55 20 14 70 99 18
1 234 235 10000000 61 170 71 51 34 28
1 234 236 10000000 57 169 49 54 33 41
0 237 237 10000000 72 18 13 88 211 16
1 237 238 10000000 58 176 46 57 29 37
1 237 239 10000000 61 205 55 59 55 31
0 240 240 10000000 56 21 13 65 103 20
1 240 241 10000000 54 104 20 56 71 15
1 240 242 10000000 58 195 81 56 107 81
0 243 243 10000000 58 18 14 41 101 20
1 243 244 10000000 55 95 19 34 71 15
1 243 245 10000000 55 201 98 35 72 49
0 246 246 10000000 59 16 13 45 100 16
1 246 247 10000000 58 105 25 38 65 15
1 246 248 10000000 56 227 88 35 66 48
0 249 249 10000000 58 16 13 48 95 16
1 249 250 10000000 56 185 59 39 52 33
1 249 251 10000000 59 203 73 43 69 59
0 252 252 10000000 59 16 13 48 91 23
1 252 253 10000000 61 164 44 43 29 34
1 252 254 10000000 62 190 63 44 52 39
0 255 255 10000000 58 16 13 45 92 18
1 255 256 10000000 56 172 51 41 35 38
1 255 257 10000000 60 179 59 42 52 35
0 258 258 10000000 61 17 13 56 99 16
1 258 259 10000000 62 176 60 43 51 34
1 258 260 10000000 61 212 90 44 66 48
0 261 261 10000000 79 23 17 60 158 91
1 261 262 10000000 65 156 38 60 93 22
1 261 263 10000000 103 243 70 59 58 38
