0 0 0 10000000 32 19 15 29 117 18
1 0 1 10000000 29 99 23 27 84 14
1 0 2 10000000 35 76 23 27 20 15
0 3 3 10000000 29 16 13 32 93 16
1 3 4 10000000 32 100 26 28 78 19
1 3 5 10000000 31 71 19 28 18 13
0 6 6 10000000 33 17 12 33 112 22
1 6 7 10000000 30 89 29 30 65 19
1 6 8 10000000 33 81 17 29 18 13
0 9 9 10000000 29 17 13 36 99 16
1 9 10 10000000 34 84 24 29 60 19
1 9 11 10000000 30 75 17 30 17 14
0 12 12 10000000 35 20 14 43 117 23
1 12 13 10000000 31 85 26 32 61 20
1 12 14 10000000 33 77 23 30 17 13
0 15 15 10000000 29 17 14 41 114 19
1 15 16 10000000 30 82 23 30 66 25
1 15 17 10000000 31 74 18 31 17 12
0 18 18 10000000 28 17 12 44 114 18
1 18 19 10000000 31 89 24 33 76 20
1 18 20 10000000 30 74 17 32 19 13
0 21 21 10000000 30 17 13 39 92 21
1 21 22 10000000 32 83 27 33 73 22
1 21 23 10000000 30 76 20 34 16 14
0 24 24 10000000 29 21 13 44 107 18
1 24 25 10000000 30 126 43 33 34 26
1 24 26 10000000 31 76 17 34 18 14
0 27 27 10000000 28 18 14 45 100 20
1 27 28 10000000 47 133 26 37 103 22
1 27 29 10000000 31 94 17 34 17 12
0 30 30 10000000 30 16 12 45 87 16
1 30 31 10000000 31 102 26 35 70 22
1 30 32 10000000 32 75 18 35 16 14
0 33 33 10000000 32 21 14 47 115 17
1 33 34 10000000 33 89 24 35 71 20
1 33 35 10000000 33 100 17 37 19 12
0 36 36 10000000 29 17 13 46 102 19
1 36 37 10000000 31 80 24 36 70 19
1 36 38 10000000 31 81 17 35 17 14
0 39 39 10000000 50 25 14 38 130 26
1 39 40 10000000 39 84 23 26 68 22
1 39 41 10000000 39 74 20 26 20 18
0 42 42 10000000 40 17 14 32 94 22
1 42 43 10000000 46 143 28 35 89 20
1 42 44 10000000 51 153 23 42 23 20
0 45 45 10000000 42 18 14 31 96 19
1 45 46 10000000 40 86 23 28 67 21
1 45 47 10000000 41 83 25 28 20 14
0 48 48 10000000 43 17 16 34 100 20
1 48 49 10000000 39 86 25 28 68 22
1 48 50 10000000 46 91 19 30 20 14
0 51 51 10000000 43 62 14 34 104 19
1 51 52 10000000 41 526 40 29 52 29
1 51 53 10000000 40 74 18 28 17 13
0 54 54 10000000 44 19 16 39 111 20
1 54 55 10000000 40 145 44 30 31 39
1 54 56 10000000 40 93 19 30 18 13
0 57 57 10000000 44 18 12 39 103 20
1 57 58 10000000 42 85 23 31 68 21
1 57 59 10000000 40 78 19 33 18 15
0 60 60 10000000 59 21 14 46 130 20
1 60 61 10000000 41 156 28 33 28 21
1 60 62 10000000 39 71 18 31 18 13
0 63 63 10000000 43 17 13 44 100 17
1 63 64 10000000 42 106 26 35 44 19
1 63 65 10000000 40 76 18 37 19 13
0 66 66 10000000 47 18 14 40 98 18
1 66 67 10000000 42 171 64 34 47 35
1 66 68 10000000 41 106 20 34 19 12
0 69 69 10000000 43 17 12 43 97 17
1 69 70 10000000 40 83 21 35 60 22
1 69 71 10000000 40 77 16 36 18 14
0 72 72 10000000 40 17 12 42 101 18
1 72 73 10000000 41 165 52 34 47 25
1 72 74 10000000 38 73 19 36 17 15
0 75 75 10000000 47 19 14 44 141 19
1 75 76 10000000 39 131 27 36 61 51
1 75 77 10000000 44 74 23 35 19 13
0 78 78 10000000 56 17 12 30 86 20
1 78 79 10000000 54 215 97 29 56 48
1 78 80 10000000 52 85 23 27 17 12
0 81 81 10000000 53 16 16 31 103 18
1 81 82 10000000 53 135 50 29 33 35
1 81 83 10000000 53 77 21 28 16 13
0 84 84 10000000 56 19 13 35 102 17
1 84 85 10000000 56 148 46 30 34 41
1 84 86 10000000 53 72 17 29 16 12
0 87 87 10000000 59 20 14 37 113 20
1 87 88 10000000 54 168 51 30 33 36
1 87 89 10000000 51 79 16 30 18 13
0 90 90 10000000 56 18 14 39 109 17
1 90 91 10000000 53 148 55 30 32 35
1 90 92 10000000 52 91 19 30 17 13
0 93 93 10000000 55 19 13 38 106 17
1 93 94 10000000 55 89 26 31 65 21
1 93 95 10000000 52 73 16 32 19 14
0 96 96 10000000 53 19 13 39 149 18
1 96 97 10000000 53 98 30 32 60 21
1 96 98 10000000 53 75 667 36 19 17
0 99 99 10000000 60 31 13 59 519 17
1 99 100 10000000 54 89 20 32 60 15
1 99 101 10000000 52 81 18 33 18 17
0 102 102 10000000 56 19 12 43 103 17
1 102 103 10000000 53 206 88 38 51 45
1 102 104 10000000 51 83 18 33 21 13
0 105 105 10000000 54 17 13 42 99 17
1 105 106 10000000 55 99 25 33 67 22
1 105 107 10000000 96 376 27 61 25 17
0 108 108 10000000 54 16 12 48 99 17
1 108 109 10000000 50 134 58 33 31 27
1 108 110 10000000 51 75 17 34 17 13
0 111 111 10000000 51 16 13 48 102 18
1 111 112 10000000 54 173 72 38 36 30
1 111 113 10000000 52 98 17 39 21 15
0 114 114 10000000 57 17 13 47 102 17
1 114 115 10000000 52 167 68 34 32 25
1 114 116 10000000 50 73 17 35 16 15
0 117 117 10000000 75 18 13 29 85 19
1 117 118 10000000 63 193 78 26 57 37
1 117 119 10000000 60 75 18 26 20 12
0 120 120 10000000 72 18 14 36 96 16
1 120 121 10000000 66 147 62 30 36 28
1 120 122 10000000 65 72 17 28 17 13
0 123 123 10000000 71 17 15 38 105 17
1 123 124 10000000 66 181 65 28 57 38
1 123 125 10000000 64 74 18 28 16 17
0 126 126 10000000 70 17 12 34 104 18
1 126 127 10000000 63 158 68 29 46 30
1 126 128 10000000 64 204 90 32 57 45
0 129 129 10000000 70 16 14 36 97 17
1 129 130 10000000 66 86 26 30 71 21
1 129 131 10000000 62 76 18 30 16 12
0 132 132 10000000 68 17 15 36 104 18
1 132 133 10000000 66 151 51 31 34 38
1 132 134 10000000 62 75 16 31 17 12
0 135 135 10000000 68 17 12 40 103 16
1 135 136 10000000 64 174 64 31 47 29
1 135 137 10000000 62 75 20 31 17 13
0 138 138 10000000 76 18 12 38 100 19
1 138 139 10000000 61 181 88 32 60 48
1 138 140 10000000 66 75 17 32 22 13
0 141 141 10000000 84 20 13 45 131 26
1 141 142 10000000 65 202 62 34 53 35
1 141 143 10000000 62 84 17 32 18 12
0 144 144 10000000 77 17 14 44 108 19
1 144 145 10000000 67 195 81 35 57 51
1 144 146 10000000 68 117 18 40 17 13
0 147 147 10000000 76 17 14 43 107 20
1 147 148 10000000 64 184 67 34 50 35
1 147 149 10000000 65 98 18 34 17 12
0 150 150 10000000 73 16 13 46 99 16
1 150 151 10000000 65 177 63 36 46 27
1 150 152 10000000 68 124 26 46 19 14
0 153 153 10000000 79 23 15 47 110 21
1 153 154 10000000 65 155 70 37 34 28
1 153 155 10000000 67 95 20 35 20 16
0 156 156 10000000 87 19 14 37 117 21
1 156 157 10000000 71 157 78 29 51 38
1 156 158 10000000 74 224 132 28 64 40
1 156 159 10000000 72 147 75 31 49 29
0 160 160 10000000 101 22 13 39 138 23
1 160 161 10000000 74 152 67 31 47 29
1 160 162 10000000 73 90 18 31 17 16
0 163 163 10000000 82 18 14 42 93 16
1 163 164 10000000 70 161 67 32 49 39
1 163 165 10000000 73 91 18 31 18 13
0 166 166 10000000 90 19 13 47 117 21
1 166 167 10000000 71 178 45 33 31 36
1 166 168 10000000 72 91 21 33 20 15
0 169 169 10000000 114 24 13 48 149 28
1 169 170 10000000 77 107 27 33 66 18
1 169 171 10000000 77 107 19 36 18 13
0 172 172 10000000 84 18 13 45 108 19
1 172 173 10000000 72 86 21 34 69 20
1 172 174 10000000 72 78 17 34 18 16
0 175 175 10000000 91 17 19 48 115 17
1 175 176 10000000 73 169 58 35 49 36
1 175 177 10000000 71 80 18 38 17 14
0 178 178 10000000 84 16 12 44 101 18
1 178 179 10000000 72 204 68 35 54 36
1 178 180 10000000 74 99 22 36 18 14
0 181 181 10000000 82 17 13 44 98 17
1 181 182 10000000 72 288 128 40 76 67
1 181 183 10000000 71 87 16 39 19 13
0 184 184 10000000 84 19 13 47 104 18
1 184 185 10000000 71 146 47 37 33 33
1 184 186 10000000 71 100 18 36 18 15
0 187 187 10000000 88 16 13 45 94 17
1 187 188 10000000 72 218 102 37 69 64
1 187 189 10000000 77 113 22 46 18 15
0 190 190 10000000 93 17 13 49 110 19
1 190 191 10000000 71 162 69 39 48 30
1 190 192 10000000 75 94 18 44 17 12
0 193 193 10000000 89 17 14 48 99 20
1 193 194 10000000 73 105 26 38 97 43
1 193 195 10000000 69 77 18 37 19 13
0 196 196 10000000 97 26 29 34 97 21
1 196 197 10000000 80 136 54 30 34 23
1 196 198 10000000 83 97 17 30 19 13
0 199 199 10000000 100 28 44 38 99 18
1 199 200 10000000 79 180 95 29 90 96
1 199 201 10000000 84 96 43 30 73 21
0 202 202 10000000 97 27 33 37 111 18
1 202 203 10000000 78 267 83 30 94 92
1 202 204 10000000 84 107 21 31 19 13
0 205 205 10000000 102 19 16 38 112 19
1 205 206 10000000 89 190 48 36 82 77
1 205 207 10000000 82 202 78 33 50 34
1 205 208 10000000 81 187 43 33 82 75
0 209 209 10000000 99 22 29 41 102 19
1 209 210 10000000 83 180 58 31 47 29
1 209 211 10000000 84 189 67 37 47 29
1 209 212 10000000 82 220 87 31 109 113
0 213 213 10000000 102 17 13 41 95 17
1 213 214 10000000 81 213 110 33 59 54
1 213 215 10000000 81 179 89 35 61 55
1 213 216 10000000 81 219 103 34 111 107
0 217 217 10000000 98 17 13 44 109 16
1 217 218 10000000 81 197 85 38 102 91
1 217 219 10000000 82 172 70 36 49 31
1 217 220 10000000 88 176 59 36 90 90
0 221 221 10000000 102 23 34 54 107 17
1 221 222 10000000 86 184 67 40 51 40
1 221 223 10000000 80 75 16 37 18 13
0 224 224 10000000 101 24 29 46 98 16
1 224 225 10000000 81 275 135 37 134 118
1 224 226 10000000 82 71 16 35 17 13
0 227 227 10000000 109 25 28 44 96 17
1 227 228 10000000 79 198 100 37 59 37
1 227 229 10000000 81 88 18 36 17 13
0 230 230 10000000 97 22 27 45 99 16
1 230 231 10000000 77 229 105 37 95 214
1 230 232 10000000 88 141 59 43 117 22
0 233 233 10000000 98 30 46 46 99 17
1 233 234 10000000 82 166 45 38 34 39
1 233 235 10000000 81 184 42 38 85 20
0 236 236 10000000 97 23 29 46 100 21
1 236 237 10000000 79 167 72 38 52 33
1 236 238 10000000 78 75 20 39 17 12
0 239 239 10000000 95 25 28 48 99 17
1 239 240 10000000 83 229 93 40 87 118
1 239 241 10000000 80 99 53 43 74 21
0 242 242 10000000 112 23 33 267 127 18
1 242 243 10000000 84 201 69 40 60 54
1 242 244 10000000 79 106 44 41 68 22
0 245 245 10000000 103 24 30 51 101 17
1 245 246 10000000 79 175 69 40 49 32
1 245 247 10000000 81 84 25 39 174 15
0 248 248 10000000 112 17 13 66 112 211
1 248 249 10000000 495 195 76 49 34 29
1 248 250 10000000 88 178 81 46 50 36
0 251 251 10000000 95 23 29 54 92 20
1 251 252 10000000 92 259 118 54 102 118
1 251 253 10000000 82 139 73 44 67 65
0 254 254 10000000 96 18 13 57 106 33
1 254 255 10000000 80 174 84 44 54 53
1 254 256 10000000 79 190 110 44 70 48
1 254 257 10000000 86 191 78 44 58 49
0 258 258 10000000 104 18 15 60 96 17
1 258 259 10000000 81 208 77 46 102 56
1 258 260 10000000 80 164 48 47 36 31
0 261 261 10000000 98 18 14 57 97 16
1 261 262 10000000 83 186 59 50 52 32
1 261 263 10000000 83 230 112 45 233 233
0 264 264 10000000 106 21 13 51 104 19
1 264 265 10000000 86 260 143 46 54 48
1 264 266 10000000 86 234 138 43 109 105
0 267 267 10000000 104 19 13 55 102 16
1 267 268 10000000 81 176 90 44 186 169
1 267 269 10000000 79 167 80 43 48 30
0 270 270 10000000 109 18 13 57 107 18
1 270 271 10000000 83 315 144 51 59 67
1 270 272 10000000 80 192 92 45 53 52
0 273 273 10000000 105 18 13 59 111 21
1 273 274 10000000 81 202 87 45 165 163
1 273 275 10000000 94 190 60 50 30 46
0 276 276 10000000 102 51 13 57 101 18
1 276 277 10000000 78 86 26 47 147 109
1 276 278 10000000 91 125 42 51 81 21
0 279 279 10000000 99 16 11 58 100 34
1 279 280 10000000 80 185 60 47 114 123
1 279 281 10000000 125 188 78 48 49 30
0 282 282 10000000 104 18 14 65 105 21
1 282 283 10000000 78 161 49 49 31 35
1 282 284 10000000 82 172 67 48 45 28
0 285 285 10000000 106 20 12 1610 116 16
1 285 286 10000000 81 265 62 56 52 33
1 285 287 10000000 82 170 79 50 57 48
1 285 288 10000000 83 172 49 49 33 39
0 289 289 10000000 104 16 13 67 101 17
1 289 290 10000000 81 227 98 53 195 206
1 289 291 10000000 83 136 57 54 28 31
0 292 292 10000000 99 16 12 68 98 16
1 292 293 10000000 79 192 55 63 181 197
1 292 294 10000000 82 239 112 58 160 173
0 295 295 10000000 97 30 46 70 103 19
1 295 296 10000000 92 268 132 62 173 180
1 295 297 10000000 87 338 186 54 200 368
0 298 298 10000000 101 17 12 69 100 17
1 298 299 10000000 82 267 137 51 79 67
1 298 300 10000000 77 324 188 52 187 265
0 301 301 10000000 90 22 27 69 95 18
1 301 302 10000000 70 238 140 57 52 47
1 301 303 10000000 71 240 149 56 76 83
1 301 304 10000000 68 232 134 66 51 49
0 305 305 10000000 88 22 29 67 95 17
1 305 306 10000000 71 239 135 62 52 48
1 305 307 10000000 72 245 144 55 74 78
0 308 308 10000000 84 32 48 69 98 16
1 308 309 10000000 71 142 30 58 28 32
1 308 310 10000000 71 211 94 57 49 36
0 311 311 10000000 88 16 12 64 98 17
1 311 312 10000000 93 362 137 108 221 189
1 311 313 10000000 69 328 61 60 58 67
0 314 314 10000000 85 23 33 72 97 15
1 314 315 10000000 72 203 95 59 220 192
1 314 316 10000000 70 90 23 61 72 19
0 317 317 10000000 86 65 48 72 99 23
1 317 318 10000000 72 162 52 65 44 44
1 317 319 10000000 70 168 65 61 95 102
0 320 320 10000000 88 31 48 74 99 18
1 320 321 10000000 71 162 43 60 34 23
1 320 322 10000000 71 196 84 60 52 49
0 323 323 10000000 94 16 12 77 105 23
1 323 324 10000000 71 216 98 68 82 72
1 323 325 10000000 69 151 69 63 47 39
0 326 326 10000000 85 22 28 78 102 17
1 326 327 10000000 69 168 74 64 62 68
1 326 328 10000000 65 164 82 63 50 37
0 329 329 10000000 90 30 50 77 91 19
1 329 330 10000000 71 168 60 65 56 45
1 329 331 10000000 71 216 117 66 62 46
0 332 332 10000000 96 22 30 75 98 18
1 332 333 10000000 66 187 84 62 68 76
1 332 334 10000000 71 248 140 60 75 80
0 335 335 10000000 84 29 47 77 104 16
1 335 336 10000000 69 145 55 61 67 61
1 335 337 10000000 69 307 168 63 96 102
0 338 338 10000000 89 22 30 71 101 17
1 338 339 10000000 70 204 99 62 85 68
1 338 340 10000000 69 292 135 66 92 80
0 341 341 10000000 86 23 32 76 104 17
1 341 342 10000000 69 142 58 62 49 36
1 341 343 10000000 70 282 142 61 87 83
0 344 344 10000000 87 62 53 75 191 103
1 344 345 10000000 72 176 61 74 49 51
1 344 346 10000000 73 414 393 66 229 218
1 344 347 10000000 70 190 94 62 107 92
0 348 348 10000000 91 30 53 77 106 18
1 348 349 10000000 72 176 85 66 83 80
1 348 350 10000000 167 195 58 109 97 43
0 351 351 10000000 84 16 12 89 98 18
1 351 352 10000000 69 172 56 66 95 101
1 351 353 10000000 67 189 81 67 45 39
0 354 354 10000000 88 30 49 73 99 18
1 354 355 10000000 69 163 57 66 81 67
1 354 356 10000000 67 376 322 64 227 258
1 354 357 10000000 71 289 149 65 210 379
0 358 358 10000000 89 31 45 77 102 17
1 358 359 10000000 75 208 98 66 99 79
1 358 360 10000000 74 131 502 68 71 50
0 361 361 10000000 141 139 33 99 190 73
1 361 362 10000000 66 172 87 62 397 463
1 361 363 10000000 68 185 95 62 306 414
0 364 364 10000000 88 50 79 77 112 20
1 364 365 10000000 76 219 135 56 103 106
1 364 366 10000000 83 297 180 75 115 129
0 367 367 10000000 90 18 13 73 96 20
1 367 368 10000000 78 203 91 58 123 119
1 367 369 10000000 81 385 212 65 145 309
1 367 370 10000000 73 327 194 59 273 396
0 371 371 10000000 93 26 31 74 100 17
1 371 372 10000000 80 121 30 66 80 19
1 371 373 10000000 76 82 18 57 16 14
0 374 374 10000000 89 16 13 75 91 17
1 374 375 10000000 75 345 222 61 773 756
1 374 376 10000000 73 268 155 60 116 126
1 374 377 10000000 77 381 252 73 917 659
0 378 378 10000000 94 30 46 77 95 15
1 378 379 10000000 76 180 89 65 199 201
1 378 380 10000000 73 73 16 62 17 13
1 378 381 10000000 74 206 92 63 239 386
0 382 382 10000000 89 27 46 80 91 15
1 382 383 10000000 80 249 139 84 402 463
1 382 384 10000000 83 212 114 74 80 72
1 382 385 10000000 80 217 93 76 198 179
0 386 386 10000000 97 30 53 78 97 18
1 386 387 10000000 77 265 259 68 482 417
1 386 388 10000000 75 290 162 78 202 350
0 389 389 10000000 92 23 30 78 103 22
1 389 390 10000000 74 320 311 66 326 333
1 389 391 10000000 78 114 43 70 73 19
0 392 392 10000000 88 16 13 81 96 16
1 392 393 10000000 75 256 149 65 135 143
1 392 394 10000000 74 408 251 66 351 293
1 392 395 10000000 76 376 394 68 195 245
0 396 396 10000000 95 22 29 82 101 17
1 396 397 10000000 74 287 168 71 122 130
1 396 398 10000000 72 74 16 66 16 13
0 399 399 10000000 94 96 66 83 139 79
1 399 400 10000000 80 189 94 69 56 51
1 399 401 10000000 78 283 134 79 78 73
1 399 402 10000000 77 310 186 72 180 354
0 403 403 10000000 89 30 52 81 102 19
1 403 404 10000000 75 262 133 68 114 122
1 403 405 10000000 83 206 96 79 47 34
0 406 406 10000000 90 89 32 83 115 47
1 406 407 10000000 77 217 75 68 254 203
1 406 408 10000000 79 457 270 66 901 679
1 406 409 10000000 74 371 227 67 460 389
0 410 410 10000000 88 41 79 81 166 19
1 410 411 10000000 73 195 79 71 242 207
1 410 412 10000000 74 260 167 74 131 137
0 413 413 10000000 89 62 26 73 109 52
1 413 414 10000000 79 222 124 66 326 683
1 413 415 10000000 75 494 340 62 605 528
1 413 416 10000000 79 400 312 63 619 600
0 417 417 10000000 86 30 46 73 95 15
1 417 418 10000000 89 187 81 72 408 470
1 417 419 10000000 76 250 74 64 62 56
0 420 420 10000000 89 16 14 75 103 19
1 420 421 10000000 78 318 290 62 398 421
1 420 422 10000000 77 147 65 63 63 55
0 423 423 10000000 98 69 58 76 200 116
1 423 424 10000000 81 293 324 64 373 428
1 423 425 10000000 82 559 412 89 612 617
1 423 426 10000000 86 595 407 96 1001 764
0 427 427 10000000 91 22 13 78 98 20
1 427 428 10000000 79 184 69 68 316 269
1 427 429 10000000 79 278 154 71 372 484
0 430 430 10000000 90 69 27 80 139 75
1 430 431 10000000 79 216 152 65 203 187
1 430 432 10000000 80 396 257 68 488 547
1 430 433 10000000 76 486 334 67 822 694
0 434 434 10000000 89 24 31 78 101 20
1 434 435 10000000 78 259 157 65 369 491
1 434 436 10000000 80 260 160 67 359 464
0 437 437 10000000 96 43 73 81 103 18
1 437 438 10000000 83 317 496 81 514 396
1 437 439 10000000 76 429 272 69 532 542
0 440 440 10000000 91 259 240 79 180 79
1 440 441 10000000 85 240 106 106 323 494
1 440 442 10000000 81 397 225 79 487 419
1 440 443 10000000 76 400 279 73 530 528
0 444 444 10000000 89 19 12 85 178 15
1 444 445 10000000 94 301 165 82 328 497
1 444 446 10000000 82 111 41 73 76 19
1 444 447 10000000 85 253 129 74 358 499
0 448 448 10000000 96 19 13 86 100 17
1 448 449 10000000 80 244 126 76 359 511
1 448 450 10000000 85 238 106 70 304 433
0 451 451 10000000 99 17 13 88 107 19
1 451 452 10000000 76 217 119 67 800 585
1 451 453 10000000 76 191 106 68 770 590
0 454 454 10000000 89 23 33 88 111 18
1 454 455 10000000 80 143 39 86 86 19
1 454 456 10000000 79 309 178 73 1081 679
0 457 457 10000000 87 128 83 85 131 82
1 457 458 10000000 88 205 91 75 96 80
1 457 459 10000000 79 738 719 68 999 823
1 457 460 10000000 81 588 476 68 1262 955
0 461 461 10000000 90 23 29 88 111 18
1 461 462 10000000 164 276 174 79 1547 675
1 461 463 10000000 83 305 183 86 815 902
1 461 464 10000000 86 270 163 89 780 1134
0 465 465 10000000 91 18 13 92 102 18
1 465 466 10000000 79 232 108 82 810 618
1 465 467 10000000 78 322 103 79 826 611
1 465 468 10000000 81 394 63 95 53 40
0 469 469 10000000 95 659 105 92 108 18
1 469 470 10000000 78 194 106 77 779 619
1 469 471 10000000 80 209 105 70 813 611
1 469 472 10000000 77 276 162 72 840 635
0 473 473 10000000 90 19 13 86 96 20
1 473 474 10000000 82 388 169 92 970 999
1 473 475 10000000 77 187 109 78 770 611
0 476 476 10000000 91 19 15 90 116 19
1 476 477 10000000 78 168 57 74 52 38
1 476 478 10000000 77 98 17 82 18 15
0 479 479 10000000 90 19 13 91 95 17
1 479 480 10000000 82 284 166 84 1377 1003
1 479 481 10000000 80 94 77 73 169 125
0 482 482 10000000 93 24 28 96 95 17
1 482 483 10000000 79 190 89 72 946 725
1 482 484 10000000 78 119 43 77 72 22
0 485 485 10000000 89 18 13 92 93 17
1 485 486 10000000 77 286 163 74 880 715
1 485 487 10000000 76 205 127 77 836 675
0 488 488 10000000 94 185 169 94 175 96
1 488 489 10000000 79 211 94 77 754 678
1 488 490 10000000 80 723 487 75 1209 1020
1 488 491 10000000 77 559 468 76 1316 1044
0 492 492 10000000 94 174 164 95 180 80
1 492 493 10000000 81 1703 201 80 1204 844
1 492 494 10000000 77 250 139 73 575 485
0 495 495 10000000 90 17 13 96 103 42
1 495 496 10000000 81 292 184 84 807 623
1 495 497 10000000 78 84 19 74 55 12
0 498 498 10000000 94 55 71 97 97 56
1 498 499 10000000 79 157 58 78 327 274
1 498 500 10000000 77 139 61 79 171 176
0 501 501 10000000 91 106 126 97 181 105
1 501 502 10000000 83 242 160 88 604 518
1 501 503 10000000 80 214 103 84 479 399
0 504 504 10000000 111 161 69 113 167 110
1 504 505 10000000 77 221 141 84 1662 874
1 504 506 10000000 84 824 547 94 924 794
1 504 507 10000000 79 836 583 86 1375 1680
0 508 508 10000000 86 112 89 98 100 33
1 508 509 10000000 83 389 192 209 1072 1010
1 508 510 10000000 78 74 18 76 21 13
1 508 511 10000000 83 292 163 77 1020 906
0 512 512 10000000 92 23 32 87 92 18
1 512 513 10000000 73 327 240 73 1077 848
1 512 514 10000000 77 156 81 71 481 555
1 512 515 10000000 75 291 181 70 1450 975
0 516 516 10000000 91 17 13 88 99 17
1 516 517 10000000 75 223 129 73 511 581
1 516 518 10000000 73 142 53 71 30 38
1 516 519 10000000 116 334 169 74 1031 1047
0 520 520 10000000 86 25 29 89 92 17
1 520 521 10000000 75 284 162 72 628 636
1 520 522 10000000 79 94 18 78 17 13
0 523 523 10000000 87 23 33 90 92 18
1 523 524 10000000 75 108 26 77 75 20
1 523 525 10000000 75 101 23 79 64 21
0 526 526 10000000 86 19 13 90 96 17
1 526 527 10000000 75 176 86 76 1222 935
1 526 528 10000000 74 90 30 77 62 18
0 529 529 10000000 87 24 30 92 97 20
1 529 530 10000000 77 185 57 92 864 655
1 529 531 10000000 75 179 71 76 338 287
0 532 532 10000000 87 18 16 91 97 17
1 532 533 10000000 76 227 93 77 611 537
1 532 534 10000000 72 176 102 79 502 400
0 535 535 10000000 87 25 30 92 97 18
1 535 536 10000000 76 225 104 80 623 523
1 535 537 10000000 74 217 104 79 498 446
0 538 538 10000000 89 19 17 99 104 19
1 538 539 10000000 74 163 60 82 299 288
1 538 540 10000000 73 446 240 81 825 822
1 538 541 10000000 73 462 279 81 1523 965
0 542 542 10000000 84 19 12 97 100 16
1 542 543 10000000 75 235 98 76 493 379
1 542 544 10000000 82 172 56 82 34 37
1 542 545 10000000 81 235 161 78 1229 954
0 546 546 10000000 111 414 342 117 297 1829
1 546 547 10000000 73 283 150 78 1289 982
1 546 548 10000000 72 1314 583 87 1685 1273
1 546 549 10000000 76 555 414 78 3898 1409
0 550 550 10000000 110 298 241 107 209 113
1 550 551 10000000 80 190 74 82 761 960
1 550 552 10000000 74 207 71 94 605 499
1 550 553 10000000 76 175 1164 81 1240 962
0 554 554 10000000 93 25 31 99 95 17
1 554 555 10000000 73 218 92 89 1117 883
1 554 556 10000000 103 290 112 140 654 983
1 554 557 10000000 74 243 109 80 1078 857
0 558 558 10000000 91 18 13 106 108 19
1 558 559 10000000 80 209 96 83 1204 898
1 558 560 10000000 71 202 103 93 636 511
1 558 561 10000000 75 219 98 82 662 526
0 562 562 10000000 93 24 32 103 98 18
1 562 563 10000000 78 269 140 93 1342 1020
1 562 564 10000000 76 167 52 82 26 32
0 565 565 10000000 86 32 48 108 96 18
1 565 566 10000000 77 193 74 84 1018 775
1 565 567 10000000 75 1051 439 86 1384 1078
1 565 568 10000000 76 540 325 99 1578 1080
0 569 569 10000000 85 286 216 107 101 37
1 569 570 10000000 79 290 144 88 1171 868
1 569 571 10000000 71 87 19 84 18 13
1 569 572 10000000 77 360 185 87 1258 963
0 573 573 10000000 105 31 31 290 135 17
1 573 574 10000000 77 227 96 88 1250 920
1 573 575 10000000 76 161 52 85 28 30
1 573 576 10000000 82 253 73 118 935 622
0 577 577 10000000 93 32 48 108 98 17
1 577 578 10000000 77 216 76 87 1360 973
1 577 579 10000000 75 590 421 100 1344 1084
1 577 580 10000000 456 386 210 105 2673 1182
0 581 581 10000000 85 18 15 104 91 17
1 581 582 10000000 74 259 158 83 1870 1166
1 581 583 10000000 73 87 19 82 21 13
0 584 584 10000000 100 160 134 119 234 103
1 584 585 10000000 78 241 143 89 2243 1293
1 584 586 10000000 74 709 477 110 2022 1309
1 584 587 10000000 74 603 459 797 2234 1446
0 588 588 10000000 89 217 173 114 124 55
1 588 589 10000000 76 265 155 94 1854 1327
1 588 590 10000000 79 180 78 84 895 737
1 588 591 10000000 82 355 186 104 1942 1401
0 592 592 10000000 91 206 157 110 105 51
1 592 593 10000000 77 243 145 85 1736 1340
1 592 594 10000000 76 216 121 87 922 786
1 592 595 10000000 76 208 74 103 1412 996
0 596 596 10000000 91 25 31 112 117 21
1 596 597 10000000 75 181 68 85 938 669
1 596 598 10000000 75 226 95 101 907 803
0 599 599 10000000 97 221 164 114 137 71
1 599 600 10000000 74 116 50 87 464 343
1 599 601 10000000 72 82 17 84 20 13
1 599 602 10000000 73 227 117 85 1637 1222
0 603 603 10000000 95 266 232 107 219 107
1 603 604 10000000 79 369 95 321 1674 1174
1 603 605 10000000 75 82 19 88 58 15
0 606 606 10000000 88 23 30 107 96 17
1 606 607 10000000 76 190 63 96 1231 910
1 606 608 10000000 74 95 18 87 21 15
0 609 609 10000000 98 116 118 114 195 87
1 609 610 10000000 74 97 21 88 63 13
1 609 611 10000000 76 1077 618 88 1779 1258
1 609 612 10000000 76 217 102 90 1365 1004
0 613 613 10000000 88 372 305 105 243 162
1 613 614 10000000 75 196 96 80 1518 1061
1 613 615 10000000 77 105 18 80 61 13
1 613 616 10000000 75 162 57 82 1318 1021
0 617 617 10000000 90 34 60 90 91 16
1 617 618 10000000 76 92 19 79 59 13
1 617 619 10000000 77 997 617 89 1629 3005
1 617 620 10000000 74 480 340 85 2103 1128
0 621 621 10000000 87 576 461 89 189 115
1 621 622 10000000 73 260 156 79 984 763
1 621 623 10000000 76 321 258 94 1048 871
1 621 624 10000000 71 520 328 79 1721 948
0 625 625 10000000 93 574 511 91 198 123
1 625 626 10000000 299 498 285 104 1278 885
1 625 627 10000000 79 209 112 82 870 749
0 628 628 10000000 94 17 12 97 101 18
1 628 629 10000000 76 80 19 83 55 15
1 628 630 10000000 80 584 368 93 1450 955
1 628 631 10000000 75 493 380 80 1703 1251
0 632 632 10000000 99 25 35 94 101 17
1 632 633 10000000 76 290 191 77 956 792
1 632 634 10000000 76 192 73 77 419 351
1 632 635 10000000 77 276 159 78 949 805
0 636 636 10000000 91 90 54 97 123 132
1 636 637 10000000 73 326 194 80 1371 894
1 636 638 10000000 73 822 570 81 1445 1024
1 636 639 10000000 71 513 658 87 2022 1327
0 640 640 10000000 91 17 13 99 100 33
1 640 641 10000000 73 406 258 87 1492 905
1 640 642 10000000 75 111 21 88 61 12
0 643 643 10000000 92 564 511 97 246 166
1 643 644 10000000 77 253 165 81 902 689
1 643 645 10000000 74 98 23 85 69 18
0 646 646 10000000 92 219 182 101 213 126
1 646 647 10000000 75 171 25 91 69 19
1 646 648 10000000 76 414 276 92 1073 872
1 646 649 10000000 74 495 399 84 1530 969
0 650 650 10000000 89 24 12 102 103 36
1 650 651 10000000 74 370 261 89 1409 910
1 650 652 10000000 72 95 20 83 60 13
0 653 653 10000000 93 19 12 101 99 18
1 653 654 10000000 73 295 224 85 1080 781
1 653 655 10000000 75 225 128 83 709 527
0 656 656 10000000 93 44 72 99 113 58
1 656 657 10000000 76 245 158 89 323 1447
1 656 658 10000000 79 842 545 85 1387 972
1 656 659 10000000 72 477 359 85 1496 924
0 660 660 10000000 112 205 160 109 156 85
1 660 661 10000000 78 246 105 103 725 536
1 660 662 10000000 74 110 19 91 70 15
1 660 663 10000000 75 319 206 247 1099 826
0 664 664 10000000 90 305 246 102 108 33
1 664 665 10000000 75 235 111 81 1473 1064
1 664 666 10000000 77 100 19 81 57 13
0 667 667 10000000 95 574 552 98 311 807
1 667 668 10000000 72 151 66 82 494 445
1 667 669 10000000 73 267 169 82 1343 981
1 667 670 10000000 83 246 208 83 1375 1022
0 671 671 10000000 95 24 34 100 102 21
1 671 672 10000000 78 330 270 87 1264 866
1 671 673 10000000 73 301 194 82 885 720
1 671 674 10000000 75 381 308 82 1801 1086
0 675 675 10000000 91 78 33 103 107 59
1 675 676 10000000 75 276 204 83 1013 821
1 675 677 10000000 74 89 18 84 17 14
1 675 678 10000000 74 274 161 98 2405 677
0 679 679 10000000 93 36 73 102 98 35
1 679 680 10000000 74 85 19 84 60 14
1 679 681 10000000 74 202 122 84 562 467
1 679 682 10000000 74 82 25 84 66 19
0 683 683 10000000 105 607 604 113 360 332
1 683 684 10000000 79 394 241 106 867 790
1 683 685 10000000 84 121 21 96 67 15
1 683 686 10000000 75 273 174 93 770 541
0 687 687 10000000 89 567 471 105 235 147
1 687 688 10000000 74 254 153 88 626 470
1 687 689 10000000 76 220 134 86 591 470
0 690 690 10000000 92 87 33 106 115 53
1 690 691 10000000 77 309 202 91 831 727
1 690 692 10000000 78 233 134 100 568 476
0 693 693 10000000 92 18 12 107 97 18
1 693 694 10000000 76 255 142 90 625 468
1 693 695 10000000 84 258 133 110 567 474
0 696 696 10000000 93 29 48 106 93 17
1 696 697 10000000 76 559 201 107 803 550
1 696 698 10000000 75 224 133 93 576 466
0 699 699 10000000 96 464 368 108 105 32
1 699 700 10000000 77 207 103 93 532 423
1 699 701 10000000 75 866 551 96 1502 1102
1 699 702 10000000 82 406 235 96 1500 1005
0 703 703 10000000 92 53 38 109 193 109
1 703 704 10000000 78 374 229 90 1466 965
1 703 705 10000000 74 310 327 92 1033 1107
0 706 706 10000000 135 378 248 142 203 131
1 706 707 10000000 84 322 228 97 1969 1442
1 706 708 10000000 1611 514 730 118 4530 1508
1 706 709 10000000 73 434 338 91 2112 1385
0 710 710 10000000 79 32 49 89 96 17
1 710 711 10000000 68 193 683 75 989 766
1 710 712 10000000 68 85 19 75 17 15
1 710 713 10000000 68 299 167 270 1271 865
0 714 714 10000000 80 19 13 92 106 20
1 714 715 10000000 70 191 91 80 520 619
1 714 716 10000000 67 78 18 77 19 13
0 717 717 10000000 91 17 13 99 105 20
1 717 718 10000000 81 297 151 106 923 819
1 717 719 10000000 74 189 95 94 69 65
0 720 720 10000000 77 101 51 103 109 56
1 720 721 10000000 66 180 82 82 722 628
1 720 722 10000000 67 657 452 85 2467 1015
1 720 723 10000000 76 410 331 95 1160 952
0 724 724 10000000 80 21 27 99 97 16
1 724 725 10000000 76 211 104 98 1253 833
1 724 726 10000000 90 261 72 142 480 403
1 724 727 10000000 83 193 60 95 343 325
0 728 728 10000000 79 143 153 104 187 87
1 728 729 10000000 70 325 81 451 747 616
1 728 730 10000000 72 120 24 87 64 12
1 728 731 10000000 74 194 86 84 605 444
0 732 732 10000000 83 116 1384 102 181 104
1 732 733 10000000 70 218 110 83 556 439
1 732 734 10000000 69 200 78 82 106 126
0 735 735 10000000 85 17 13 98 90 17
1 735 736 10000000 71 157 46 84 215 185
1 735 737 10000000 70 104 21 98 60 13
0 738 738 10000000 81 42 67 99 121 57
1 738 739 10000000 70 100 20 87 63 14
1 738 740 10000000 68 352 188 83 1053 944
1 738 741 10000000 67 253 138 82 1111 877
0 742 742 10000000 81 111 96 99 170 98
1 742 743 10000000 66 174 66 85 346 300
1 742 744 10000000 73 185 66 85 63 65
1 742 745 10000000 72 211 65 87 450 369
0 746 746 10000000 90 26 39 103 105 19
1 746 747 10000000 68 157 63 85 326 274
1 746 748 10000000 69 165 58 86 57 59
1 746 749 10000000 69 197 68 91 458 368
0 750 750 10000000 83 38 48 106 94 20
1 750 751 10000000 72 271 145 92 912 1001
1 750 752 10000000 71 193 90 91 376 297
0 753 753 10000000 81 480 496 103 189 80
1 753 754 10000000 68 241 124 97 845 646
1 753 755 10000000 65 187 96 85 814 602
0 756 756 10000000 79 16 12 102 94 18
1 756 757 10000000 76 318 130 1456 1382 889
1 756 758 10000000 70 179 63 89 708 517
0 759 759 10000000 82 18 12 102 98 17
1 759 760 10000000 68 202 77 83 744 606
1 759 761 10000000 71 179 72 86 717 578
1 759 762 10000000 70 258 129 83 1254 962
0 763 763 10000000 79 23 18 100 112 51
1 763 764 10000000 73 202 79 116 830 667
1 763 765 10000000 68 405 214 81 1108 1309
1 763 766 10000000 70 230 91 89 654 550
0 767 767 10000000 83 91 33 102 116 66
1 767 768 10000000 80 209 60 819 470 355
1 767 769 10000000 72 165 60 85 90 75
1 767 770 10000000 71 179 58 85 523 408
0 771 771 10000000 86 32 48 108 97 19
1 771 772 10000000 67 169 79 83 233 190
1 771 773 10000000 68 526 325 83 1103 919
1 771 774 10000000 69 422 287 93 1122 803
0 775 775 10000000 84 96 57 106 134 76
1 775 776 10000000 68 258 142 82 705 609
1 775 777 10000000 70 162 73 84 106 91
1 775 778 10000000 72 253 126 85 695 541
0 779 779 10000000 214 18 13 100 102 19
1 779 780 10000000 66 258 154 84 839 738
1 779 781 10000000 66 174 91 87 575 432
0 782 782 10000000 85 411 325 112 331 244
1 782 783 10000000 71 251 109 98 690 478
1 782 784 10000000 70 787 313 97 1047 956
1 782 785 10000000 71 348 191 88 1170 845
0 786 786 10000000 82 24 35 110 103 20
1 786 787 10000000 69 182 94 88 779 492
1 786 788 10000000 68 146 46 89 36 44
1 786 789 10000000 98 198 127 126 320 297
0 790 790 10000000 87 421 355 107 372 270
1 790 791 10000000 78 203 77 103 889 741
1 790 792 10000000 72 87 19 84 53 12
0 793 793 10000000 99 24 31 91 107 20
1 793 794 10000000 79 227 114 76 1093 829
1 793 795 10000000 80 104 24 78 73 20
0 796 796 10000000 90 17 14 85 91 19
1 796 797 10000000 99 283 118 104 887 727
1 796 798 10000000 75 420 235 77 1061 784
1 796 799 10000000 79 491 374 77 1928 917
0 800 800 10000000 86 374 296 89 139 106
1 800 801 10000000 74 336 198 77 874 792
1 800 802 10000000 75 192 94 81 797 1704
1 800 803 10000000 79 328 202 78 885 801
0 804 804 10000000 129 382 319 119 308 176
1 804 805 10000000 76 258 418 80 683 638
1 804 806 10000000 76 603 368 80 985 809
1 804 807 10000000 75 613 373 78 1244 918
0 808 808 10000000 89 22 31 89 97 18
1 808 809 10000000 78 168 73 79 619 451
1 808 810 10000000 78 102 26 80 72 20
1 808 811 10000000 77 263 239 77 954 820
0 812 812 10000000 92 29 118 90 97 18
1 812 813 10000000 76 112 28 89 74 232
1 812 814 10000000 76 86 24 76 74 18
0 815 815 10000000 88 35 65 96 102 17
1 815 816 10000000 80 200 89 80 614 461
1 815 817 10000000 79 79 18 81 60 17
0 818 818 10000000 90 17 16 92 98 16
1 818 819 10000000 77 229 118 79 933 691
1 818 820 10000000 84 100 17 95 16 14
0 821 821 10000000 90 239 198 96 175 97
1 821 822 10000000 76 355 270 81 1072 754
1 821 823 10000000 76 607 358 80 976 805
1 821 824 10000000 72 569 388 87 1408 904
0 825 825 10000000 92 17 12 97 96 16
1 825 826 10000000 77 229 104 83 898 659
1 825 827 10000000 79 88 19 83 22 13
0 828 828 10000000 89 70 49 96 174 101
1 828 829 10000000 79 297 149 91 779 561
1 828 830 10000000 78 92 16 85 18 13
0 831 831 10000000 91 25 31 95 95 16
1 831 832 10000000 77 231 122 84 877 682
1 831 833 10000000 79 96 21 84 55 15
0 834 834 10000000 96 113 70 96 153 75
1 834 835 10000000 77 88 23 77 55 14
1 834 836 10000000 78 734 471 85 1506 1026
1 834 837 10000000 83 263 148 80 1510 1047
0 838 838 10000000 88 18 43 93 95 19
1 838 839 10000000 77 245 124 77 1229 941
1 838 840 10000000 75 664 434 84 1612 1036
1 838 841 10000000 74 651 489 77 1744 1146
0 842 842 10000000 89 18 13 93 93 20
1 842 843 10000000 74 228 113 80 1146 908
1 842 844 10000000 79 186 75 78 1058 781
1 842 845 10000000 76 255 125 83 1149 878
0 846 846 10000000 93 410 322 96 245 158
1 846 847 10000000 78 295 148 79 1157 893
1 846 848 10000000 74 107 26 86 68 22
0 849 849 10000000 90 24 34 97 97 17
1 849 850 10000000 108 382 21 82 61 25
1 849 851 10000000 79 859 487 83 1477 1084
1 849 852 10000000 88 836 588 106 1942 3031
0 853 853 10000000 93 411 323 96 210 111
1 853 854 10000000 79 210 104 80 1115 2411
1 853 855 10000000 79 397 284 80 899 761
1 853 856 10000000 77 378 305 84 1410 951
0 857 857 10000000 96 367 305 96 212 125
1 857 858 10000000 76 172 68 85 577 466
1 857 859 10000000 78 246 127 82 853 673
1 857 860 10000000 77 273 149 84 1029 822
0 861 861 10000000 91 36 48 102 110 18
1 861 862 10000000 75 236 161 82 1020 812
1 861 863 10000000 80 224 125 81 853 668
1 861 864 10000000 84 387 305 100 1091 945
0 865 865 10000000 89 398 318 99 290 212
1 865 866 10000000 78 188 92 85 759 585
1 865 867 10000000 77 112 24 87 69 22
1 865 868 10000000 76 204 93 85 762 554
0 869 869 10000000 98 205 81 100 127 72
1 869 870 10000000 83 296 139 97 1261 1173
1 869 871 10000000 87 242 104 116 1177 821
0 872 872 10000000 94 384 303 95 127 53
1 872 873 10000000 244 287 124 101 1188 979
1 872 874 10000000 76 169 88 81 852 652
0 875 875 10000000 91 32 51 103 101 20
1 875 876 10000000 76 111 22 83 69 15
1 875 877 10000000 85 111 23 92 65 20
0 878 878 10000000 86 517 529 102 236 165
1 878 879 10000000 82 305 233 82 1227 1108
1 878 880 10000000 80 303 171 81 1428 1961
0 881 881 10000000 93 21 13 103 96 22
1 881 882 10000000 81 239 113 92 927 810
1 881 883 10000000 75 394 588 81 1359 1295
1 881 884 10000000 76 256 187 80 925 855
0 885 885 10000000 93 383 306 98 128 62
1 885 886 10000000 79 301 220 95 1332 999
1 885 887 10000000 77 844 681 94 2019 1178
1 885 888 10000000 75 396 281 83 1478 1173
0 889 889 10000000 95 23 30 101 95 23
1 889 890 10000000 76 222 127 83 1009 832
1 889 891 10000000 78 176 89 82 821 688
1 889 892 10000000 76 193 320 85 1223 761
0 893 893 10000000 83 379 307 98 123 65
1 893 894 10000000 94 417 244 142 1306 1148
1 893 895 10000000 76 390 220 83 1384 1046
1 893 896 10000000 75 282 174 84 1097 844
0 897 897 10000000 107 124 71 106 149 95
1 897 898 10000000 74 259 144 82 1269 990
1 897 899 10000000 81 195 87 83 813 606
0 900 900 10000000 225 505 414 103 261 184
1 900 901 10000000 77 105 19 85 62 13
1 900 902 10000000 73 755 645 84 1505 1040
1 900 903 10000000 77 483 340 84 1529 1082
0 904 904 10000000 88 16 14 100 100 20
1 904 905 10000000 86 273 173 88 1532 958
1 904 906 10000000 87 438 219 123 1250 1087
1 904 907 10000000 75 317 170 84 1109 823
0 908 908 10000000 88 18 14 105 113 58
1 908 909 10000000 77 159 68 87 749 565
1 908 910 10000000 80 114 22 93 69 15
0 911 911 10000000 87 149 109 104 200 87
1 911 912 10000000 77 89 36 82 808 599
1 911 913 10000000 76 383 205 81 1430 1204
1 911 914 10000000 86 342 159 85 1239 1011
0 915 915 10000000 85 17 14 96 106 17
1 915 916 10000000 117 176 57 78 1044 720
1 915 917 10000000 72 87 25 73 65 18
0 918 918 10000000 79 92 38 89 117 57
1 918 919 10000000 72 209 102 82 544 629
1 918 920 10000000 71 671 382 75 1043 804
1 918 921 10000000 69 511 311 78 1420 1082
0 922 922 10000000 81 19 14 90 112 21
1 922 923 10000000 68 154 73 76 140 141
1 922 924 10000000 75 184 66 77 111 122
1 922 925 10000000 72 177 75 76 143 142
0 926 926 10000000 79 18 13 92 99 19
1 926 927 10000000 74 250 535 107 2143 1075
1 926 928 10000000 72 148 44 77 461 512
1 926 929 10000000 71 295 153 76 740 553
0 930 930 10000000 90 35 57 96 119 21
1 930 931 10000000 67 165 58 76 977 680
1 930 932 10000000 67 287 129 78 429 540
0 933 933 10000000 81 107 75 91 126 60
1 933 934 10000000 73 196 61 78 78 67
1 933 935 10000000 68 384 210 79 763 1142
1 933 936 10000000 69 318 232 77 804 686
0 937 937 10000000 96 24 14 96 126 20
1 937 938 10000000 69 248 119 80 548 440
1 937 939 10000000 71 124 45 80 471 397
1 937 940 10000000 71 521 56 105 525 645
0 941 941 10000000 86 36 50 92 100 18
1 941 942 10000000 71 172 72 79 502 508
1 941 943 10000000 69 253 132 79 396 589
1 941 944 10000000 71 250 112 79 710 528
0 945 945 10000000 87 21 32 97 92 20
1 945 946 10000000 71 165 50 82 541 429
1 945 947 10000000 70 82 18 81 17 13
0 948 948 10000000 80 259 214 95 226 145
1 948 949 10000000 74 242 108 103 423 374
1 948 950 10000000 78 795 475 87 947 785
1 948 951 10000000 74 327 183 87 1093 1017
0 952 952 10000000 83 375 279 99 297 208
1 952 953 10000000 72 99 20 88 61 14
1 952 954 10000000 69 769 444 79 1362 1006
0 955 955 10000000 83 176 138 137 235 140
1 955 956 10000000 70 170 1134 77 785 673
1 955 957 10000000 82 248 123 81 412 401
1 955 958 10000000 68 288 165 78 1214 982
0 959 959 10000000 81 256 180 95 274 181
1 959 960 10000000 79 212 82 86 808 708
1 959 961 10000000 70 495 357 79 915 824
1 959 962 10000000 71 413 266 83 1399 991
0 963 963 10000000 84 15 13 95 98 17
1 963 964 10000000 70 201 90 78 1084 899
1 963 965 10000000 73 213 79 80 618 514
1 963 966 10000000 71 223 104 104 439 361
0 967 967 10000000 79 334 201 99 117 65
1 967 968 10000000 67 88 21 81 53 13
1 967 969 10000000 72 655 438 80 888 745
1 967 970 10000000 69 602 364 84 1221 954
0 971 971 10000000 84 28 48 99 105 17
1 971 972 10000000 69 134 36 82 236 224
1 971 973 10000000 74 185 54 83 265 239
0 974 974 10000000 79 30 45 98 98 18
1 974 975 10000000 70 168 51 82 461 406
1 974 976 10000000 78 108 20 88 23 16
0 977 977 10000000 85 135 112 104 251 157
1 977 978 10000000 78 210 78 86 659 487
1 977 979 10000000 79 186 80 86 280 244
0 980 980 10000000 88 88 35 102 114 56
1 980 981 10000000 79 211 84 123 603 474
1 980 982 10000000 80 203 84 109 256 238
0 983 983 10000000 78 107 48 142 130 85
1 983 984 10000000 72 105 18 92 63 15
1 983 985 10000000 75 252 132 87 537 569
1 983 986 10000000 73 303 82 84 324 574
0 987 987 10000000 83 30 65 101 110 64
1 987 988 10000000 72 220 96 92 714 436
1 987 989 10000000 71 222 119 90 392 364
1 987 990 10000000 71 184 84 84 490 389
0 991 991 10000000 81 112 79 103 188 88
1 991 992 10000000 72 155 80 82 1338 286
1 991 993 10000000 76 255 116 92 574 462
1 991 994 10000000 71 313 169 89 853 749
0 995 995 10000000 78 124 122 92 184 81
1 995 996 10000000 69 160 66 77 358 471
1 995 997 10000000 67 83 17 76 61 16
1 995 998 10000000 70 106 50 77 255 196
0 999 999 10000000 84 38 59 86 99 17
1 999 1000 10000000 72 144 44 74 104 91
1 999 1001 10000000 72 168 57 82 161 290
0 1002 1002 10000000 85 30 50 87 100 18
1 1002 1003 10000000 124 145 42 77 162 167
1 1002 1004 10000000 73 172 41 91 167 173
0 1005 1005 10000000 84 165 126 93 132 55
1 1005 1006 10000000 69 154 53 76 340 398
1 1005 1007 10000000 68 192 96 78 279 363
0 1008 1008 10000000 75 17 13 95 90 16
1 1008 1009 10000000 70 227 264 77 562 498
1 1008 1010 10000000 73 180 63 77 319 431
0 1011 1011 10000000 84 54 56 88 191 100
1 1011 1012 10000000 75 232 97 84 335 412
1 1011 1013 10000000 70 285 143 80 277 497
0 1014 1014 10000000 104 688 116 98 131 70
1 1014 1015 10000000 72 235 95 89 395 442
1 1014 1016 10000000 68 250 237 92 433 404
0 1017 1017 10000000 87 89 48 99 131 84
1 1017 1018 10000000 67 170 57 80 249 245
1 1017 1019 10000000 75 487 284 81 695 553
1 1017 1020 10000000 68 247 94 83 508 565
0 1021 1021 10000000 87 112 95 93 214 118
1 1021 1022 10000000 67 151 46 86 253 206
1 1021 1023 10000000 69 93 22 84 61 12
1 1021 1024 10000000 71 199 105 81 392 432
0 1025 1025 10000000 83 104 49 90 113 46
1 1025 1026 10000000 73 99 25 76 184 133
1 1025 1027 10000000 69 250 117 77 904 687
0 1028 1028 10000000 93 110 94 107 199 94
1 1028 1029 10000000 72 154 49 78 399 512
1 1028 1030 10000000 71 443 283 78 1098 746
1 1028 1031 10000000 77 453 215 104 1631 1993
0 1032 1032 10000000 80 162 116 89 162 89
1 1032 1033 10000000 71 199 98 77 568 612
1 1032 1034 10000000 70 179 102 77 394 486
1 1032 1035 10000000 71 389 117 77 952 754
0 1036 1036 10000000 86 242 462 90 139 63
1 1036 1037 10000000 68 90 40 76 122 98
1 1036 1038 10000000 67 79 16 77 17 13
0 1039 1039 10000000 97 180 116 94 140 97
1 1039 1040 10000000 76 542 54 188 416 444
1 1039 1041 10000000 74 209 94 87 397 486
0 1042 1042 10000000 88 31 50 91 100 18
1 1042 1043 10000000 69 186 89 79 607 624
1 1042 1044 10000000 70 203 105 81 390 470
0 1045 1045 10000000 85 104 80 94 111 47
1 1045 1046 10000000 75 114 20 98 83 21
1 1045 1047 10000000 72 443 227 87 960 742
0 1048 1048 10000000 96 118 44 98 129 62
1 1048 1049 10000000 72 118 39 78 223 166
1 1048 1050 10000000 67 320 302 75 326 335
1 1048 1051 10000000 71 318 158 75 660 496
0 1052 1052 10000000 88 38 78 94 103 37
1 1052 1053 10000000 71 159 45 77 104 88
1 1052 1054 10000000 71 395 230 79 524 451
1 1052 1055 10000000 72 256 122 78 609 385
0 1056 1056 10000000 88 87 34 97 120 62
1 1056 1057 10000000 69 222 96 79 287 443
1 1056 1058 10000000 70 445 287 81 544 481
1 1056 1059 10000000 68 346 184 79 972 746
0 1060 1060 10000000 86 20 13 94 98 18
1 1060 1061 10000000 70 252 108 81 463 640
1 1060 1062 10000000 78 237 128 216 110 227
1 1060 1063 10000000 74 715 243 210 1681 639
0 1064 1064 10000000 365 116 66 95 280 65
1 1064 1065 10000000 84 234 111 101 1341 859
1 1064 1066 10000000 70 93 17 83 16 13
0 1067 1067 10000000 89 26 30 101 103 17
1 1067 1068 10000000 69 173 84 79 495 478
1 1067 1069 10000000 74 98 25 80 68 20
0 1070 1070 10000000 90 116 90 95 231 170
1 1070 1071 10000000 73 164 84 79 102 87
1 1070 1072 10000000 72 121 26 82 65 20
0 1073 1073 10000000 81 38 70 94 106 20
1 1073 1074 10000000 69 179 80 82 481 344
1 1073 1075 10000000 70 182 66 81 87 89
0 1076 1076 10000000 93 18 13 98 113 19
1 1076 1077 10000000 71 173 53 79 287 316
1 1076 1078 10000000 69 223 125 80 108 104
0 1079 1079 10000000 106 65 53 100 236 129
1 1079 1080 10000000 73 266 146 85 620 543
1 1079 1081 10000000 74 224 126 83 108 102
0 1082 1082 10000000 87 328 274 97 246 122
1 1082 1083 10000000 73 203 81 90 953 879
1 1082 1084 10000000 68 364 278 78 1010 887
1 1082 1085 10000000 67 337 179 79 1431 1188
0 1086 1086 10000000 84 125 89 81 120 63
1 1086 1087 10000000 75 173 66 73 102 102
1 1086 1088 10000000 73 172 81 73 113 113
1 1086 1089 10000000 74 220 215 72 516 511
0 1090 1090 10000000 88 23 32 82 95 17
1 1090 1091 10000000 72 218 119 72 1078 785
1 1090 1092 10000000 77 94 21 84 70 15
0 1093 1093 10000000 90 240 179 87 197 122
1 1093 1094 10000000 81 224 138 73 1079 837
1 1093 1095 10000000 77 411 248 77 702 656
1 1093 1096 10000000 76 183 86 75 1066 779
0 1097 1097 10000000 94 100 58 96 134 83
1 1097 1098 10000000 76 234 116 75 580 559
1 1097 1099 10000000 71 773 491 74 1117 889
1 1097 1100 10000000 77 619 457 78 1336 982
0 1101 1101 10000000 88 30 47 92 97 17
1 1101 1102 10000000 73 207 90 78 360 319
1 1101 1103 10000000 75 195 101 77 447 336
1 1101 1104 10000000 75 176 65 80 337 634
0 1105 1105 10000000 86 269 230 91 237 166
1 1105 1106 10000000 75 235 118 79 532 473
1 1105 1107 10000000 77 96 18 83 52 13
0 1108 1108 10000000 89 190 158 95 213 166
1 1108 1109 10000000 75 284 182 81 573 1439
1 1108 1110 10000000 76 329 208 79 581 555
1 1108 1111 10000000 81 241 88 88 375 332
0 1112 1112 10000000 88 35 32 97 114 55
1 1112 1113 10000000 76 203 82 78 312 259
1 1112 1114 10000000 77 109 56 79 143 101
0 1115 1115 10000000 90 293 201 103 263 214
1 1115 1116 10000000 74 200 104 81 604 461
1 1115 1117 10000000 82 1022 633 143 1041 863
1 1115 1118 10000000 73 704 497 81 1392 978
0 1119 1119 10000000 88 90 75 102 209 111
1 1119 1120 10000000 80 195 81 87 399 934
1 1119 1121 10000000 77 336 213 83 597 472
1 1119 1122 10000000 73 363 232 88 714 578
0 1123 1123 10000000 86 45 72 106 108 17
1 1123 1124 10000000 76 234 142 90 608 442
1 1123 1125 10000000 80 184 95 83 324 332
1 1123 1126 10000000 77 358 213 91 644 473
0 1127 1127 10000000 84 284 291 98 283 283
1 1127 1128 10000000 74 175 51 81 640 468
1 1127 1129 10000000 159 98 19 82 19 14
1 1127 1130 10000000 78 172 50 86 584 480
0 1131 1131 10000000 85 18 13 103 93 18
1 1131 1132 10000000 76 329 202 90 1517 1100
1 1131 1133 10000000 77 103 16 99 18 13
0 1134 1134 10000000 86 215 177 105 130 78
1 1134 1135 10000000 117 208 88 88 903 751
1 1134 1136 10000000 75 200 105 85 698 1205
0 1137 1137 10000000 90 37 51 102 99 17
1 1137 1138 10000000 78 339 190 87 1396 1039
1 1137 1139 10000000 77 211 93 87 1259 924
0 1140 1140 10000000 92 48 75 112 103 19
1 1140 1141 10000000 76 231 105 83 1218 869
1 1140 1142 10000000 74 110 49 83 451 411
0 1143 1143 10000000 87 46 62 105 108 21
1 1143 1144 10000000 75 332 184 86 1283 980
1 1143 1145 10000000 77 435 275 82 1669 1067
1 1143 1146 10000000 76 252 142 86 1200 866
0 1147 1147 10000000 96 38 70 108 99 18
1 1147 1148 10000000 80 188 65 85 105 96
1 1147 1149 10000000 75 92 19 87 21 15
0 1150 1150 10000000 87 19 13 104 100 18
1 1150 1151 10000000 73 246 141 86 1189 934
1 1150 1152 10000000 79 120 55 96 103 21
0 1153 1153 10000000 92 245 185 115 215 122
1 1153 1154 10000000 80 117 43 91 569 26
1 1153 1155 10000000 75 434 267 90 1329 1056
1 1153 1156 10000000 75 408 244 89 1318 1164
0 1157 1157 10000000 90 20 12 110 120 63
1 1157 1158 10000000 74 389 237 89 1341 1112
1 1157 1159 10000000 75 316 183 89 1261 925
0 1160 1160 10000000 88 34 43 110 98 31
1 1160 1161 10000000 77 269 122 96 1264 944
1 1160 1162 10000000 74 289 174 89 1191 906
1 1160 1163 10000000 72 198 93 89 1168 876
0 1164 1164 10000000 88 242 179 109 203 123
1 1164 1165 10000000 79 329 202 89 1422 1097
1 1164 1166 10000000 78 410 241 91 1481 1416
1 1164 1167 10000000 74 186 86 87 231 189
0 1168 1168 10000000 97 24 30 83 98 20
1 1168 1169 10000000 96 163 61 99 398 315
1 1168 1170 10000000 86 115 20 91 76 16
0 1171 1171 10000000 106 27 52 88 106 22
1 1171 1172 10000000 81 173 88 74 369 333
1 1171 1173 10000000 79 223 124 73 728 658
0 1174 1174 10000000 94 23 28 90 90 17
1 1174 1175 10000000 84 321 201 80 835 771
1 1174 1176 10000000 86 517 325 77 957 872
0 1177 1177 10000000 101 39 62 91 103 22
1 1177 1178 10000000 81 332 163 76 683 644
1 1177 1179 10000000 79 471 318 75 908 795
0 1180 1180 10000000 98 23 29 126 96 18
1 1180 1181 10000000 82 354 188 78 672 679
1 1180 1182 10000000 81 528 345 77 927 787
1 1180 1183 10000000 92 508 289 99 1137 897
0 1184 1184 10000000 100 24 31 96 102 18
1 1184 1185 10000000 82 346 199 103 860 1120
1 1184 1186 10000000 89 789 504 84 1274 808
0 1187 1187 10000000 104 17 13 94 100 18
1 1187 1188 10000000 83 398 438 312 999 849
1 1187 1189 10000000 82 300 171 86 626 622
0 1190 1190 10000000 101 448 450 95 272 553
1 1190 1191 10000000 81 327 183 82 682 984
1 1190 1192 10000000 86 309 166 86 611 626
0 1193 1193 10000000 101 135 86 103 130 73
1 1193 1194 10000000 85 220 107 82 618 857
1 1193 1195 10000000 91 531 346 109 912 757
1 1193 1196 10000000 82 246 131 84 710 633
0 1197 1197 10000000 98 219 103 103 217 83
1 1197 1198 10000000 161 234 114 95 748 640
1 1197 1199 10000000 84 1114 668 84 1161 1076
1 1197 1200 10000000 82 805 545 90 1361 1075
0 1201 1201 10000000 100 23 30 107 103 17
1 1201 1202 10000000 87 256 170 106 675 715
1 1201 1203 10000000 87 99 19 89 17 13
1 1201 1204 10000000 79 274 151 105 1014 714
0 1205 1205 10000000 105 103 76 106 134 86
1 1205 1206 10000000 80 239 127 95 1251 620
1 1205 1207 10000000 90 299 181 92 927 657
1 1205 1208 10000000 83 230 136 90 762 880
0 1209 1209 10000000 99 19 13 114 108 17
1 1209 1210 10000000 86 386 327 107 1465 1402
1 1209 1211 10000000 84 275 184 85 1145 969
1 1209 1212 10000000 81 352 207 85 1437 1226
0 1213 1213 10000000 96 31 45 107 90 17
1 1213 1214 10000000 80 278 163 84 1262 993
1 1213 1215 10000000 82 102 16 84 18 14
0 1216 1216 10000000 106 530 410 108 221 128
1 1216 1217 10000000 80 402 237 87 2219 1882
1 1216 1218 10000000 84 306 165 95 1183 1034
0 1219 1219 10000000 96 479 348 109 116 47
1 1219 1220 10000000 82 166 61 85 1141 952
1 1219 1221 10000000 84 98 17 87 18 13
0 1222 1222 10000000 98 22 14 103 101 20
1 1222 1223 10000000 80 204 81 93 1002 825
1 1222 1224 10000000 82 499 390 96 1316 1055
1 1222 1225 10000000 81 291 163 88 1090 890
0 1226 1226 10000000 102 570 365 113 198 141
1 1226 1227 10000000 93 192 63 89 955 766
1 1226 1228 10000000 87 177 60 89 914 835
1 1226 1229 10000000 82 190 66 92 1019 784
0 1230 1230 10000000 107 30 46 107 97 21
1 1230 1231 10000000 78 195 110 88 1008 797
1 1230 1232 10000000 83 91 24 88 915 687
0 1233 1233 10000000 100 22 28 110 97 17
1 1233 1234 10000000 76 221 142 89 914 775
1 1233 1235 10000000 80 529 371 91 1264 1098
1 1233 1236 10000000 85 522 379 90 1230 1012
0 1237 1237 10000000 101 29 43 112 94 17
1 1237 1238 10000000 79 317 190 90 879 766
1 1237 1239 10000000 80 214 96 89 786 563
1 1237 1240 10000000 78 188 97 89 745 562
0 1241 1241 10000000 124 19 13 114 99 18
1 1241 1242 10000000 83 187 69 92 1014 789
1 1241 1243 10000000 80 481 289 97 973 883
1 1241 1244 10000000 81 321 190 97 1017 773
0 1245 1245 10000000 98 461 353 109 114 60
1 1245 1246 10000000 79 239 127 89 1432 1141
1 1245 1247 10000000 87 1217 754 105 2201 1574
1 1245 1248 10000000 82 1020 562 93 2112 2250
0 1249 1249 10000000 93 611 414 89 119 69
1 1249 1250 10000000 80 282 197 80 1163 926
1 1249 1251 10000000 79 191 123 77 606 1097
1 1249 1252 10000000 77 279 198 75 1545 931
0 1253 1253 10000000 93 23 27 92 90 19
1 1253 1254 10000000 80 167 61 78 752 591
1 1253 1255 10000000 78 179 83 78 519 417
1 1253 1256 10000000 79 265 147 81 1237 963
0 1257 1257 10000000 90 35 61 92 96 18
1 1257 1258 10000000 76 177 83 78 761 644
1 1257 1259 10000000 78 116 59 80 778 544
0 1260 1260 10000000 92 16 12 93 141 18
1 1260 1261 10000000 78 166 72 79 521 410
1 1260 1262 10000000 76 192 94 80 770 645
0 1263 1263 10000000 97 45 79 95 95 18
1 1263 1264 10000000 78 186 78 79 736 658
1 1263 1265 10000000 79 226 102 87 752 654
0 1266 1266 10000000 96 609 567 96 226 173
1 1266 1267 10000000 77 315 260 83 1100 842
1 1266 1268 10000000 167 508 345 83 1264 949
1 1266 1269 10000000 79 709 520 83 1678 1165
0 1270 1270 10000000 95 22 34 98 107 17
1 1270 1271 10000000 79 260 149 88 1055 816
1 1270 1272 10000000 78 196 119 88 500 413
1 1270 1273 10000000 76 212 120 80 941 805
0 1274 1274 10000000 103 103 14 104 340 19
1 1274 1275 10000000 76 260 173 83 687 615
1 1274 1276 10000000 78 173 70 88 521 421
0 1277 1277 10000000 97 590 398 102 186 106
1 1277 1278 10000000 76 269 184 82 1075 1865
1 1277 1279 10000000 78 425 349 83 1163 877
1 1277 1280 10000000 89 674 417 92 1555 976
0 1281 1281 10000000 89 22 35 96 96 17
1 1281 1282 10000000 82 219 115 91 809 687
1 1281 1283 10000000 77 78 17 88 16 13
0 1284 1284 10000000 96 597 432 101 280 216
1 1284 1285 10000000 80 279 193 85 1068 799
1 1284 1286 10000000 79 185 74 86 556 450
0 1287 1287 10000000 97 22 12 100 101 17
1 1287 1288 10000000 79 238 124 85 878 608
1 1287 1289 10000000 82 443 409 89 1098 827
1 1287 1290 10000000 90 441 288 99 1070 880
0 1291 1291 10000000 94 31 49 106 94 17
1 1291 1292 10000000 79 237 128 87 819 650
1 1291 1293 10000000 79 425 363 87 2094 811
1 1291 1294 10000000 75 388 314 87 1049 868
0 1295 1295 10000000 98 17 14 105 92 16
1 1295 1296 10000000 82 308 184 87 1485 1085
1 1295 1297 10000000 83 110 44 84 771 580
1 1295 1298 10000000 78 276 150 84 1206 876
0 1299 1299 10000000 94 19 12 107 93 16
1 1299 1300 10000000 80 209 107 86 1255 963
1 1299 1301 10000000 76 221 142 83 1127 891
1 1299 1302 10000000 79 455 345 84 1627 1177
0 1303 1303 10000000 103 279 223 113 184 114
1 1303 1304 10000000 78 301 197 86 1364 1044
1 1303 1305 10000000 77 200 102 90 1050 862
0 1306 1306 10000000 98 580 426 106 206 117
1 1306 1307 10000000 115 225 106 89 1010 840
1 1306 1308 10000000 82 213 247 87 1003 775
1 1306 1309 10000000 82 236 143 86 1138 862
0 1310 1310 10000000 95 590 409 106 186 109
1 1310 1311 10000000 80 200 112 87 1016 835
1 1310 1312 10000000 77 191 110 87 970 755
0 1313 1313 10000000 101 617 426 106 120 84
1 1313 1314 10000000 79 245 117 89 1080 877
1 1313 1315 10000000 85 302 174 89 1196 967
0 1316 1316 10000000 90 598 423 110 343 279
1 1316 1317 10000000 76 91 17 90 75 38
1 1316 1318 10000000 82 1335 749 92 1602 1152
0 1319 1319 10000000 97 618 423 110 184 101
1 1319 1320 10000000 77 166 56 90 911 638
1 1319 1321 10000000 79 1269 747 107 1598 1261
1 1319 1322 10000000 80 812 537 101 1832 1247
0 1323 1323 10000000 92 18 12 111 96 17
1 1323 1324 10000000 80 243 122 97 945 650
1 1323 1325 10000000 82 125 69 90 909 595
1 1323 1326 10000000 80 189 75 90 933 686
0 1327 1327 10000000 103 1290 193 113 194 107
1 1327 1328 10000000 79 250 104 96 983 654
1 1327 1329 10000000 81 96 18 93 18 13
1 1327 1330 10000000 81 281 130 98 977 802
0 1331 1331 10000000 88 351 238 109 126 87
1 1331 1332 10000000 78 183 71 88 1344 1047
1 1331 1333 10000000 78 297 174 87 1458 1107
1 1331 1334 10000000 80 299 161 88 1779 1306
0 1335 1335 10000000 103 693 618 85 207 138
1 1335 1336 10000000 83 253 222 73 1049 827
1 1335 1337 10000000 81 218 123 73 553 530
1 1335 1338 10000000 84 326 198 80 749 678
0 1339 1339 10000000 103 17 13 87 98 33
1 1339 1340 10000000 85 252 282 74 1044 889
1 1339 1341 10000000 84 248 133 74 696 614
1 1339 1342 10000000 84 248 136 79 1019 837
0 1343 1343 10000000 98 249 199 90 136 84
1 1343 1344 10000000 83 215 114 76 576 515
1 1343 1345 10000000 93 92 18 79 17 12
0 1346 1346 10000000 99 117 94 96 119 61
1 1346 1347 10000000 88 206 90 81 891 833
1 1346 1348 10000000 160 200 89 82 864 755
0 1349 1349 10000000 96 29 53 94 97 17
1 1349 1350 10000000 83 533 83 80 4143 1314
1 1349 1351 10000000 84 306 201 74 1154 874
0 1352 1352 10000000 101 17 13 100 95 16
1 1352 1353 10000000 86 293 179 82 665 642
1 1352 1354 10000000 82 274 164 80 869 596
0 1355 1355 10000000 103 42 34 100 109 94
1 1355 1356 10000000 84 146 21 81 58 13
1 1355 1357 10000000 87 1516 833 85 1435 1069
1 1355 1358 10000000 187 1334 464 97 1963 1458
0 1359 1359 10000000 102 19 12 103 99 17
1 1359 1360 10000000 86 210 106 81 689 606
1 1359 1361 10000000 81 103 18 82 59 14
0 1362 1362 10000000 103 27 28 104 104 21
1 1362 1363 10000000 84 232 132 81 900 781
1 1362 1364 10000000 87 225 124 96 500 430
0 1365 1365 10000000 107 18 13 103 103 20
1 1365 1366 10000000 83 239 112 87 733 686
1 1365 1367 10000000 81 271 260 86 626 3263
0 1368 1368 10000000 104 111 81 104 130 89
1 1368 1369 10000000 89 185 56 90 488 413
1 1368 1370 10000000 83 197 109 82 533 494
0 1371 1371 10000000 101 915 1553 108 659 231
1 1371 1372 10000000 83 309 405 81 3064 1192
1 1371 1373 10000000 85 222 119 84 1431 1150
0 1374 1374 10000000 104 18 14 104 101 18
1 1374 1375 10000000 91 243 123 95 1384 3530
1 1374 1376 10000000 89 281 164 81 1511 1070
0 1377 1377 10000000 100 703 659 101 316 265
1 1377 1378 10000000 84 369 254 82 1328 1035
1 1377 1379 10000000 88 1401 815 93 1778 1769
1 1377 1380 10000000 84 808 610 80 1851 1292
0 1381 1381 10000000 102 88 45 101 99 34
1 1381 1382 10000000 84 285 175 82 1329 1271
1 1381 1383 10000000 84 224 110 84 1062 911
0 1384 1384 10000000 99 178 111 103 127 65
1 1384 1385 10000000 86 262 145 82 1045 905
1 1384 1386 10000000 186 402 298 90 1193 1120
1 1384 1387 10000000 82 363 256 84 1231 928
0 1388 1388 10000000 98 703 707 98 321 230
1 1388 1389 10000000 89 443 347 86 1426 930
1 1388 1390 10000000 199 337 444 100 5276 1003
0 1391 1391 10000000 103 36 59 107 100 17
1 1391 1392 10000000 83 317 266 101 1082 883
1 1391 1393 10000000 85 366 224 86 1225 919
0 1394 1394 10000000 97 681 656 107 316 267
1 1394 1395 10000000 83 243 135 85 1254 979
1 1394 1396 10000000 87 1403 807 87 1561 2711
1 1394 1397 10000000 83 495 317 85 1320 925
0 1398 1398 10000000 106 698 1863 106 350 409
1 1398 1399 10000000 86 307 219 93 1048 913
1 1398 1400 10000000 86 531 245 85 1530 890
1 1398 1401 10000000 82 350 258 85 1146 819
0 1402 1402 10000000 100 687 596 104 109 28
1 1402 1403 10000000 84 289 144 89 1077 853
1 1402 1404 10000000 84 1501 821 87 1862 1077
1 1402 1405 10000000 86 741 564 109 1767 1046
0 1406 1406 10000000 97 741 605 105 140 81
1 1406 1407 10000000 85 269 162 82 1513 1061
1 1406 1408 10000000 82 260 145 302 1496 1124
1 1406 1409 10000000 83 267 143 82 1607 1136
0 1410 1410 10000000 95 16 13 88 93 17
1 1410 1411 10000000 88 329 206 84 1338 1048
1 1410 1412 10000000 81 96 51 72 618 482
0 1413 1413 10000000 107 113 48 90 124 58
1 1413 1414 10000000 86 204 99 79 761 1506
1 1413 1415 10000000 82 415 301 73 1403 978
1 1413 1416 10000000 84 337 193 80 1305 1019
0 1417 1417 10000000 97 17 13 96 98 20
1 1417 1418 10000000 131 184 60 86 100 91
1 1417 1419 10000000 88 680 457 79 1322 1800
1 1417 1420 10000000 87 556 260 91 1749 1033
0 1421 1421 10000000 97 20 14 97 102 24
1 1421 1422 10000000 85 353 215 78 1085 922
1 1421 1423 10000000 86 121 45 77 612 494
1 1421 1424 10000000 84 98 40 80 614 497
0 1425 1425 10000000 104 95 50 91 124 70
1 1425 1426 10000000 86 209 97 78 635 550
1 1425 1427 10000000 82 745 557 88 3924 1830
1 1425 1428 10000000 89 466 363 85 1251 1115
0 1429 1429 10000000 99 15 13 94 98 17
1 1429 1430 10000000 89 241 108 85 890 729
1 1429 1431 10000000 84 117 58 81 755 504
0 1432 1432 10000000 88 19 12 94 106 18
1 1432 1433 10000000 88 244 108 81 760 666
1 1432 1434 10000000 92 190 230 80 745 554
0 1435 1435 10000000 99 22 31 95 129 17
1 1435 1436 10000000 86 195 104 81 629 558
1 1435 1437 10000000 86 102 19 81 57 14
0 1438 1438 10000000 98 644 614 101 482 191
1 1438 1439 10000000 86 360 201 92 1033 942
1 1438 1440 10000000 89 674 398 85 1225 934
1 1438 1441 10000000 105 595 424 91 1225 4067
0 1442 1442 10000000 95 667 576 106 276 227
1 1442 1443 10000000 85 610 217 92 1086 1107
1 1442 1444 10000000 86 316 203 87 936 886
1 1442 1445 10000000 84 105 25 84 75 33
0 1446 1446 10000000 96 95 56 108 141 87
1 1446 1447 10000000 84 283 183 92 914 817
1 1446 1448 10000000 83 295 164 86 938 851
1 1446 1449 10000000 88 117 47 100 624 489
0 1450 1450 10000000 101 33 30 117 504 19
1 1450 1451 10000000 88 118 46 96 609 489
1 1450 1452 10000000 88 93 21 85 95 13
0 1453 1453 10000000 107 23 28 101 105 18
1 1453 1454 10000000 89 345 230 88 1238 941
1 1453 1455 10000000 91 119 45 108 632 594
0 1456 1456 10000000 91 18 12 99 95 17
1 1456 1457 10000000 86 292 144 91 977 869
1 1456 1458 10000000 85 310 202 83 914 918
0 1459 1459 10000000 102 92 49 104 153 93
1 1459 1460 10000000 87 567 176 95 951 851
1 1459 1461 10000000 88 291 171 86 929 806
0 1462 1462 10000000 114 627 435 94 106 67
1 1462 1463 10000000 82 265 126 85 1271 1013
1 1462 1464 10000000 83 286 155 77 1258 987
0 1465 1465 10000000 99 147 92 97 125 86
1 1465 1466 10000000 85 247 128 95 1497 986
1 1465 1467 10000000 94 1272 752 88 1674 1141
1 1465 1468 10000000 91 712 498 81 1612 1293
0 1469 1469 10000000 102 627 524 95 184 103
1 1469 1470 10000000 84 280 173 86 1127 922
1 1469 1471 10000000 84 85 18 86 18 14
0 1472 1472 10000000 100 17 14 102 111 20
1 1472 1473 10000000 87 194 61 95 174 165
1 1472 1474 10000000 86 337 196 91 1141 1061
0 1475 1475 10000000 91 17 12 106 99 18
1 1475 1476 10000000 84 238 119 88 1079 887
1 1475 1477 10000000 82 205 88 82 1091 850
0 1478 1478 10000000 94 22 29 99 101 17
1 1478 1479 10000000 84 225 124 81 1025 795
1 1478 1480 10000000 91 202 73 109 957 926
0 1481 1481 10000000 100 437 380 102 199 100
1 1481 1482 10000000 88 186 67 87 966 725
1 1481 1483 10000000 88 1245 757 88 1479 1276
1 1481 1484 10000000 85 856 588 90 2876 1009
0 1485 1485 10000000 95 18 13 107 108 26
1 1485 1486 10000000 87 226 119 101 969 776
1 1485 1487 10000000 547 571 165 92 962 908
1 1485 1488 10000000 89 308 187 85 994 841
0 1489 1489 10000000 114 24 32 134 121 18
1 1489 1490 10000000 95 353 282 92 1172 909
1 1489 1491 10000000 95 110 16 93 17 12
1 1489 1492 10000000 89 351 240 88 1556 970
0 1493 1493 10000000 92 17 14 101 99 17
1 1493 1494 10000000 84 101 20 86 59 13
1 1493 1495 10000000 84 641 445 84 1782 1198
1 1493 1496 10000000 89 310 233 94 1425 1047
0 1497 1497 10000000 92 18 13 95 211 15
1 1497 1498 10000000 79 278 147 86 1398 1006
1 1497 1499 10000000 77 242 123 75 974 711
1 1497 1500 10000000 78 213 105 76 1354 929
0 1501 1501 10000000 98 30 36 114 140 24
1 1501 1502 10000000 78 250 106 80 857 680
1 1501 1503 10000000 79 202 104 77 788 642
0 1504 1504 10000000 91 17 13 95 98 18
1 1504 1505 10000000 78 216 164 78 804 779
1 1504 1506 10000000 85 291 136 88 874 794
0 1507 1507 10000000 93 394 318 92 209 107
1 1507 1508 10000000 80 218 87 80 926 714
1 1507 1509 10000000 81 464 283 84 1206 863
1 1507 1510 10000000 79 302 165 79 1001 882
0 1511 1511 10000000 96 17 12 95 94 17
1 1511 1512 10000000 77 192 88 79 785 678
1 1511 1513 10000000 78 235 124 80 962 756
1 1511 1514 10000000 82 187 74 78 816 633
0 1515 1515 10000000 93 22 32 98 108 18
1 1515 1516 10000000 82 318 151 88 981 928
1 1515 1517 10000000 79 215 96 84 834 818
0 1518 1518 10000000 91 394 304 98 224 109
1 1518 1519 10000000 115 244 105 95 871 739
1 1518 1520 10000000 77 184 87 81 824 703
0 1521 1521 10000000 88 399 312 97 252 172
1 1521 1522 10000000 78 81 17 83 54 14
1 1521 1523 10000000 76 940 618 83 2127 1429
1 1521 1524 10000000 77 312 226 84 1201 899
0 1525 1525 10000000 86 25 33 97 106 18
1 1525 1526 10000000 77 235 96 84 917 720
1 1525 1527 10000000 76 482 112 82 1102 759
1 1525 1528 10000000 77 191 64 84 781 615
0 1529 1529 10000000 89 39 67 95 104 18
1 1529 1530 10000000 79 306 126 85 1172 991
1 1529 1531 10000000 78 264 146 78 1200 945
1 1529 1532 10000000 81 290 194 92 1315 974
0 1533 1533 10000000 90 410 318 94 187 93
1 1533 1534 10000000 78 169 81 79 1072 827
1 1533 1535 10000000 81 351 182 87 1196 1701
1 1533 1536 10000000 76 291 197 82 2389 2300
0 1537 1537 10000000 96 26 30 95 100 17
1 1537 1538 10000000 82 285 140 78 1208 947
1 1537 1539 10000000 75 270 154 78 1124 899
1 1537 1540 10000000 80 283 152 76 1224 950
0 1541 1541 10000000 89 411 323 98 199 100
1 1541 1542 10000000 78 466 115 407 1105 981
1 1541 1543 10000000 78 284 162 82 1074 892
1 1541 1544 10000000 77 170 71 79 128 146
0 1545 1545 10000000 101 19 13 106 106 18
1 1545 1546 10000000 88 346 168 599 1890 1327
1 1545 1547 10000000 89 136 26 110 64 22
1 1545 1548 10000000 82 225 344 110 1786 1365
0 1549 1549 10000000 86 413 331 97 219 114
1 1549 1550 10000000 80 232 94 87 885 819
1 1549 1551 10000000 81 288 167 81 975 861
0 1552 1552 10000000 92 427 309 99 128 70
1 1552 1553 10000000 79 99 23 86 3357 15
1 1552 1554 10000000 80 984 569 100 1467 1077
0 1555 1555 10000000 96 73 21 100 121 51
1 1555 1556 10000000 77 193 99 79 972 749
1 1555 1557 10000000 75 347 237 79 1073 899
1 1555 1558 10000000 79 214 89 83 952 732
0 1559 1559 10000000 92 443 478 95 268 191
1 1559 1560 10000000 74 103 42 81 688 516
1 1559 1561 10000000 84 294 134 83 905 818
1 1559 1562 10000000 78 282 150 90 945 810
0 1563 1563 10000000 91 24 31 98 96 22
1 1563 1564 10000000 79 254 149 82 910 788
1 1563 1565 10000000 77 234 94 89 868 692
0 1566 1566 10000000 93 31 47 97 104 19
1 1566 1567 10000000 80 460 102 154 745 680
1 1566 1568 10000000 78 139 75 85 734 576
0 1569 1569 10000000 92 24 31 97 101 19
1 1569 1570 10000000 80 198 88 83 771 678
1 1569 1571 10000000 77 345 181 82 945 867
1 1569 1572 10000000 79 251 142 88 984 1636
0 1573 1573 10000000 88 451 481 98 257 187
1 1573 1574 10000000 80 142 41 80 694 579
1 1573 1575 10000000 79 150 55 85 34 47
0 1576 1576 10000000 94 401 339 96 269 200
1 1576 1577 10000000 83 321 148 76 964 973
1 1576 1578 10000000 80 385 102 85 947 935
1 1576 1579 10000000 85 460 263 138 1556 1188
0 1580 1580 10000000 81 114 106 88 187 92
1 1580 1581 10000000 69 191 94 73 818 594
1 1580 1582 10000000 71 202 103 75 267 365
1 1580 1583 10000000 69 180 234 75 617 551
0 1584 1584 10000000 87 18 13 87 98 16
1 1584 1585 10000000 71 99 18 76 69 25
1 1584 1586 10000000 72 475 248 74 882 799
1 1584 1587 10000000 71 156 43 79 107 98
0 1588 1588 10000000 87 17 12 89 104 16
1 1588 1589 10000000 68 117 51 74 129 94
1 1588 1590 10000000 74 102 18 75 60 13
1 1588 1591 10000000 68 83 26 73 65 18
0 1592 1592 10000000 90 17 14 94 112 18
1 1592 1593 10000000 69 153 45 74 105 93
1 1592 1594 10000000 70 81 21 76 55 14
0 1595 1595 10000000 85 96 41 88 114 50
1 1595 1596 10000000 70 187 70 76 91 96
1 1595 1597 10000000 259 212 88 85 139 143
0 1598 1598 10000000 88 45 65 91 117 19
1 1598 1599 10000000 71 217 93 82 168 160
1 1598 1600 10000000 80 173 53 87 94 94
0 1601 1601 10000000 84 28 20 94 121 92
1 1601 1602 10000000 70 199 86 78 137 161
1 1601 1603 10000000 70 208 126 76 156 155
0 1604 1604 10000000 87 136 77 95 137 106
1 1604 1605 10000000 80 224 77 82 476 389
1 1604 1606 10000000 110 218 120 77 147 154
0 1607 1607 10000000 87 119 91 97 206 109
1 1607 1608 10000000 78 111 20 82 64 14
1 1607 1609 10000000 76 484 270 81 616 663
1 1607 1610 10000000 76 340 150 99 782 740
0 1611 1611 10000000 83 88 55 112 152 71
1 1611 1612 10000000 80 240 92 92 719 612
1 1611 1613 10000000 82 317 90 107 143 142
1 1611 1614 10000000 83 671 1743 90 415 219
0 1615 1615 10000000 90 27 39 98 100 17
1 1615 1616 10000000 70 208 83 86 96 116
1 1615 1617 10000000 69 174 88 82 74 73
0 1618 1618 10000000 84 39 64 98 90 18
1 1618 1619 10000000 70 197 85 82 116 127
1 1618 1620 10000000 71 209 117 85 453 464
0 1621 1621 10000000 90 99 67 98 174 75
1 1621 1622 10000000 68 162 70 80 631 543
1 1621 1623 10000000 68 318 125 78 807 674
0 1624 1624 10000000 84 24 41 96 110 17
1 1624 1625 10000000 72 193 107 79 492 457
1 1624 1626 10000000 71 228 116 78 235 211
0 1627 1627 10000000 84 275 206 100 273 165
1 1627 1628 10000000 70 94 21 78 66 23
1 1627 1629 10000000 77 357 195 96 531 252
1 1627 1630 10000000 73 330 177 91 264 235
0 1631 1631 10000000 86 32 54 101 111 20
1 1631 1632 10000000 81 266 126 112 98 81
1 1631 1633 10000000 68 220 127 83 98 76
1 1631 1634 10000000 70 203 128 78 99 77
0 1635 1635 10000000 82 131 109 105 180 84
1 1635 1636 10000000 70 236 133 79 244 215
1 1635 1637 10000000 86 197 69 82 96 86
1 1635 1638 10000000 72 181 62 77 665 592
0 1639 1639 10000000 89 24 35 101 1441 18
1 1639 1640 10000000 80 231 86 100 848 659
1 1639 1641 10000000 75 204 64 91 96 94
0 1642 1642 10000000 87 107 63 104 118 51
1 1642 1643 10000000 70 235 133 82 1301 873
1 1642 1644 10000000 70 295 144 81 427 414
1 1642 1645 10000000 71 336 189 81 1408 1000
0 1646 1646 10000000 88 29 37 100 110 20
1 1646 1647 10000000 68 219 105 84 724 577
1 1646 1648 10000000 68 204 84 83 239 199
1 1646 1649 10000000 71 241 119 80 640 512
0 1650 1650 10000000 86 105 75 100 104 30
1 1650 1651 10000000 72 222 82 96 626 1103
1 1650 1652 10000000 69 81 18 85 19 15
1 1650 1653 10000000 77 183 60 89 785 461
0 1654 1654 10000000 85 174 151 102 195 109
1 1654 1655 10000000 72 192 79 85 222 200
1 1654 1656 10000000 70 251 157 84 583 352
1 1654 1657 10000000 71 354 256 84 934 746
0 1658 1658 10000000 86 100 106 100 204 97
1 1658 1659 10000000 68 265 95 85 249 212
1 1658 1660 10000000 93 215 69 94 162 286
0 1661 1661 10000000 89 162 113 102 139 85
1 1661 1662 10000000 76 232 77 89 706 582
1 1661 1663 10000000 73 407 247 78 1299 966
1 1661 1664 10000000 83 325 156 133 1337 1101
0 1665 1665 10000000 93 114 99 76 208 138
1 1665 1666 10000000 73 233 131 67 292 471
1 1665 1667 10000000 73 247 137 66 165 207
0 1668 1668 10000000 95 18 14 80 104 21
1 1668 1669 10000000 76 199 74 228 182 176
1 1668 1670 10000000 79 549 379 103 914 547
0 1671 1671 10000000 89 124 105 84 104 17
1 1671 1672 10000000 76 295 174 74 255 439
1 1671 1673 10000000 75 203 98 81 61 49
0 1674 1674 10000000 91 25 24 83 123 67
1 1674 1675 10000000 74 217 115 87 328 475
1 1674 1676 10000000 76 557 370 100 544 475
1 1674 1677 10000000 74 233 1203 72 226 330
0 1678 1678 10000000 92 121 107 86 104 15
1 1678 1679 10000000 73 215 128 75 124 111
1 1678 1680 10000000 84 334 111 130 85 53
0 1681 1681 10000000 90 97 59 87 127 69
1 1681 1682 10000000 74 355 233 73 851 722
1 1681 1683 10000000 77 609 370 82 607 472
0 1684 1684 10000000 92 17 14 95 97 18
1 1684 1685 10000000 74 239 140 74 133 139
1 1684 1686 10000000 75 583 381 74 405 478
1 1684 1687 10000000 75 322 200 74 412 446
0 1688 1688 10000000 92 127 111 91 110 17
1 1688 1689 10000000 80 263 125 80 102 116
1 1688 1690 10000000 73 191 94 74 58 46
1 1688 1691 10000000 76 301 176 74 257 276
0 1692 1692 10000000 90 106 103 97 209 142
1 1692 1693 10000000 77 311 164 84 324 352
1 1692 1694 10000000 74 222 117 78 164 356
0 1695 1695 10000000 88 16 13 91 222 18
1 1695 1696 10000000 77 267 149 74 282 289
1 1695 1697 10000000 74 544 322 73 398 503
1 1695 1698 10000000 78 184 73 87 527 411
0 1699 1699 10000000 91 26 42 91 98 18
1 1699 1700 10000000 75 249 115 74 227 217
1 1699 1701 10000000 75 505 340 74 394 483
1 1699 1702 10000000 76 180 63 73 588 402
0 1703 1703 10000000 93 29 32 93 105 19
1 1703 1704 10000000 74 230 118 75 282 249
1 1703 1705 10000000 83 229 109 77 1724 216
1 1703 1706 10000000 76 256 133 83 275 243
0 1707 1707 10000000 85 117 108 95 99 18
1 1707 1708 10000000 76 278 152 77 605 548
1 1707 1709 10000000 74 278 183 74 163 155
0 1710 1710 10000000 90 31 38 95 106 36
1 1710 1711 10000000 75 252 143 78 583 594
1 1710 1712 10000000 75 344 220 81 287 264
0 1713 1713 10000000 89 199 157 99 244 162
1 1713 1714 10000000 79 262 146 78 206 194
1 1713 1715 10000000 75 531 358 75 405 479
0 1716 1716 10000000 88 99 83 99 203 85
1 1716 1717 10000000 88 307 177 83 374 406
1 1716 1718 10000000 74 402 252 78 294 368
0 1719 1719 10000000 84 31 46 101 105 18
1 1719 1720 10000000 81 355 187 87 762 704
1 1719 1721 10000000 75 412 251 80 274 341
0 1722 1722 10000000 94 128 119 105 119 17
1 1722 1723 10000000 75 85 20 80 60 13
1 1722 1724 10000000 80 524 277 80 369 422
0 1725 1725 10000000 88 41 65 105 110 20
1 1725 1726 10000000 75 156 66 82 129 133
1 1725 1727 10000000 73 198 95 83 230 198
1 1725 1728 10000000 78 147 40 82 301 280
0 1729 1729 10000000 95 25 31 127 118 21
1 1729 1730 10000000 74 241 128 82 279 229
1 1729 1731 10000000 78 131 69 84 129 91
0 1732 1732 10000000 89 115 105 100 96 15
1 1732 1733 10000000 78 267 107 109 502 376
1 1732 1734 10000000 73 172 69 85 122 128
0 1735 1735 10000000 92 18 12 102 105 19
1 1735 1736 10000000 82 207 44 88 351 294
1 1735 1737 10000000 73 96 23 85 63 13
0 1738 1738 10000000 93 165 133 104 277 184
1 1738 1739 10000000 79 213 93 86 77 81
1 1738 1740 10000000 85 278 108 94 186 198
0 1741 1741 10000000 92 17 13 100 97 17
1 1741 1742 10000000 76 116 28 83 73 21
1 1741 1743 10000000 75 203 127 80 216 193
0 1744 1744 10000000 92 139 108 81 235 134
1 1744 1745 10000000 84 259 138 85 378 521
1 1744 1746 10000000 76 121 26 69 101 17
0 1747 1747 10000000 91 140 76 83 138 107
1 1747 1748 10000000 82 494 21 94 71 13
1 1747 1749 10000000 74 256 143 69 630 422
0 1750 1750 10000000 94 112 68 85 128 77
1 1750 1751 10000000 72 171 98 72 242 235
1 1750 1752 10000000 72 342 177 71 1085 808
0 1753 1753 10000000 90 29 46 88 99 24
1 1753 1754 10000000 73 193 70 78 352 422
1 1753 1755 10000000 541 343 179 81 1056 825
0 1756 1756 10000000 87 23 32 86 100 18
1 1756 1757 10000000 74 162 128 75 432 493
1 1756 1758 10000000 74 329 176 77 1057 794
0 1759 1759 10000000 89 82 39 87 112 46
1 1759 1760 10000000 74 189 56 74 98 79
1 1759 1761 10000000 171 324 176 73 1004 768
0 1762 1762 10000000 91 23 29 96 93 19
1 1762 1763 10000000 74 182 87 89 105 85
1 1762 1764 10000000 77 354 193 75 856 775
0 1765 1765 10000000 88 30 48 92 101 17
1 1765 1766 10000000 73 172 66 76 103 86
1 1765 1767 10000000 74 340 202 73 966 723
0 1768 1768 10000000 98 95 55 91 117 74
1 1768 1769 10000000 74 179 75 76 240 245
1 1768 1770 10000000 82 382 187 82 835 794
0 1771 1771 10000000 91 103 58 88 124 86
1 1771 1772 10000000 75 201 86 75 147 114
1 1771 1773 10000000 73 328 174 76 762 705
0 1774 1774 10000000 95 22 30 93 86 17
1 1774 1775 10000000 76 162 49 79 85 57
1 1774 1776 10000000 104 305 176 78 767 697
0 1777 1777 10000000 140 253 90 109 178 101
1 1777 1778 10000000 78 107 46 72 188 144
1 1777 1779 10000000 80 288 160 73 566 538
0 1780 1780 10000000 86 75 28 101 108 54
1 1780 1781 10000000 72 203 121 72 302 206
1 1780 1782 10000000 74 268 145 76 567 518
0 1783 1783 10000000 95 107 62 100 120 66
1 1783 1784 10000000 73 202 117 74 239 203
1 1783 1785 10000000 75 362 208 75 1066 823
0 1786 1786 10000000 88 171 117 103 195 134
1 1786 1787 10000000 75 195 79 77 373 335
1 1786 1788 10000000 74 448 286 77 1105 839
0 1789 1789 10000000 88 32 48 102 100 19
1 1789 1790 10000000 72 253 133 78 254 201
1 1789 1791 10000000 74 374 248 78 1917 895
