0 0 0 10000000 93 16 12 96 89 19
1 0 1 10000000 100 108 26 92 72 20
1 0 2 10000000 101 103 16 96 16 13
1 0 3 10000000 101 173 45 95 31 26
0 4 4 10000000 97 23 14 100 101 17
1 4 5 10000000 101 119 27 97 76 20
1 4 6 10000000 107 94 19 105 17 13
1 4 7 10000000 98 161 40 99 30 24
0 8 8 10000000 93 16 12 114 102 18
1 8 9 10000000 99 161 27 96 25 22
1 8 10 10000000 98 90 16 98 16 12
1 8 11 10000000 106 168 42 97 42 32
0 12 12 10000000 94 16 13 107 96 17
1 12 13 10000000 97 161 32 98 24 22
1 12 14 10000000 98 90 16 101 17 13
1 12 15 10000000 97 158 40 98 29 25
0 16 16 10000000 97 16 14 106 106 19
1 16 17 10000000 100 161 34 116 53 29
1 16 18 10000000 128 97 18 98 17 15
0 19 19 10000000 94 16 12 106 88 17
1 19 20 10000000 102 114 24 104 67 20
1 19 21 10000000 98 110 19 106 62 11
1 19 22 10000000 101 203 43 109 57 36
0 23 23 10000000 103 19 14 114 117 18
1 23 24 10000000 101 165 44 106 33 25
1 23 25 10000000 139 145 19 122 17 16
1 23 26 10000000 100 168 40 100 51 34
0 27 27 10000000 93 19 13 111 88 17
1 27 28 10000000 99 175 43 106 44 30
1 27 29 10000000 100 116 33 107 66 20
1 27 30 10000000 103 181 41 105 54 48
0 31 31 10000000 98 22 13 538 98 18
1 31 32 10000000 103 158 28 111 26 22
1 31 33 10000000 98 111 24 103 70 18
1 31 34 10000000 100 159 41 106 33 30
0 35 35 10000000 96 18 14 146 118 32
1 35 36 10000000 98 172 42 118 32 27
1 35 37 10000000 99 109 20 111 58 13
0 38 38 10000000 98 21 13 117 106 19
1 38 39 10000000 98 161 42 114 32 26
1 38 40 10000000 104 91 17 104 18 14
0 41 41 10000000 99 19 12 118 107 17
1 41 42 10000000 102 164 28 112 29 24
1 41 43 10000000 95 86 17 104 21 12
1 41 44 10000000 104 167 28 128 29 24
0 45 45 10000000 94 20 11 120 198 84
1 45 46 10000000 100 113 21 115 66 15
1 45 47 10000000 104 115 23 119 69 19
1 45 48 10000000 98 176 37 116 46 30
0 49 49 10000000 113 16 12 119 86 17
1 49 50 10000000 98 161 27 112 25 22
1 49 51 10000000 99 122 27 115 68 22
1 49 52 10000000 98 183 44 114 56 51
0 53 53 10000000 94 16 13 121 97 16
1 53 54 10000000 102 169 40 118 30 25
1 53 55 10000000 101 91 19 110 17 12
1 53 56 10000000 101 177 41 116 45 27
0 57 57 10000000 93 17 12 122 99 22
1 57 58 10000000 99 166 44 113 43 28
1 57 59 10000000 102 90 19 116 17 13
1 57 60 10000000 98 172 40 117 31 25
0 61 61 10000000 95 18 12 121 96 22
1 61 62 10000000 101 157 26 111 25 23
1 61 63 10000000 98 108 24 109 71 22
1 61 64 10000000 98 167 39 116 51 33
0 65 65 10000000 100 18 15 111 101 17
1 65 66 10000000 109 189 41 113 31 26
1 65 67 10000000 103 99 17 105 19 13
0 68 68 10000000 99 18 12 111 105 19
1 68 69 10000000 117 161 32 112 26 22
1 68 70 10000000 104 180 58 108 103 111
1 68 71 10000000 107 118 26 119 79 21
0 72 72 10000000 99 459 15 115 111 21
1 72 73 10000000 100 115 25 119 67 20
1 72 74 10000000 104 88 17 104 18 14
0 75 75 10000000 106 21 14 121 104 19
1 75 76 10000000 104 111 24 114 67 20
1 75 77 10000000 105 101 19 117 21 14
0 78 78 10000000 102 18 13 119 105 17
1 78 79 10000000 101 112 18 117 67 15
1 78 80 10000000 103 115 25 117 68 20
1 78 81 10000000 101 113 24 117 70 21
0 82 82 10000000 99 20 12 119 108 35
1 82 83 10000000 104 102 20 112 62 15
1 82 84 10000000 103 194 63 116 91 86
1 82 85 10000000 102 186 43 114 59 51
0 86 86 10000000 101 17 13 122 108 52
1 86 87 10000000 105 116 25 116 72 20
1 86 88 10000000 107 683 24 124 64 13
1 86 89 10000000 119 162 38 116 31 25
0 90 90 10000000 100 19 14 120 97 19
1 90 91 10000000 107 111 19 120 64 14
1 90 92 10000000 103 99 19 115 63 14
1 90 93 10000000 105 153 27 117 26 22
0 94 94 10000000 104 17 12 124 102 18
1 94 95 10000000 103 153 28 123 26 23
1 94 96 10000000 110 102 20 122 19 14
1 94 97 10000000 105 168 37 123 49 29
0 98 98 10000000 101 19 15 124 103 17
1 98 99 10000000 103 104 24 123 70 20
1 98 100 10000000 106 195 19 113 18 12
0 101 101 10000000 104 18 13 124 108 18
1 101 102 10000000 107 173 40 119 31 28
1 101 103 10000000 105 96 18 122 18 14
0 104 104 10000000 101 18 14 125 111 19
1 104 105 10000000 104 111 25 122 68 20
1 104 106 10000000 107 99 18 123 19 13
0 107 107 10000000 128 17 14 98 98 17
1 107 108 10000000 120 118 28 95 73 20
1 107 109 10000000 119 97 16 97 16 13
0 110 110 10000000 124 19 15 104 92 18
1 110 111 10000000 119 113 24 101 71 20
1 110 112 10000000 118 109 25 101 71 20
1 110 113 10000000 120 361 176 96 115 109
0 114 114 10000000 124 16 13 107 100 15
1 114 115 10000000 120 157 28 98 25 23
1 114 116 10000000 122 91 16 101 16 13
0 117 117 10000000 128 17 12 112 104 17
1 117 118 10000000 129 346 179 106 104 96
1 117 119 10000000 114 267 142 103 71 60
0 120 120 10000000 126 16 13 113 104 20
1 120 121 10000000 125 112 24 108 69 21
1 120 122 10000000 127 93 17 105 16 13
0 123 123 10000000 125 19 13 117 105 18
1 123 124 10000000 121 170 44 106 31 24
1 123 125 10000000 119 88 19 111 19 12
0 126 126 10000000 124 16 13 119 112 17
1 126 127 10000000 121 171 29 111 29 23
1 126 128 10000000 119 89 18 108 15 13
0 129 129 10000000 143 18 13 129 123 21
1 129 130 10000000 120 185 58 110 57 36
1 129 131 10000000 122 119 57 117 75 24
0 132 132 10000000 132 17 13 127 111 18
1 132 133 10000000 123 186 56 116 57 31
1 132 134 10000000 119 100 17 113 17 14
0 135 135 10000000 121 16 14 122 97 17
1 135 136 10000000 121 383 198 115 232 120
1 135 137 10000000 117 95 15 113 17 13
0 138 138 10000000 125 17 13 128 105 21
1 138 139 10000000 121 118 27 116 64 22
1 138 140 10000000 127 86 17 109 16 13
0 141 141 10000000 139 17 16 123 118 81
1 141 142 10000000 127 124 23 120 67 20
1 141 143 10000000 122 353 177 120 106 103
1 141 144 10000000 127 278 128 119 84 68
0 145 145 10000000 134 17 12 133 124 52
1 145 146 10000000 121 115 24 134 66 21
1 145 147 10000000 119 103 17 121 17 13
0 148 148 10000000 122 20 13 133 108 32
1 148 149 10000000 119 161 29 122 30 22
1 148 150 10000000 115 84 16 111 16 13
0 151 151 10000000 125 17 12 132 125 70
1 151 152 10000000 121 260 119 126 78 70
1 151 153 10000000 119 91 19 118 17 13
0 154 154 10000000 134 17 12 137 108 19
1 154 155 10000000 121 167 27 127 27 22
1 154 156 10000000 122 323 175 123 97 85
1 154 157 10000000 121 324 175 122 101 96
0 158 158 10000000 124 18 13 143 96 16
1 158 159 10000000 123 151 27 125 27 55
1 158 160 10000000 122 347 182 124 540 403
1 158 161 10000000 121 300 141 154 523 403
0 162 162 10000000 141 20 15 104 110 17
1 162 163 10000000 131 173 45 97 32 25
1 162 164 10000000 134 101 17 95 24 13
0 165 165 10000000 146 19 12 104 105 20
1 165 166 10000000 137 334 150 102 107 109
1 165 167 10000000 133 91 17 98 21 15
0 168 168 10000000 142 17 13 109 97 16
1 168 169 10000000 138 303 176 103 86 80
1 168 170 10000000 131 300 156 104 80 80
1 168 171 10000000 133 179 41 106 31 26
0 172 172 10000000 138 19 12 117 93 22
1 172 173 10000000 139 1431 313 102 143 136
1 172 174 10000000 132 513 288 105 131 137
1 172 175 10000000 138 579 331 146 156 180
0 176 176 10000000 167 20 14 143 138 68
1 176 177 10000000 139 360 182 111 107 95
1 176 178 10000000 134 314 166 111 87 81
1 176 179 10000000 133 588 330 109 160 286
0 180 180 10000000 145 19 13 123 108 36
1 180 181 10000000 134 291 159 111 82 76
1 180 182 10000000 135 545 326 109 139 152
1 180 183 10000000 134 333 164 112 111 103
0 184 184 10000000 145 16 13 120 88 17
1 184 185 10000000 131 289 191 108 90 92
1 184 186 10000000 174 184 72 111 49 32
0 187 187 10000000 138 20 12 128 105 17
1 187 188 10000000 131 333 164 834 93 93
1 187 189 10000000 135 358 190 113 105 95
1 187 190 10000000 130 451 237 114 130 134
0 191 191 10000000 142 17 14 127 114 50
1 191 192 10000000 132 564 285 116 127 131
1 191 193 10000000 132 808 535 120 188 248
1 191 194 10000000 133 561 303 116 158 282
0 195 195 10000000 148 18 16 127 95 16
1 195 196 10000000 131 547 303 120 151 153
1 195 197 10000000 130 100 17 122 19 13
0 198 198 10000000 144 25 14 138 99 19
1 198 199 10000000 236 929 40 129 34 25
1 198 200 10000000 139 567 239 165 220 129
1 198 201 10000000 147 229 40 1100 501 34
0 202 202 10000000 139 20 13 134 113 20
1 202 203 10000000 129 158 33 121 48 31
1 202 204 10000000 132 111 18 125 59 13
0 205 205 10000000 136 17 10 131 183 85
1 205 206 10000000 141 327 38 127 33 24
1 205 207 10000000 134 804 432 130 192 313
1 205 208 10000000 135 590 314 130 160 176
0 209 209 10000000 163 19 18 135 111 28
1 209 210 10000000 135 561 304 123 155 172
1 209 211 10000000 130 101 19 124 61 13
0 212 212 10000000 151 18 13 139 109 17
1 212 213 10000000 132 532 306 125 142 150
1 212 214 10000000 131 110 19 124 57 13
0 215 215 10000000 143 18 12 142 113 17
1 215 216 10000000 134 109 25 133 71 21
1 215 217 10000000 133 113 19 124 51 13
0 218 218 10000000 143 18 13 173 97 19
1 218 219 10000000 139 351 162 138 105 100
1 218 220 10000000 138 313 154 128 82 80
0 221 221 10000000 136 21 14 142 97 20
1 221 222 10000000 136 173 42 133 39 28
1 221 223 10000000 132 107 19 126 65 14
0 224 224 10000000 145 18 15 152 118 20
1 224 225 10000000 136 170 40 137 34 27
1 224 226 10000000 133 803 431 129 200 317
1 224 227 10000000 134 571 299 128 173 196
0 228 228 10000000 151 16 23 245 224 110
1 228 229 10000000 134 163 28 142 28 21
1 228 230 10000000 138 426 222 136 133 137
1 228 231 10000000 136 465 282 139 146 153
0 232 232 10000000 142 18 13 137 92 19
1 232 233 10000000 132 279 149 127 285 259
1 232 234 10000000 138 434 226 127 678 658
1 232 235 10000000 134 862 544 125 859 783
0 236 236 10000000 125 18 13 136 114 17
1 236 237 10000000 116 178 38 138 46 29
1 236 238 10000000 112 112 25 142 64 14
1 236 239 10000000 114 185 35 138 51 30
0 240 240 10000000 122 19 13 140 106 51
1 240 241 10000000 118 216 57 148 160 157
1 240 242 10000000 236 217 52 254 155 157
0 243 243 10000000 126 22 14 144 117 18
1 243 244 10000000 116 219 49 142 51 57
1 243 245 10000000 119 129 18 144 66 15
0 246 246 10000000 123 17 13 296 108 17
1 246 247 10000000 115 251 105 134 449 385
1 246 248 10000000 120 125 19 153 71 15
0 249 249 10000000 122 19 12 143 112 17
1 249 250 10000000 114 101 20 145 18 13
1 249 251 10000000 112 110 18 144 59 14
0 252 252 10000000 120 17 14 146 122 60
1 252 253 10000000 114 827 134 186 526 464
1 252 254 10000000 125 327 446 141 580 480
1 252 255 10000000 115 485 206 140 528 718
0 256 256 10000000 122 18 13 142 96 17
1 256 257 10000000 112 188 69 140 376 322
1 256 258 10000000 117 310 127 141 441 419
1 256 259 10000000 113 511 216 143 491 623
0 260 260 10000000 121 19 13 142 95 18
1 260 261 10000000 113 191 72 141 123 110
1 260 262 10000000 114 322 159 139 495 438
0 263 263 10000000 122 23 14 151 105 17
1 263 264 10000000 4790 347 64 428 35 26
1 263 265 10000000 116 104 19 141 18 13
0 266 266 10000000 117 19 12 152 101 19
1 266 267 10000000 117 236 45 183 67 34
1 266 268 10000000 116 111 19 151 19 13
0 269 269 10000000 128 18 15 159 107 19
1 269 270 10000000 117 123 27 148 73 20
1 269 271 10000000 113 102 18 149 19 17
0 272 272 10000000 129 18 12 149 266 17
1 272 273 10000000 112 219 91 158 349 305
1 272 274 10000000 109 90 16 136 16 12
0 275 275 10000000 128 18 13 157 110 22
1 275 276 10000000 114 191 44 154 56 48
1 275 277 10000000 114 98 18 149 17 12
0 278 278 10000000 124 19 13 150 102 17
1 278 279 10000000 109 100 16 128 19 13
1 278 280 10000000 113 100 20 142 60 13
0 281 281 10000000 134 16 13 137 92 19
1 281 282 10000000 127 169 37 146 47 28
1 281 283 10000000 123 371 198 151 955 822
0 284 284 10000000 132 16 16 141 93 17
1 284 285 10000000 121 277 126 146 632 500
1 284 286 10000000 130 202 42 608 45 28
1 284 287 10000000 127 341 174 147 924 829
0 288 288 10000000 136 18 13 140 95 18
1 288 289 10000000 126 173 38 152 47 29
1 288 290 10000000 122 305 130 152 629 575
1 288 291 10000000 126 470 264 153 970 844
0 292 292 10000000 141 16 12 140 97 21
1 292 293 10000000 123 299 141 146 536 542
1 292 294 10000000 129 114 22 152 20 13
0 295 295 10000000 135 19 13 147 98 16
1 295 296 10000000 129 215 88 149 369 311
1 295 297 10000000 127 352 186 148 843 1235
1 295 298 10000000 124 175 36 146 49 33
0 299 299 10000000 142 16 13 142 92 17
1 299 300 10000000 128 196 67 152 338 275
1 299 301 10000000 126 351 181 149 844 689
1 299 302 10000000 126 295 145 154 829 686
0 303 303 10000000 136 16 12 144 92 17
1 303 304 10000000 126 166 42 149 30 25
1 303 305 10000000 121 283 135 149 806 652
0 306 306 10000000 134 18 13 147 95 17
1 306 307 10000000 140 457 250 162 868 808
1 306 308 10000000 125 100 20 148 18 13
0 309 309 10000000 147 18 14 147 123 21
1 309 310 10000000 128 172 34 150 46 30
1 309 311 10000000 121 297 140 151 756 624
0 312 312 10000000 141 17 16 148 100 19
1 312 313 10000000 127 269 37 147 55 36
1 312 314 10000000 127 280 118 165 745 759
1 312 315 10000000 123 570 162 154 783 869
0 316 316 10000000 141 17 12 154 113 17
1 316 317 10000000 125 181 27 158 26 23
1 316 318 10000000 253 124 19 159 60 12
0 319 319 10000000 135 18 13 150 97 17
1 319 320 10000000 148 345 141 209 345 336
1 319 321 10000000 169 264 138 156 724 554
0 322 322 10000000 143 21 13 152 112 18
1 322 323 10000000 128 737 26 162 30 26
1 322 324 10000000 121 116 20 152 61 13
0 325 325 10000000 143 18 13 153 122 20
1 325 326 10000000 125 125 23 166 70 24
1 325 327 10000000 120 261 137 158 320 277
0 328 328 10000000 143 18 13 155 116 17
1 328 329 10000000 134 961 46 164 83 57
1 328 330 10000000 127 117 21 165 64 15
0 331 331 10000000 143 16 14 159 100 18
1 331 332 10000000 129 5486 41 343 77 39
1 331 333 10000000 134 138 24 179 80 19
1 331 334 10000000 134 242 65 166 71 49
0 335 335 10000000 133 18 13 160 99 15
1 335 336 10000000 134 199 43 161 62 37
1 335 337 10000000 127 100 19 157 17 14
1 335 338 10000000 126 189 46 156 60 53
0 339 339 10000000 141 17 12 161 99 22
1 339 340 10000000 126 172 27 154 25 22
1 339 341 10000000 126 125 27 158 75 19
0 342 342 10000000 138 20 14 143 98 16
1 342 343 10000000 121 159 45 150 31 28
1 342 344 10000000 123 102 18 144 59 16
0 345 345 10000000 134 17 11 147 108 18
1 345 346 10000000 124 106 20 149 19 13
1 345 347 10000000 120 121 20 318 61 14
0 348 348 10000000 132 17 12 147 100 16
1 348 349 10000000 122 270 115 157 751 695
1 348 350 10000000 121 236 78 158 131 128
1 348 351 10000000 340 1203 218 563 953 943
0 352 352 10000000 134 16 13 162 103 17
1 352 353 10000000 120 234 95 153 135 141
1 352 354 10000000 118 107 21 146 59 14
0 355 355 10000000 138 15 13 158 111 18
1 355 356 10000000 124 367 182 151 855 738
1 355 357 10000000 126 114 20 153 60 13
0 358 358 10000000 137 17 14 163 104 17
1 358 359 10000000 128 121 24 153 65 20
1 358 360 10000000 126 103 19 153 56 13
0 361 361 10000000 137 18 12 676 105 17
1 361 362 10000000 130 265 114 157 738 571
1 361 363 10000000 127 307 124 157 804 584
0 364 364 10000000 138 17 13 463 103 17
1 364 365 10000000 153 154 35 186 80 24
1 364 366 10000000 126 248 75 160 117 124
0 367 367 10000000 137 19 13 162 110 19
1 367 368 10000000 129 180 36 162 55 31
1 367 369 10000000 121 165 27 159 27 23
0 370 370 10000000 136 16 12 156 96 15
1 370 371 10000000 122 169 37 161 51 30
1 370 372 10000000 125 110 23 162 69 20
0 373 373 10000000 133 16 13 156 95 16
1 373 374 10000000 128 226 74 155 115 134
1 373 375 10000000 127 119 18 162 63 19
0 376 376 10000000 147 17 16 183 142 19
1 376 377 10000000 249 239 71 170 121 122
1 376 378 10000000 135 218 215 161 368 1928
1 376 379 10000000 122 242 92 161 126 136
0 380 380 10000000 141 20 13 168 101 20
1 380 381 10000000 135 198 39 676 45 26
1 380 382 10000000 129 195 50 163 64 57
1 380 383 10000000 120 342 153 165 169 201
0 384 384 10000000 135 16 13 159 97 18
1 384 385 10000000 123 185 42 160 53 37
1 384 386 10000000 122 97 19 157 17 12
1 384 387 10000000 223 211 50 171 48 55
0 388 388 10000000 136 18 13 164 97 17
1 388 389 10000000 126 160 40 162 31 25
1 388 390 10000000 122 111 21 164 61 14
0 391 391 10000000 135 18 13 160 101 17
1 391 392 10000000 128 190 44 179 57 28
1 391 393 10000000 125 380 174 170 642 518
1 391 394 10000000 128 196 59 170 49 45
0 395 395 10000000 133 18 13 167 93 18
1 395 396 10000000 122 193 42 174 55 52
1 395 397 10000000 129 389 168 169 649 494
1 395 398 10000000 123 184 43 169 59 49
0 399 399 10000000 133 16 12 161 92 18
1 399 400 10000000 128 175 42 191 59 50
1 399 401 10000000 122 270 118 162 1169 958
0 402 402 10000000 141 17 13 146 100 19
1 402 403 10000000 129 316 161 156 923 754
1 402 404 10000000 130 344 178 157 938 920
1 402 405 10000000 128 446 300 153 962 810
0 406 406 10000000 136 16 13 148 98 16
1 406 407 10000000 160 174 39 156 36 30
1 406 408 10000000 128 513 430 159 952 779
1 406 409 10000000 131 579 350 145 1058 797
0 410 410 10000000 148 18 12 145 98 19
1 410 411 10000000 128 379 195 157 852 743
1 410 412 10000000 128 98 18 154 66 14
1 410 413 10000000 125 351 192 144 868 730
0 414 414 10000000 137 19 12 147 93 17
1 414 415 10000000 130 324 146 166 746 690
1 414 416 10000000 139 559 191 172 784 1207
1 414 417 10000000 131 392 199 163 851 778
0 418 418 10000000 143 17 14 156 101 18
1 418 419 10000000 136 181 40 172 53 30
1 418 420 10000000 129 170 34 151 43 29
1 418 421 10000000 164 208 47 162 49 53
0 422 422 10000000 136 17 12 145 93 17
1 422 423 10000000 126 180 47 148 49 51
1 422 424 10000000 128 88 19 158 62 16
0 425 425 10000000 135 23 12 150 89 16
1 425 426 10000000 126 187 34 160 49 32
1 425 427 10000000 129 333 188 157 771 710
1 425 428 10000000 129 155 42 157 36 27
0 429 429 10000000 141 20 12 151 99 16
1 429 430 10000000 172 237 54 188 53 56
1 429 431 10000000 125 90 16 139 17 16
0 432 432 10000000 137 18 13 161 101 18
1 432 433 10000000 130 144 28 150 26 22
1 432 434 10000000 130 387 186 152 664 513
1 432 435 10000000 131 396 185 157 665 527
0 436 436 10000000 141 17 13 160 96 17
1 436 437 10000000 132 170 45 156 59 50
1 436 438 10000000 136 114 21 159 68 21
1 436 439 10000000 192 196 46 164 50 53
0 440 440 10000000 139 17 13 158 94 16
1 440 441 10000000 134 162 29 153 25 23
1 440 442 10000000 131 108 19 159 55 13
1 440 443 10000000 216 310 40 304 36 47
0 444 444 10000000 141 18 12 163 102 17
1 444 445 10000000 133 151 28 150 29 23
1 444 446 10000000 132 390 200 162 597 454
1 444 447 10000000 134 241 61 164 78 67
0 448 448 10000000 136 17 12 175 98 18
1 448 449 10000000 130 209 50 164 49 57
1 448 450 10000000 131 113 18 162 61 15
0 451 451 10000000 138 19 12 162 98 17
1 451 452 10000000 131 165 27 159 27 23
1 451 453 10000000 135 105 20 165 60 16
1 451 454 10000000 136 399 187 159 517 420
0 455 455 10000000 141 17 11 163 103 20
1 455 456 10000000 147 204 30 189 30 25
1 455 457 10000000 133 166 39 161 51 33
1 455 458 10000000 131 168 39 162 58 35
0 459 459 10000000 141 16 13 162 93 20
1 459 460 10000000 128 369 184 158 496 387
1 459 461 10000000 135 255 144 169 442 322
0 462 462 10000000 139 19 12 162 102 17
1 462 463 10000000 134 328 188 158 3038 932
1 462 464 10000000 130 324 191 159 1132 1039
0 465 465 10000000 142 17 13 146 95 16
1 465 466 10000000 128 180 41 144 59 38
1 465 467 10000000 127 377 201 150 688 711
1 465 468 10000000 137 460 356 147 930 726
0 469 469 10000000 185 23 26 181 137 32
1 469 470 10000000 138 201 41 158 56 36
1 469 471 10000000 131 116 21 156 67 17
0 472 472 10000000 141 16 13 149 169 16
1 472 473 10000000 126 168 41 150 45 30
1 472 474 10000000 129 103 17 150 60 13
0 475 475 10000000 157 17 13 153 95 17
1 475 476 10000000 129 287 170 161 935 661
1 475 477 10000000 131 315 174 153 787 693
0 478 478 10000000 145 18 14 152 111 18
1 478 479 10000000 130 289 160 158 740 660
1 478 480 10000000 126 286 161 153 733 660
0 481 481 10000000 139 17 14 152 90 16
1 481 482 10000000 125 357 197 154 771 701
1 481 483 10000000 133 288 160 157 767 681
0 484 484 10000000 161 19 15 162 119 19
1 484 485 10000000 131 175 27 167 26 31
1 484 486 10000000 149 146 23 194 85 19
0 487 487 10000000 147 22 13 155 105 17
1 487 488 10000000 129 168 38 150 31 24
1 487 489 10000000 127 367 209 153 762 744
1 487 490 10000000 125 179 48 149 50 52
0 491 491 10000000 142 16 13 161 93 17
1 491 492 10000000 138 189 47 152 49 54
1 491 493 10000000 127 101 19 161 69 17
0 494 494 10000000 273 26 16 226 175 27
1 494 495 10000000 131 171 43 152 35 26
1 494 496 10000000 133 360 186 170 748 754
0 497 497 10000000 142 17 18 156 96 17
1 497 498 10000000 128 229 138 153 673 524
1 497 499 10000000 133 435 224 163 719 711
1 497 500 10000000 130 405 214 260 719 644
0 501 501 10000000 143 16 14 157 99 17
1 501 502 10000000 127 163 29 141 28 23
1 501 503 10000000 131 536 389 144 710 673
0 504 504 10000000 141 18 13 153 92 17
1 504 505 10000000 128 159 29 144 27 23
1 504 506 10000000 132 364 193 142 652 647
1 504 507 10000000 124 162 28 147 28 24
0 508 508 10000000 142 16 13 150 86 16
1 508 509 10000000 129 165 41 157 45 29
1 508 510 10000000 134 163 42 145 32 119
0 511 511 10000000 145 19 12 159 102 18
1 511 512 10000000 127 376 212 144 593 579
1 511 513 10000000 130 107 21 158 65 16
0 514 514 10000000 141 17 14 151 111 19
1 514 515 10000000 129 164 38 154 30 26
1 514 516 10000000 125 343 179 149 1432 955
1 514 517 10000000 122 283 154 133 889 730
0 518 518 10000000 142 17 13 148 90 18
1 518 519 10000000 271 132 19 167 77 14
1 518 520 10000000 129 99 22 157 18 13
0 521 521 10000000 148 17 13 146 98 18
1 521 522 10000000 134 158 28 156 27 24
1 521 523 10000000 129 109 21 157 68 19
0 524 524 10000000 142 16 12 146 88 17
1 524 525 10000000 129 234 101 154 604 459
1 524 526 10000000 132 631 377 148 1175 916
1 524 527 10000000 127 280 127 155 631 647
0 528 528 10000000 237 19 13 150 119 18
1 528 529 10000000 131 234 102 149 578 520
1 528 530 10000000 129 112 20 158 59 14
0 531 531 10000000 144 18 13 153 95 18
1 531 532 10000000 137 237 106 163 542 504
1 531 533 10000000 130 508 319 156 1047 822
1 531 534 10000000 131 505 279 157 1056 864
0 535 535 10000000 145 18 14 173 91 16
1 535 536 10000000 174 164 40 162 31 27
1 535 537 10000000 167 202 95 162 518 397
0 538 538 10000000 149 17 15 194 93 17
1 538 539 10000000 147 100 17 143 18 13
1 538 540 10000000 164 103 20 141 63 14
0 541 541 10000000 144 19 16 179 89 15
1 541 542 10000000 129 148 39 133 30 25
1 541 543 10000000 134 368 197 262 871 823
0 544 544 10000000 149 19 13 159 99 20
1 544 545 10000000 128 165 37 160 49 31
1 544 546 10000000 129 113 23 166 66 15
1 544 547 10000000 130 172 44 160 49 35
0 548 548 10000000 145 19 13 161 103 16
1 548 549 10000000 134 195 78 165 748 565
1 548 550 10000000 133 106 20 160 58 14
0 551 551 10000000 150 19 12 163 104 18
1 551 552 10000000 130 169 37 203 50 34
1 551 553 10000000 128 98 115 141 19 14
0 554 554 10000000 150 18 13 162 99 17
1 554 555 10000000 131 291 149 161 800 691
1 554 556 10000000 131 299 146 167 804 706
0 557 557 10000000 154 19 13 171 108 49
1 557 558 10000000 129 222 98 176 449 343
1 557 559 10000000 140 110 23 169 58 13
0 560 560 10000000 146 18 14 164 93 16
1 560 561 10000000 132 167 34 168 46 30
1 560 562 10000000 133 114 22 170 61 14
0 563 563 10000000 156 19 13 174 110 22
1 563 564 10000000 141 160 44 174 42 28
1 563 565 10000000 134 109 19 171 58 13
0 566 566 10000000 158 17 13 167 95 16
1 566 567 10000000 167 113 25 174 69 21
1 566 568 10000000 130 228 95 195 428 346
1 566 569 10000000 136 171 39 173 45 28
0 570 570 10000000 142 17 13 163 88 17
1 570 571 10000000 168 153 40 177 41 28
1 570 572 10000000 133 110 23 183 64 18
0 573 573 10000000 147 17 12 168 91 17
1 573 574 10000000 128 94 21 150 18 12
1 573 575 10000000 133 593 461 176 771 712
1 573 576 10000000 132 167 27 176 39 61
0 577 577 10000000 151 17 13 172 98 19
1 577 578 10000000 129 115 24 182 73 22
1 577 579 10000000 131 587 428 179 736 689
1 577 580 10000000 131 149 48 187 56 53
0 581 581 10000000 143 19 14 163 100 18
1 581 582 10000000 130 165 29 174 26 22
1 581 583 10000000 142 116 19 174 64 14
1 581 584 10000000 130 164 27 175 30 24
0 585 585 10000000 149 21 13 145 97 18
1 585 586 10000000 129 194 89 144 481 357
1 585 587 10000000 132 1150 508 146 1163 933
0 588 588 10000000 149 18 13 143 95 21
1 588 589 10000000 131 432 40 133 56 29
1 588 590 10000000 131 106 17 148 67 15
0 591 591 10000000 154 19 15 148 114 18
1 591 592 10000000 133 167 37 148 53 32
1 591 593 10000000 135 127 28 141 71 22
0 594 594 10000000 152 22 12 147 94 17
1 594 595 10000000 130 172 35 142 51 31
1 594 596 10000000 133 680 491 143 1011 840
0 597 597 10000000 146 19 13 145 94 18
1 597 598 10000000 133 314 36 132 49 29
1 597 599 10000000 132 554 427 159 983 812
1 597 600 10000000 135 317 137 145 183 195
0 601 601 10000000 148 19 13 150 110 17
1 601 602 10000000 135 152 26 142 27 23
1 601 603 10000000 137 113 25 145 64 19
0 604 604 10000000 155 20 13 156 103 17
1 604 605 10000000 131 168 30 149 28 22
1 604 606 10000000 134 119 26 147 64 22
1 604 607 10000000 133 175 41 145 51 37
0 608 608 10000000 148 18 13 152 93 17
1 608 609 10000000 129 472 322 136 768 658
1 608 610 10000000 131 104 17 169 20 14
0 611 611 10000000 148 18 13 153 93 17
1 611 612 10000000 132 146 30 154 30 24
1 611 613 10000000 130 159 29 154 29 37
0 614 614 10000000 146 18 12 149 95 17
1 614 615 10000000 134 173 40 143 60 36
1 614 616 10000000 133 177 29 156 32 38
0 617 617 10000000 143 18 16 149 94 16
1 617 618 10000000 130 479 318 154 696 673
1 617 619 10000000 132 180 37 147 47 31
0 620 620 10000000 145 19 12 152 95 17
1 620 621 10000000 130 161 33 156 48 30
1 620 622 10000000 129 119 23 154 67 23
0 623 623 10000000 149 16 13 217 96 16
1 623 624 10000000 159 591 399 154 585 448
1 623 625 10000000 163 429 323 153 572 431
1 623 626 10000000 161 446 312 157 578 441
0 627 627 10000000 148 16 13 170 90 16
1 627 628 10000000 151 436 311 162 585 443
1 627 629 10000000 170 442 313 153 582 459
0 630 630 10000000 153 17 15 185 117 21
1 630 631 10000000 193 466 311 173 584 443
1 630 632 10000000 166 429 309 165 572 432
1 630 633 10000000 160 432 308 169 584 441
0 634 634 10000000 152 19 12 177 88 18
1 634 635 10000000 155 302 199 137 1070 702
1 634 636 10000000 159 443 315 267 1193 920
0 637 637 10000000 140 16 12 153 92 17
1 637 638 10000000 133 641 178 154 1196 919
1 637 639 10000000 132 255 118 166 1084 803
0 640 640 10000000 139 16 12 155 92 20
1 640 641 10000000 127 309 156 157 1077 804
1 640 642 10000000 128 179 43 159 34 28
1 640 643 10000000 129 311 167 158 1075 823
0 644 644 10000000 141 16 12 153 93 16
1 644 645 10000000 131 295 130 158 692 512
1 644 646 10000000 127 165 40 159 33 26
1 644 647 10000000 128 317 159 169 1035 813
0 648 648 10000000 140 17 15 162 110 17
1 648 649 10000000 125 203 71 196 460 403
1 648 650 10000000 131 106 20 165 65 13
0 651 651 10000000 141 17 13 159 105 19
1 651 652 10000000 129 211 60 167 533 412
1 651 653 10000000 129 118 25 166 60 21
0 654 654 10000000 140 17 15 161 103 16
1 654 655 10000000 126 92 17 156 17 13
1 654 656 10000000 129 102 22 165 64 13
0 657 657 10000000 140 19 13 165 110 20
1 657 658 10000000 128 125 19 174 76 15
1 657 659 10000000 135 110 20 171 60 13
0 660 660 10000000 141 17 14 156 95 16
1 660 661 10000000 130 292 129 173 600 473
1 660 662 10000000 129 121 27 173 65 22
0 663 663 10000000 138 18 13 167 96 19
1 663 664 10000000 127 320 336 167 2010 757
1 663 665 10000000 126 321 150 172 901 766
1 663 666 10000000 125 341 154 168 894 750
0 667 667 10000000 140 16 13 159 93 18
1 667 668 10000000 126 107 24 152 66 21
1 667 669 10000000 128 187 42 179 52 35
0 670 670 10000000 140 17 12 160 94 19
1 670 671 10000000 129 175 43 171 54 51
1 670 672 10000000 131 112 24 175 66 15
0 673 673 10000000 135 17 13 159 91 20
1 673 674 10000000 127 84 20 143 16 12
1 673 675 10000000 129 224 99 175 725 539
0 676 676 10000000 137 18 13 174 103 16
1 676 677 10000000 165 178 148 159 54 49
1 676 678 10000000 129 172 40 178 43 28
0 679 679 10000000 141 20 13 168 111 18
1 679 680 10000000 128 167 42 173 46 27
1 679 681 10000000 130 145 20 173 61 13
0 682 682 10000000 140 16 12 164 95 18
1 682 683 10000000 127 175 40 177 31 25
1 682 684 10000000 125 126 26 173 63 21
0 685 685 10000000 136 17 13 172 100 18
1 685 686 10000000 127 175 39 180 43 27
1 685 687 10000000 129 105 18 175 60 13
0 688 688 10000000 141 17 13 170 104 17
1 688 689 10000000 126 169 27 173 27 22
1 688 690 10000000 130 102 18 176 53 13
0 691 691 10000000 141 17 13 169 93 17
1 691 692 10000000 126 156 42 140 55 50
1 691 693 10000000 124 435 354 175 1334 1119
1 691 694 10000000 126 312 136 183 1074 934
0 695 695 10000000 144 20 14 154 99 18
1 695 696 10000000 134 164 35 147 54 33
1 695 697 10000000 134 322 160 149 1682 766
1 695 698 10000000 134 182 42 154 59 48
0 699 699 10000000 159 19 13 180 91 19
1 699 700 10000000 150 335 222 149 1098 849
1 699 701 10000000 166 295 165 156 810 741
0 702 702 10000000 148 17 14 161 111 18
1 702 703 10000000 136 399 229 145 1085 853
1 702 704 10000000 132 310 158 206 758 713
1 702 705 10000000 134 196 51 152 225 58
0 706 706 10000000 145 19 12 169 94 17
1 706 707 10000000 154 160 47 154 50 54
1 706 708 10000000 161 166 41 163 50 34
0 709 709 10000000 138 17 14 155 87 17
1 709 710 10000000 139 170 39 154 54 33
1 709 711 10000000 138 120 26 149 64 22
0 712 712 10000000 142 18 12 159 90 16
1 712 713 10000000 132 114 25 157 70 22
1 712 714 10000000 135 307 147 153 685 659
0 715 715 10000000 146 19 13 158 94 16
1 715 716 10000000 132 165 41 154 32 26
1 715 717 10000000 136 160 30 156 28 34
0 718 718 10000000 149 18 14 160 91 16
1 718 719 10000000 140 133 27 187 77 22
1 718 720 10000000 134 308 146 181 677 522
1 718 721 10000000 133 400 397 170 1030 808
0 722 722 10000000 869 19 13 164 118 17
1 722 723 10000000 135 161 44 170 44 27
1 722 724 10000000 140 318 163 168 732 619
1 722 725 10000000 134 172 39 907 42 27
0 726 726 10000000 148 19 12 163 92 17
1 726 727 10000000 134 144 38 162 34 27
1 726 728 10000000 137 335 189 175 677 719
0 729 729 10000000 147 17 14 166 92 17
1 729 730 10000000 133 159 28 170 25 23
1 729 731 10000000 132 270 147 172 592 586
1 729 732 10000000 136 383 240 176 632 610
0 733 733 10000000 146 19 15 165 92 18
1 733 734 10000000 135 363 225 162 651 560
1 733 735 10000000 136 237 124 175 587 426
0 736 736 10000000 145 15 12 177 101 16
1 736 737 10000000 133 347 227 150 640 568
1 736 738 10000000 136 277 137 157 584 511
0 739 739 10000000 145 17 13 174 102 17
1 739 740 10000000 168 282 162 154 550 444
1 739 741 10000000 132 274 143 156 538 449
0 742 742 10000000 144 16 13 160 93 18
1 742 743 10000000 134 404 217 175 1474 1230
1 742 744 10000000 133 282 163 175 1430 1143
0 745 745 10000000 137 18 12 150 96 16
1 745 746 10000000 131 171 42 147 46 28
1 745 747 10000000 129 170 29 147 29 56
0 748 748 10000000 141 17 13 152 95 19
1 748 749 10000000 143 190 44 150 57 50
1 748 750 10000000 133 195 39 156 50 32
0 751 751 10000000 137 23 14 175 113 18
1 751 752 10000000 133 171 41 150 47 28
1 751 753 10000000 220 113 18 151 58 12
0 754 754 10000000 139 19 13 162 110 17
1 754 755 10000000 130 254 147 168 1136 817
1 754 756 10000000 128 108 21 178 60 13
0 757 757 10000000 141 18 13 165 105 18
1 757 758 10000000 127 192 27 260 27 24
1 757 759 10000000 129 103 19 164 63 13
0 760 760 10000000 143 18 12 163 92 16
1 760 761 10000000 134 184 37 202 46 32
1 760 762 10000000 129 217 61 174 104 54
0 763 763 10000000 240 18 13 166 246 17
1 763 764 10000000 136 181 40 180 31 25
1 763 765 10000000 223 117 20 172 60 13
0 766 766 10000000 148 19 14 168 108 23
1 766 767 10000000 136 174 36 177 49 34
1 766 768 10000000 372 249 62 180 67 70
0 769 769 10000000 148 17 12 164 97 18
1 769 770 10000000 128 182 38 175 50 33
1 769 771 10000000 129 198 60 180 65 63
0 772 772 10000000 147 20 13 174 109 17
1 772 773 10000000 130 190 40 189 47 29
1 772 774 10000000 135 132 28 183 73 22
0 775 775 10000000 139 17 14 169 104 17
1 775 776 10000000 134 105 17 187 18 13
1 775 777 10000000 131 196 81 179 75 64
0 778 778 10000000 140 16 12 171 96 16
1 778 779 10000000 137 296 259 184 888 802
1 778 780 10000000 138 209 84 188 115 70
1 778 781 10000000 130 226 36 193 50 29
0 782 782 10000000 144 19 13 169 101 20
1 782 783 10000000 131 148 30 191 33 23
1 782 784 10000000 166 231 97 241 79 70
1 782 785 10000000 128 143 37 179 49 32
0 786 786 10000000 169 16 16 193 128 20
1 786 787 10000000 136 158 36 167 47 32
1 786 788 10000000 1470 328 69 179 72 65
0 789 789 10000000 143 17 13 181 106 16
1 789 790 10000000 148 296 169 180 1356 825
1 789 791 10000000 133 115 21 162 49 13
0 792 792 10000000 139 16 13 184 110 18
1 792 793 10000000 134 179 44 173 58 51
1 792 794 10000000 132 152 39 168 44 29
0 795 795 10000000 141 21 13 185 102 16
1 795 796 10000000 135 171 34 169 48 30
1 795 797 10000000 136 533 31 192 29 44
0 798 798 10000000 150 17 13 575 127 16
1 798 799 10000000 132 269 169 163 1532 1188
1 798 800 10000000 134 212 63 163 64 52
0 801 801 10000000 154 19 12 917 124 19
1 801 802 10000000 176 169 41 194 63 50
1 801 803 10000000 134 208 62 155 72 71
0 804 804 10000000 150 19 15 169 102 19
1 804 805 10000000 142 175 40 160 51 31
1 804 806 10000000 137 154 43 158 35 29
0 807 807 10000000 156 18 14 170 119 21
1 807 808 10000000 265 183 46 172 51 53
1 807 809 10000000 135 113 20 158 43 13
0 810 810 10000000 154 23 14 417 109 16
1 810 811 10000000 140 155 28 163 28 24
1 810 812 10000000 138 255 103 171 105 84
0 813 813 10000000 157 19 14 173 110 18
1 813 814 10000000 143 157 39 164 47 28
1 813 815 10000000 137 111 19 159 46 12
0 816 816 10000000 155 21 15 177 119 23
1 816 817 10000000 136 188 49 196 33 27
1 816 818 10000000 140 113 23 188 43 14
0 819 819 10000000 144 18 13 171 106 16
1 819 820 10000000 138 102 16 169 18 15
1 819 821 10000000 140 107 19 165 45 14
0 822 822 10000000 333 18 13 181 107 18
1 822 823 10000000 151 175 42 669 58 37
1 822 824 10000000 142 117 23 173 42 13
0 825 825 10000000 154 17 13 285 131 18
1 825 826 10000000 137 166 44 172 57 54
1 825 827 10000000 136 258 116 174 100 109
0 828 828 10000000 156 20 14 176 103 20
1 828 829 10000000 140 147 34 172 51 28
1 828 830 10000000 143 289 117 191 107 111
0 831 831 10000000 156 21 14 183 99 20
1 831 832 10000000 135 162 34 174 52 33
1 831 833 10000000 136 272 117 171 107 111
0 834 834 10000000 143 17 12 180 106 16
1 834 835 10000000 137 166 36 177 50 32
1 834 836 10000000 136 263 122 180 101 108
0 837 837 10000000 149 17 14 176 109 18
1 837 838 10000000 134 97 20 177 18 13
1 837 839 10000000 132 154 28 176 28 42
0 840 840 10000000 145 17 12 178 99 17
1 840 841 10000000 133 187 26 172 30 23
1 840 842 10000000 139 264 106 215 103 96
0 843 843 10000000 145 17 13 185 109 18
1 843 844 10000000 146 187 40 200 58 32
1 843 845 10000000 137 227 91 181 99 96
1 843 846 10000000 140 224 51 204 50 61
0 847 847 10000000 154 20 13 230 110 16
1 847 848 10000000 133 167 49 171 50 53
1 847 849 10000000 139 110 19 176 47 13
0 850 850 10000000 148 16 12 176 105 18
1 850 851 10000000 139 175 41 375 59 38
1 850 852 10000000 237 289 124 179 106 110
0 853 853 10000000 155 19 14 176 124 23
1 853 854 10000000 141 94 16 164 19 13
1 853 855 10000000 144 371 126 157 146 116
0 856 856 10000000 149 19 14 174 438 24
1 856 857 10000000 149 155 34 157 49 29
1 856 858 10000000 1240 276 111 153 100 104
0 859 859 10000000 151 22 13 164 102 16
1 859 860 10000000 336 167 47 154 35 26
1 859 861 10000000 142 272 111 169 99 105
0 862 862 10000000 156 19 16 169 100 15
1 862 863 10000000 148 175 40 169 51 29
1 862 864 10000000 140 255 111 167 109 102
1 862 865 10000000 137 161 41 174 56 35
0 866 866 10000000 151 17 13 174 97 20
1 866 867 10000000 139 310 215 167 1454 1145
1 866 868 10000000 141 254 104 201 98 86
0 869 869 10000000 152 19 13 175 96 21
1 869 870 10000000 138 135 36 163 51 32
1 869 871 10000000 146 233 89 168 424 95
0 872 872 10000000 156 23 13 177 101 19
1 872 873 10000000 199 269 52 283 79 46
1 872 874 10000000 163 280 87 190 84 85
1 872 875 10000000 142 155 36 162 57 33
0 876 876 10000000 160 18 14 178 144 86
1 876 877 10000000 144 156 35 169 51 33
1 876 878 10000000 145 171 48 173 33 30
0 879 879 10000000 156 17 12 171 96 18
1 879 880 10000000 139 157 39 182 51 39
1 879 881 10000000 780 211 69 177 73 67
0 882 882 10000000 149 19 12 182 101 19
1 882 883 10000000 136 184 47 188 52 53
1 882 884 10000000 144 165 44 192 51 37
0 885 885 10000000 151 21 13 177 95 17
1 885 886 10000000 136 139 36 161 48 31
1 885 887 10000000 141 217 72 204 53 49
0 888 888 10000000 151 20 13 177 101 18
1 888 889 10000000 142 145 38 198 46 31
1 888 890 10000000 139 202 61 177 70 65
0 891 891 10000000 156 19 13 179 96 21
1 891 892 10000000 146 164 41 180 60 50
1 891 893 10000000 144 193 68 185 54 50
0 894 894 10000000 154 18 13 181 95 18
1 894 895 10000000 149 289 39 201 54 216
1 894 896 10000000 139 233 103 174 101 94
0 897 897 10000000 152 18 14 183 99 18
1 897 898 10000000 137 177 38 179 55 33
1 897 899 10000000 140 221 89 175 80 80
0 900 900 10000000 155 17 13 175 112 16
1 900 901 10000000 144 146 30 217 65 24
1 900 902 10000000 138 212 60 198 66 52
0 903 903 10000000 154 17 12 174 90 19
1 903 904 10000000 140 201 53 184 49 53
1 903 905 10000000 138 221 84 190 79 67
0 906 906 10000000 146 17 12 186 105 17
1 906 907 10000000 137 147 39 173 47 28
1 906 908 10000000 140 140 29 173 26 33
0 909 909 10000000 178 24 12 179 121 20
1 909 910 10000000 139 156 41 172 54 34
1 909 911 10000000 139 163 42 191 32 26
0 912 912 10000000 143 18 12 163 93 16
1 912 913 10000000 139 128 43 166 31 26
1 912 914 10000000 140 194 59 159 50 48
0 915 915 10000000 143 17 14 167 90 18
1 915 916 10000000 135 96 16 151 18 12
1 915 917 10000000 137 189 67 164 53 50
0 918 918 10000000 152 19 13 181 101 22
1 918 919 10000000 141 169 39 164 53 36
1 918 920 10000000 142 267 116 185 109 101
0 921 921 10000000 152 18 16 182 97 18
1 921 922 10000000 139 159 40 162 55 37
1 921 923 10000000 136 249 109 163 106 100
0 924 924 10000000 148 21 13 169 92 17
1 924 925 10000000 139 154 36 167 50 35
1 924 926 10000000 139 216 62 167 77 68
0 927 927 10000000 147 17 14 173 100 19
1 927 928 10000000 139 136 39 170 45 28
1 927 929 10000000 143 683 69 169 84 70
0 930 930 10000000 144 20 14 172 97 17
1 930 931 10000000 142 743 37 171 57 31
1 930 932 10000000 139 284 111 168 102 98
0 933 933 10000000 150 18 13 167 94 18
1 933 934 10000000 138 142 40 174 46 28
1 933 935 10000000 165 312 124 241 132 106
