0 0 0 10000000 57 17 13 61 100 16
1 0 1 10000000 60 106 23 59 78 20
1 0 2 10000000 62 94 19 60 19 13
1 0 3 10000000 64 708 355 55 381 460
0 4 4 10000000 59 16 13 68 104 17
1 4 5 10000000 60 104 22 63 68 19
1 4 6 10000000 60 87 16 56 20 13
1 4 7 10000000 62 695 341 57 369 399
0 8 8 10000000 59 17 13 68 109 17
1 8 9 10000000 70 108 17 59 63 15
1 8 10 10000000 61 98 16 57 16 12
1 8 11 10000000 61 337 177 58 303 256
0 12 12 10000000 57 17 14 67 97 17
1 12 13 10000000 65 118 21 60 68 15
1 12 14 10000000 62 191 18 60 126 13
1 12 15 10000000 63 1065 719 61 357 244
0 16 16 10000000 58 19 12 61 92 16
1 16 17 10000000 59 114 25 60 70 21
1 16 18 10000000 63 97 17 63 17 13
1 16 19 10000000 64 356 180 62 306 254
0 20 20 10000000 57 17 15 67 100 19
1 20 21 10000000 92 159 26 63 27 24
1 20 22 10000000 59 85 16 62 17 14
1 20 23 10000000 60 184 46 61 56 55
0 24 24 10000000 58 17 13 69 104 17
1 24 25 10000000 60 156 29 64 29 34
1 24 26 10000000 58 78 16 59 18 13
1 24 27 10000000 60 200 61 65 52 47
0 28 28 10000000 56 16 12 71 101 19
1 28 29 10000000 60 125 32 65 63 21
1 28 30 10000000 60 82 16 65 16 12
1 28 31 10000000 61 177 39 61 49 35
0 32 32 10000000 56 16 14 74 102 17
1 32 33 10000000 67 149 28 65 27 33
1 32 34 10000000 65 428 16 412 19 13
0 35 35 10000000 58 18 13 73 115 20
1 35 36 10000000 64 125 29 67 61 23
1 35 37 10000000 59 85 17 62 18 13
1 35 38 10000000 59 199 51 67 46 53
0 39 39 10000000 57 18 14 77 104 17
1 39 40 10000000 59 174 34 67 45 30
1 39 41 10000000 59 84 19 64 17 14
1 39 42 10000000 59 195 49 72 46 51
0 43 43 10000000 62 20 14 79 95 17
1 43 44 10000000 62 113 28 72 72 22
1 43 45 10000000 62 82 18 65 19 13
1 43 46 10000000 69 168 43 71 35 27
0 47 47 10000000 56 17 13 86 100 17
1 47 48 10000000 61 111 24 76 70 20
1 47 49 10000000 60 84 17 70 19 13
1 47 50 10000000 59 170 43 75 34 27
0 51 51 10000000 57 18 14 76 96 17
1 51 52 10000000 60 109 25 72 65 21
1 51 53 10000000 65 103 19 71 62 14
1 51 54 10000000 63 199 58 73 67 66
0 55 55 10000000 77 20 13 60 99 19
1 55 56 10000000 76 154 44 57 30 24
1 55 57 10000000 75 87 16 57 16 12
1 55 58 10000000 76 197 58 57 61 51
0 59 59 10000000 77 85 59 62 99 15
1 59 60 10000000 74 109 26 58 75 20
1 59 61 10000000 74 80 17 56 16 13
1 59 62 10000000 75 199 95 60 61 47
0 63 63 10000000 81 18 12 69 94 17
1 63 64 10000000 75 108 25 65 69 19
1 63 65 10000000 76 79 17 60 16 13
1 63 66 10000000 80 164 30 64 26 32
0 67 67 10000000 79 17 12 69 107 17
1 67 68 10000000 81 119 27 67 61 21
1 67 69 10000000 74 79 21 61 20 13
1 67 70 10000000 77 164 42 63 31 27
0 71 71 10000000 79 19 13 88 113 17
1 71 72 10000000 77 522 25 66 68 21
1 71 73 10000000 79 100 23 64 60 13
1 71 74 10000000 79 246 42 64 43 28
0 75 75 10000000 77 16 12 73 105 17
1 75 76 10000000 77 180 56 68 35 27
1 75 77 10000000 78 107 21 69 60 12
1 75 78 10000000 77 174 42 69 81 91
0 79 79 10000000 76 17 12 75 92 17
1 79 80 10000000 77 113 27 68 62 21
1 79 81 10000000 80 158 41 74 30 28
1 79 82 10000000 77 175 41 71 44 28
0 83 83 10000000 80 16 13 78 102 18
1 83 84 10000000 78 158 27 76 27 23
1 83 85 10000000 75 86 17 66 17 13
1 83 86 10000000 77 171 38 70 44 28
0 87 87 10000000 77 16 13 82 841 16
1 87 88 10000000 78 165 27 72 25 22
1 87 89 10000000 76 90 16 68 17 13
1 87 90 10000000 78 160 28 73 25 22
0 91 91 10000000 79 17 13 79 106 19
1 91 92 10000000 80 320 79 73 52 35
1 91 93 10000000 78 171 74 76 46 27
1 91 94 10000000 76 183 62 73 48 34
0 95 95 10000000 78 19 13 89 93 16
1 95 96 10000000 83 109 26 75 68 19
1 95 97 10000000 79 80 16 67 16 13
1 95 98 10000000 78 105 26 73 67 17
0 99 99 10000000 78 18 14 82 103 16
1 99 100 10000000 81 129 26 80 63 21
1 99 101 10000000 73 81 16 70 17 13
1 99 102 10000000 78 118 25 82 61 21
0 103 103 10000000 78 18 12 86 102 16
1 103 104 10000000 80 114 35 75 98 64
1 103 105 10000000 74 79 15 70 18 12
1 103 106 10000000 78 107 24 81 63 20
0 107 107 10000000 87 19 13 60 89 21
1 107 108 10000000 90 190 85 56 55 49
1 107 109 10000000 88 156 25 58 27 22
1 107 110 10000000 86 285 130 56 98 97
0 111 111 10000000 94 17 13 64 99 22
1 111 112 10000000 107 113 25 60 67 21
1 111 113 10000000 91 170 44 58 32 26
1 111 114 10000000 86 278 119 58 100 86
0 115 115 10000000 83 19 13 67 100 16
1 115 116 10000000 86 186 55 62 55 37
1 115 117 10000000 89 79 17 57 16 13
1 115 118 10000000 91 161 41 63 30 27
0 119 119 10000000 84 16 13 70 96 18
1 119 120 10000000 89 222 106 102 57 58
1 119 121 10000000 89 93 17 66 19 14
1 119 122 10000000 147 179 53 65 53 33
0 123 123 10000000 88 16 12 74 103 17
1 123 124 10000000 89 113 23 64 67 21
1 123 125 10000000 87 220 69 64 67 68
1 123 126 10000000 91 354 353 64 137 176
0 127 127 10000000 87 17 13 77 104 18
1 127 128 10000000 91 151 30 67 28 25
1 127 129 10000000 91 172 39 68 48 29
1 127 130 10000000 87 221 77 68 56 54
0 131 131 10000000 93 18 13 79 101 16
1 131 132 10000000 96 114 25 94 70 15
1 131 133 10000000 85 91 17 69 19 13
1 131 134 10000000 91 170 42 70 48 33
0 135 135 10000000 86 18 14 77 104 18
1 135 136 10000000 93 214 96 75 64 46
1 135 137 10000000 91 87 17 65 19 14
1 135 138 10000000 86 172 49 71 51 32
0 139 139 10000000 91 18 15 80 106 19
1 139 140 10000000 88 94 18 72 60 14
1 139 141 10000000 89 90 17 66 19 14
1 139 142 10000000 87 171 39 76 31 25
0 143 143 10000000 96 25 28 58 85 17
1 143 144 10000000 96 112 24 58 70 22
1 143 145 10000000 92 210 98 58 54 51
1 143 146 10000000 94 353 282 58 140 185
0 147 147 10000000 98 17 13 1616 113 18
1 147 148 10000000 103 164 29 61 28 34
1 147 149 10000000 93 93 17 61 17 13
1 147 150 10000000 93 232 77 61 52 56
0 151 151 10000000 96 23 16 76 105 16
1 151 152 10000000 100 112 29 64 65 22
1 151 153 10000000 93 91 16 62 17 13
1 151 154 10000000 94 271 127 64 78 62
0 155 155 10000000 96 17 16 73 103 17
1 155 156 10000000 95 191 75 63 50 40
1 155 157 10000000 99 203 73 63 59 55
1 155 158 10000000 96 247 96 64 78 76
0 159 159 10000000 91 17 11 79 93 18
1 159 160 10000000 101 112 24 70 76 21
1 159 161 10000000 98 90 17 65 17 13
1 159 162 10000000 98 177 37 69 47 32
0 163 163 10000000 89 23 27 79 93 16
1 163 164 10000000 96 113 27 72 69 19
1 163 165 10000000 93 291 117 71 98 94
1 163 166 10000000 93 613 239 72 292 244
0 167 167 10000000 91 17 12 79 101 17
1 167 168 10000000 97 161 29 69 25 22
1 167 169 10000000 95 108 17 70 17 13
1 167 170 10000000 95 201 90 69 60 55
0 171 171 10000000 99 16 12 82 106 16
1 171 172 10000000 94 155 26 76 26 23
1 171 173 10000000 94 101 18 74 16 13
1 171 174 10000000 94 168 40 76 33 26
0 175 175 10000000 91 18 13 85 109 17
1 175 176 10000000 96 161 25 76 26 24
1 175 177 10000000 102 363 19 470 20 14
1 175 178 10000000 97 164 41 78 47 27
0 179 179 10000000 92 17 13 88 102 20
1 179 180 10000000 105 156 27 77 25 23
1 179 181 10000000 99 93 16 80 16 13
1 179 182 10000000 95 166 28 82 27 32
0 183 183 10000000 89 19 13 90 102 17
1 183 184 10000000 105 122 23 81 75 18
1 183 185 10000000 94 387 175 78 147 222
1 183 186 10000000 94 482 327 79 270 232
0 187 187 10000000 93 17 12 90 103 17
1 187 188 10000000 96 164 25 79 25 22
1 187 189 10000000 94 79 16 71 16 14
1 187 190 10000000 96 266 107 77 418 446
0 191 191 10000000 87 16 12 58 81 18
1 191 192 10000000 101 106 22 56 64 13
1 191 193 10000000 105 88 18 56 16 15
1 191 194 10000000 107 226 74 61 200 61
0 195 195 10000000 101 16 13 67 99 16
1 195 196 10000000 108 165 27 58 24 23
1 195 197 10000000 99 84 15 56 16 14
1 195 198 10000000 105 171 39 59 31 25
0 199 199 10000000 94 16 14 68 94 19
1 199 200 10000000 107 118 25 64 71 20
1 199 201 10000000 105 103 22 67 17 14
1 199 202 10000000 99 196 45 61 34 28
0 203 203 10000000 117 17 13 75 107 17
1 203 204 10000000 110 206 67 65 61 58
1 203 205 10000000 102 95 16 60 17 12
1 203 206 10000000 101 288 139 76 85 87
0 207 207 10000000 106 27 27 73 106 18
1 207 208 10000000 102 121 25 66 60 21
1 207 209 10000000 103 102 20 70 56 14
1 207 210 10000000 103 162 44 66 32 28
0 211 211 10000000 101 17 13 74 99 17
1 211 212 10000000 106 184 63 71 50 43
1 211 213 10000000 106 92 16 69 16 12
1 211 214 10000000 101 189 53 68 56 48
0 215 215 10000000 96 17 12 75 103 17
1 215 216 10000000 101 118 29 71 65 25
1 215 217 10000000 97 82 16 62 17 13
0 218 218 10000000 102 19 13 83 100 18
1 218 219 10000000 101 159 27 71 26 23
1 218 220 10000000 104 112 17 64 20 13
0 221 221 10000000 97 19 12 75 103 16
1 221 222 10000000 122 190 40 73 33 26
1 221 223 10000000 99 79 18 68 17 13
0 224 224 10000000 129 16 13 80 100 17
1 224 225 10000000 101 117 27 76 65 22
1 224 226 10000000 102 94 17 72 17 13
0 227 227 10000000 177 18 12 80 100 16
1 227 228 10000000 103 219 96 76 63 46
1 227 229 10000000 103 100 18 72 21 13
1 227 230 10000000 102 229 91 74 53 47
0 231 231 10000000 102 19 13 85 115 21
1 231 232 10000000 107 164 29 77 28 34
1 231 233 10000000 98 84 21 70 18 14
1 231 234 10000000 102 166 30 79 29 33
0 235 235 10000000 112 20 13 59 95 17
1 235 236 10000000 108 103 22 62 66 13
1 235 237 10000000 110 92 19 59 17 13
1 235 238 10000000 121 108 24 59 71 21
0 239 239 10000000 144 20 13 70 105 19
1 239 240 10000000 112 100 16 57 17 13
1 239 241 10000000 109 397 198 61 239 177
1 239 242 10000000 110 283 161 59 94 97
0 243 243 10000000 115 17 13 71 103 17
1 243 244 10000000 111 201 57 68 79 80
1 243 245 10000000 107 87 17 59 16 14
1 243 246 10000000 108 238 99 62 97 105
0 247 247 10000000 111 17 14 76 140 17
1 247 248 10000000 112 178 61 65 82 85
1 247 249 10000000 109 148 70 59 78 62
0 250 250 10000000 116 21 13 75 114 20
1 250 251 10000000 176 211 112 68 98 81
1 250 252 10000000 111 438 255 66 260 281
1 250 253 10000000 111 548 317 65 351 283
0 254 254 10000000 114 17 13 76 101 17
1 254 255 10000000 116 114 25 67 70 19
1 254 256 10000000 109 90 16 63 17 13
1 254 257 10000000 111 216 67 67 86 96
0 258 258 10000000 117 17 13 76 104 18
1 258 259 10000000 108 112 25 70 70 20
1 258 260 10000000 110 91 17 65 17 13
0 261 261 10000000 111 17 16 79 102 17
1 261 262 10000000 111 159 26 73 26 24
1 261 263 10000000 108 89 19 63 17 13
1 261 264 10000000 113 175 37 71 45 31
0 265 265 10000000 112 16 13 78 95 17
1 265 266 10000000 121 169 41 76 32 27
1 265 267 10000000 109 84 18 69 17 14
1 265 268 10000000 109 166 40 76 30 26
0 269 269 10000000 121 16 13 116 103 19
1 269 270 10000000 155 181 68 79 85 88
1 269 271 10000000 108 82 21 69 17 13
1 269 272 10000000 113 230 86 80 92 103
0 273 273 10000000 116 17 13 81 94 17
1 273 274 10000000 110 148 36 73 33 21
1 273 275 10000000 108 83 18 66 17 13
1 273 276 10000000 115 206 83 80 92 77
0 277 277 10000000 113 19 12 82 104 17
1 277 278 10000000 120 160 27 91 69 20
1 277 279 10000000 107 84 16 69 16 12
0 280 280 10000000 110 18 13 84 89 17
1 280 281 10000000 119 237 99 82 89 96
1 280 282 10000000 108 470 264 83 264 286
1 280 283 10000000 108 604 281 82 353 363
0 284 284 10000000 113 17 15 84 96 16
1 284 285 10000000 115 249 110 80 115 113
1 284 286 10000000 122 85 18 78 22 12
1 284 287 10000000 115 323 159 79 140 137
0 288 288 10000000 114 18 12 95 97 17
1 288 289 10000000 113 241 107 80 100 102
1 288 290 10000000 106 78 16 70 17 13
1 288 291 10000000 111 243 119 78 106 101
0 292 292 10000000 109 16 13 89 91 17
1 292 293 10000000 141 164 28 83 28 36
1 292 294 10000000 113 89 17 72 16 14
1 292 295 10000000 115 219 80 82 265 223
0 296 296 10000000 119 17 14 63 114 19
1 296 297 10000000 124 186 67 58 55 38
1 296 298 10000000 125 168 91 61 34 30
1 296 299 10000000 120 241 102 58 74 66
0 300 300 10000000 123 18 14 83 100 17
1 300 301 10000000 131 102 45 60 62 17
1 300 302 10000000 123 87 16 58 16 14
1 300 303 10000000 123 156 41 61 29 34
0 304 304 10000000 123 23 17 66 112 32
1 304 305 10000000 127 226 104 60 60 54
1 304 306 10000000 121 292 129 62 98 85
1 304 307 10000000 120 410 218 63 140 217
0 308 308 10000000 124 18 12 76 88 17
1 308 309 10000000 122 104 20 62 57 13
1 308 310 10000000 132 99 17 60 17 13
1 308 311 10000000 127 172 56 62 42 29
0 312 312 10000000 114 16 12 74 98 18
1 312 313 10000000 128 223 107 65 54 47
1 312 314 10000000 122 192 80 65 58 51
1 312 315 10000000 122 285 140 63 90 92
0 316 316 10000000 115 16 13 81 100 18
1 316 317 10000000 123 106 24 70 70 20
1 316 318 10000000 129 90 17 63 16 14
1 316 319 10000000 133 203 84 69 59 61
0 320 320 10000000 122 18 14 82 104 16
1 320 321 10000000 120 209 95 75 65 46
1 320 322 10000000 118 81 16 66 16 12
1 320 323 10000000 129 98 27 76 68 18
0 324 324 10000000 126 29 39 85 97 16
1 324 325 10000000 125 258 127 76 80 81
1 324 326 10000000 127 81 16 67 16 13
1 324 327 10000000 126 119 25 77 67 22
0 328 328 10000000 121 17 13 83 102 17
1 328 329 10000000 121 153 28 79 27 33
1 328 330 10000000 132 91 18 80 59 14
0 331 331 10000000 121 17 13 86 106 18
1 331 332 10000000 124 302 92 81 84 59
1 331 333 10000000 123 243 103 77 74 80
1 331 334 10000000 119 291 157 81 107 86
0 335 335 10000000 120 17 14 95 99 16
1 335 336 10000000 122 197 57 85 57 53
1 335 337 10000000 126 107 21 88 60 13
1 335 338 10000000 128 195 68 89 63 54
0 339 339 10000000 118 17 12 96 91 16
1 339 340 10000000 123 117 35 93 75 21
1 339 341 10000000 128 202 63 91 60 53
1 339 342 10000000 120 430 220 89 151 148
0 343 343 10000000 115 16 13 96 94 17
1 343 344 10000000 122 218 86 88 658 649
1 343 345 10000000 135 181 73 92 659 600
1 343 346 10000000 123 294 121 92 717 746
0 347 347 10000000 121 17 14 60 102 17
1 347 348 10000000 126 156 27 57 27 23
1 347 349 10000000 128 221 147 58 18 14
1 347 350 10000000 131 164 28 60 27 37
0 351 351 10000000 131 16 12 65 96 20
1 351 352 10000000 122 110 23 61 67 19
1 351 353 10000000 129 107 20 62 61 14
1 351 354 10000000 136 270 123 66 92 92
0 355 355 10000000 121 17 13 70 90 16
1 355 356 10000000 122 241 119 64 76 69
1 355 357 10000000 122 82 16 58 17 13
1 355 358 10000000 132 119 25 63 59 21
0 359 359 10000000 122 16 12 71 94 17
1 359 360 10000000 137 243 117 67 82 90
1 359 361 10000000 129 93 16 61 19 13
0 362 362 10000000 123 17 14 81 90 16
1 362 363 10000000 127 210 102 69 60 43
1 362 364 10000000 129 188 64 67 45 34
1 362 365 10000000 125 189 64 66 51 34
0 366 366 10000000 122 16 12 86 100 18
1 366 367 10000000 118 86 16 63 17 13
1 366 368 10000000 125 452 304 71 154 189
1 366 369 10000000 126 545 328 72 288 255
0 370 370 10000000 133 19 13 90 99 18
1 370 371 10000000 124 203 78 72 56 48
1 370 372 10000000 130 185 85 73 52 35
1 370 373 10000000 135 389 192 76 126 210
0 374 374 10000000 120 17 15 84 90 15
1 374 375 10000000 126 175 30 80 28 37
1 374 376 10000000 121 80 18 69 18 13
1 374 377 10000000 132 248 105 72 79 64
0 378 378 10000000 115 17 12 86 90 16
1 378 379 10000000 126 256 127 71 90 92
1 378 380 10000000 122 80 16 67 17 13
1 378 381 10000000 125 165 38 139 32 26
0 382 382 10000000 120 20 12 95 88 15
1 382 383 10000000 134 200 78 87 59 55
1 382 384 10000000 121 80 18 76 18 12
1 382 385 10000000 126 124 25 88 68 23
0 386 386 10000000 195 17 19 99 90 16
1 386 387 10000000 127 110 27 84 59 21
1 386 388 10000000 123 86 19 81 18 13
0 389 389 10000000 123 33 45 108 90 18
1 389 390 10000000 133 225 101 96 61 56
1 389 391 10000000 134 76 16 82 17 13
1 389 392 10000000 125 210 88 89 59 53
0 393 393 10000000 122 17 13 103 96 19
1 393 394 10000000 127 95 18 83 17 12
1 393 395 10000000 125 103 19 91 59 15
1 393 396 10000000 132 286 141 91 1132 885
0 397 397 10000000 130 15 12 64 95 19
1 397 398 10000000 127 222 117 59 66 47
1 397 399 10000000 127 971 458 58 421 321
1 397 400 10000000 125 770 369 57 313 258
0 401 401 10000000 132 17 14 74 108 16
1 401 402 10000000 128 178 66 59 54 34
1 401 403 10000000 126 85 18 57 16 14
1 401 404 10000000 130 355 197 58 114 103
0 405 405 10000000 123 18 13 69 93 17
1 405 406 10000000 126 196 83 60 61 54
1 405 407 10000000 130 185 70 61 50 33
1 405 408 10000000 125 283 142 62 91 94
0 409 409 10000000 122 23 27 64 100 20
1 409 410 10000000 133 116 26 62 62 21
1 409 411 10000000 141 95 19 63 58 13
1 409 412 10000000 131 246 120 63 73 68
0 413 413 10000000 127 16 13 72 95 16
1 413 414 10000000 125 169 70 81 48 34
1 413 415 10000000 124 79 15 62 16 12
1 413 416 10000000 134 182 70 64 52 40
0 417 417 10000000 137 18 13 72 90 16
1 417 418 10000000 126 167 68 61 51 39
1 417 419 10000000 130 106 19 63 58 13
1 417 420 10000000 136 221 89 64 53 52
0 421 421 10000000 123 18 13 72 93 16
1 421 422 10000000 128 304 156 67 101 91
1 421 423 10000000 127 971 441 66 426 317
1 421 424 10000000 127 497 258 65 455 231
0 425 425 10000000 125 26 28 76 108 16
1 425 426 10000000 130 258 146 65 87 86
1 425 427 10000000 123 80 17 62 16 12
1 425 428 10000000 143 281 122 69 87 88
0 429 429 10000000 133 16 13 83 100 20
1 429 430 10000000 130 232 104 71 75 73
1 429 431 10000000 128 83 20 66 16 12
1 429 432 10000000 130 212 81 71 54 54
0 433 433 10000000 119 18 13 80 92 17
1 433 434 10000000 122 173 91 64 55 50
1 433 435 10000000 136 201 90 70 58 54
1 433 436 10000000 128 206 73 72 61 53
0 437 437 10000000 125 18 13 86 96 18
1 437 438 10000000 134 252 105 74 75 76
1 437 439 10000000 125 204 111 68 54 55
1 437 440 10000000 133 238 107 75 75 77
0 441 441 10000000 129 18 13 86 101 19
1 441 442 10000000 127 173 65 71 53 38
1 441 443 10000000 129 627 262 75 173 304
1 441 444 10000000 126 657 356 76 277 227
0 445 445 10000000 124 26 30 93 106 16
1 445 446 10000000 130 366 185 79 121 118
1 445 447 10000000 135 107 19 78 16 13
1 445 448 10000000 127 326 171 84 108 115
0 449 449 10000000 210 17 13 89 102 15
1 449 450 10000000 130 222 106 76 324 306
1 449 451 10000000 127 84 16 70 17 12
1 449 452 10000000 137 312 167 82 461 479
0 453 453 10000000 149 23 28 59 84 16
1 453 454 10000000 133 239 113 64 60 56
1 453 455 10000000 132 84 17 55 17 12
1 453 456 10000000 143 332 169 58 107 104
0 457 457 10000000 146 17 13 67 109 16
1 457 458 10000000 139 338 172 60 118 115
1 457 459 10000000 141 106 21 65 58 12
1 457 460 10000000 138 256 115 61 85 87
0 461 461 10000000 153 27 25 71 97 18
1 461 462 10000000 137 241 106 63 73 73
1 461 463 10000000 136 101 18 63 54 13
1 461 464 10000000 136 300 153 65 99 100
0 465 465 10000000 136 17 13 75 92 17
1 465 466 10000000 132 348 200 61 117 166
1 465 467 10000000 143 204 79 71 52 38
0 468 468 10000000 138 16 14 80 93 17
1 468 469 10000000 132 215 106 69 57 51
1 468 470 10000000 136 88 16 65 17 12
1 468 471 10000000 137 231 104 73 58 55
0 472 472 10000000 140 17 12 79 94 20
1 472 473 10000000 137 87 16 65 17 13
1 472 474 10000000 136 1285 553 72 356 320
1 472 475 10000000 132 634 346 73 243 240
0 476 476 10000000 151 16 12 87 127 16
1 476 477 10000000 145 239 108 76 71 56
1 476 478 10000000 144 234 120 79 56 53
1 476 479 10000000 133 592 493 74 173 242
0 480 480 10000000 141 20 17 89 104 48
1 480 481 10000000 145 317 153 81 100 85
1 480 482 10000000 134 198 116 70 61 46
1 480 483 10000000 144 360 176 79 114 110
0 484 484 10000000 146 16 12 94 101 16
1 484 485 10000000 235 102 19 85 16 13
1 484 486 10000000 139 1196 569 82 456 460
1 484 487 10000000 136 2141 771 81 465 501
0 488 488 10000000 146 18 12 92 101 17
1 488 489 10000000 149 253 129 80 75 77
1 488 490 10000000 135 94 16 78 16 13
1 488 491 10000000 139 492 243 84 158 233
0 492 492 10000000 138 16 13 98 92 16
1 492 493 10000000 137 251 90 87 74 76
1 492 494 10000000 133 98 27 74 21 17
1 492 495 10000000 174 459 240 83 141 221
0 496 496 10000000 146 16 16 102 98 18
1 496 497 10000000 151 241 128 86 66 69
1 496 498 10000000 132 96 17 76 17 12
1 496 499 10000000 143 373 185 83 113 104
0 500 500 10000000 136 27 27 98 109 18
1 500 501 10000000 136 280 126 90 1570 785
1 500 502 10000000 140 94 16 82 17 13
1 500 503 10000000 137 329 242 85 844 722
0 504 504 10000000 136 87 68 71 100 16
1 504 505 10000000 143 168 57 76 48 29
1 504 506 10000000 132 74 15 64 16 13
1 504 507 10000000 142 195 69 71 241 203
0 508 508 10000000 130 17 12 77 106 16
1 508 509 10000000 140 196 78 74 239 214
1 508 510 10000000 136 91 17 66 16 13
1 508 511 10000000 138 270 123 75 269 371
0 512 512 10000000 136 19 14 79 93 19
1 512 513 10000000 143 176 47 78 233 192
1 512 514 10000000 139 97 18 74 19 13
1 512 515 10000000 143 286 133 77 264 323
0 516 516 10000000 148 17 13 83 100 18
1 516 517 10000000 149 212 92 76 244 226
1 516 518 10000000 163 92 25 78 23 17
1 516 519 10000000 144 254 139 75 257 251
0 520 520 10000000 139 16 13 87 91 17
1 520 521 10000000 136 163 38 75 27 33
1 520 522 10000000 137 87 20 69 16 13
1 520 523 10000000 137 233 94 79 237 221
0 524 524 10000000 142 18 13 86 100 17
1 524 525 10000000 138 159 28 81 27 34
1 524 526 10000000 233 133 22 85 72 17
1 524 527 10000000 136 283 120 82 285 264
0 528 528 10000000 145 16 14 89 98 17
1 528 529 10000000 140 299 48 85 47 31
1 528 530 10000000 143 101 20 82 57 13
1 528 531 10000000 137 288 126 84 281 261
0 532 532 10000000 141 17 12 90 98 16
1 532 533 10000000 147 100 15 87 17 13
1 532 534 10000000 137 107 25 86 67 21
1 532 535 10000000 147 270 132 85 257 248
0 536 536 10000000 140 19 12 88 91 16
1 536 537 10000000 140 170 38 89 28 37
1 536 538 10000000 134 86 16 74 17 19
1 536 539 10000000 144 181 56 87 231 197
0 540 540 10000000 139 26 27 94 90 18
1 540 541 10000000 149 233 68 89 238 222
1 540 542 10000000 142 96 16 87 17 14
1 540 543 10000000 142 122 41 86 74 23
0 544 544 10000000 137 20 16 94 101 33
1 544 545 10000000 138 117 36 90 72 19
1 544 546 10000000 138 402 16 81 16 13
1 544 547 10000000 137 163 49 88 289 244
0 548 548 10000000 133 26 30 77 94 17
1 548 549 10000000 142 259 127 75 252 299
1 548 550 10000000 133 165 86 67 235 178
1 548 551 10000000 146 286 135 75 255 321
0 552 552 10000000 140 20 13 82 103 16
1 552 553 10000000 140 199 80 79 239 194
1 552 554 10000000 137 93 16 74 17 13
1 552 555 10000000 139 184 59 77 230 182
0 556 556 10000000 128 16 13 78 92 18
1 556 557 10000000 136 149 58 68 212 185
1 556 558 10000000 137 973 405 79 533 499
1 556 559 10000000 134 481 262 80 395 397
0 560 560 10000000 128 17 12 85 89 16
1 560 561 10000000 137 192 70 71 218 192
1 560 562 10000000 351 109 19 79 17 15
1 560 563 10000000 144 350 173 78 278 330
0 564 564 10000000 134 16 14 91 90 16
1 564 565 10000000 145 195 65 79 224 502
1 564 566 10000000 144 174 82 79 212 165
1 564 567 10000000 142 232 98 85 223 207
0 568 568 10000000 132 16 15 94 93 15
1 568 569 10000000 141 209 89 86 228 199
1 568 570 10000000 138 104 51 76 238 155
1 568 571 10000000 137 249 92 81 234 216
0 572 572 10000000 177 17 14 94 92 18
1 572 573 10000000 135 80 17 76 20 13
1 572 574 10000000 149 929 415 89 553 528
1 572 575 10000000 138 381 178 83 286 366
0 576 576 10000000 133 17 13 88 88 17
1 576 577 10000000 139 233 97 84 181 171
1 576 578 10000000 146 117 54 88 194 140
1 576 579 10000000 140 268 123 84 214 190
0 580 580 10000000 130 16 12 92 90 15
1 580 581 10000000 144 230 98 85 72 78
1 580 582 10000000 138 101 19 83 58 13
1 580 583 10000000 149 325 143 92 122 135
0 584 584 10000000 137 20 13 95 98 18
1 584 585 10000000 144 214 93 88 83 75
1 584 586 10000000 138 96 19 84 59 13
1 584 587 10000000 152 330 148 85 126 129
0 588 588 10000000 137 18 16 96 90 17
1 588 589 10000000 137 103 50 179 88 52
1 588 590 10000000 134 122 39 89 76 57
1 588 591 10000000 138 191 82 93 81 72
0 592 592 10000000 134 15 12 91 90 17
1 592 593 10000000 141 231 100 89 71 76
1 592 594 10000000 137 85 17 80 17 13
1 592 595 10000000 139 185 62 86 66 61
0 596 596 10000000 134 17 14 92 92 16
1 596 597 10000000 143 107 18 91 17 13
1 596 598 10000000 145 1074 412 97 742 585
1 596 599 10000000 141 215 90 91 232 259
0 600 600 10000000 126 17 14 75 97 16
1 600 601 10000000 133 166 46 77 233 181
1 600 602 10000000 134 91 16 75 21 17
0 603 603 10000000 137 485 933 79 131 84
1 603 604 10000000 140 94 19 73 17 14
1 603 605 10000000 131 926 451 74 676 609
1 603 606 10000000 135 562 328 77 452 363
0 607 607 10000000 125 22 29 79 89 17
1 607 608 10000000 133 153 53 69 154 142
1 607 609 10000000 144 92 19 76 18 12
1 607 610 10000000 135 192 61 75 167 143
0 611 611 10000000 125 34 52 82 91 16
1 611 612 10000000 142 189 65 79 174 152
1 611 613 10000000 144 80 17 72 17 14
1 611 614 10000000 137 194 62 74 173 159
0 615 615 10000000 128 18 13 83 88 18
1 615 616 10000000 140 249 102 79 180 161
1 615 617 10000000 130 166 132 69 69 69
1 615 618 10000000 138 270 124 74 199 178
0 619 619 10000000 138 18 14 87 94 16
1 619 620 10000000 133 94 25 77 65 20
1 619 621 10000000 131 83 16 71 18 13
1 619 622 10000000 134 199 57 83 58 49
0 623 623 10000000 127 17 13 84 97 19
1 623 624 10000000 145 178 69 84 153 126
1 623 625 10000000 131 92 17 75 18 14
0 626 626 10000000 1655 22 12 89 106 16
1 626 627 10000000 144 235 106 81 173 161
1 626 628 10000000 133 182 77 79 73 74
1 626 629 10000000 133 233 91 86 87 98
0 630 630 10000000 129 16 14 88 96 18
1 630 631 10000000 137 106 18 84 59 12
1 630 632 10000000 134 921 446 81 581 484
1 630 633 10000000 133 2236 882 79 611 1048
0 634 634 10000000 124 17 13 88 92 18
1 634 635 10000000 136 183 66 89 73 60
1 634 636 10000000 131 170 70 76 68 64
1 634 637 10000000 137 522 265 88 215 376
0 638 638 10000000 121 32 46 89 94 17
1 638 639 10000000 144 107 19 84 61 14
1 638 640 10000000 137 83 17 76 17 13
1 638 641 10000000 136 331 166 83 172 173
0 642 642 10000000 137 18 14 93 94 19
1 642 643 10000000 130 217 91 75 87 98
1 642 644 10000000 130 174 80 79 73 76
1 642 645 10000000 135 458 231 86 196 289
0 646 646 10000000 126 343 226 92 176 81
1 646 647 10000000 137 115 37 86 80 18
1 646 648 10000000 132 347 165 84 329 367
1 646 649 10000000 132 921 457 77 571 427
0 650 650 10000000 126 32 129 73 100 15
1 650 651 10000000 147 205 87 74 108 95
1 650 652 10000000 129 80 16 65 16 13
1 650 653 10000000 133 361 94 74 118 115
0 654 654 10000000 127 17 13 75 88 17
1 654 655 10000000 135 162 54 69 91 83
1 654 656 10000000 129 96 25 66 20 17
1 654 657 10000000 131 238 107 74 150 248
0 658 658 10000000 123 21 14 80 98 18
1 658 659 10000000 134 243 92 74 146 160
1 658 660 10000000 131 83 17 66 17 19
1 658 661 10000000 132 424 192 77 206 530
0 662 662 10000000 125 29 43 80 93 16
1 662 663 10000000 141 188 73 75 169 153
1 662 664 10000000 139 166 54 73 73 70
1 662 665 10000000 134 221 75 75 161 156
0 666 666 10000000 126 25 27 84 99 15
1 666 667 10000000 130 172 55 76 96 97
1 666 668 10000000 166 88 16 72 17 14
1 666 669 10000000 144 212 67 78 112 122
0 670 670 10000000 133 17 13 81 103 16
1 670 671 10000000 139 156 37 79 78 71
1 670 672 10000000 132 125 18 73 68 15
1 670 673 10000000 131 201 76 82 147 154
0 674 674 10000000 123 18 13 86 95 17
1 674 675 10000000 137 173 53 86 94 85
1 674 676 10000000 131 158 38 87 33 21
1 674 677 10000000 134 389 97 82 120 92
0 678 678 10000000 125 18 15 84 93 16
1 678 679 10000000 134 173 54 84 102 96
1 678 680 10000000 139 105 20 82 19 13
1 678 681 10000000 132 220 60 75 66 64
0 682 682 10000000 130 27 26 89 94 18
1 682 683 10000000 140 172 51 82 96 96
1 682 684 10000000 132 94 17 80 21 13
1 682 685 10000000 137 183 50 85 123 129
0 686 686 10000000 126 16 13 93 100 18
1 686 687 10000000 130 178 55 80 82 86
1 686 688 10000000 130 95 17 187 18 14
1 686 689 10000000 134 198 91 80 128 154
0 690 690 10000000 128 17 12 90 91 16
1 690 691 10000000 136 184 80 78 127 147
1 690 692 10000000 130 191 65 76 134 137
1 690 693 10000000 137 202 83 87 135 149
0 694 694 10000000 130 21 17 91 101 31
1 694 695 10000000 141 175 50 88 99 95
1 694 696 10000000 132 92 19 85 18 14
1 694 697 10000000 132 174 50 87 124 135
0 698 698 10000000 124 31 51 89 89 17
1 698 699 10000000 134 119 24 90 69 19
1 698 700 10000000 133 84 19 76 17 13
1 698 701 10000000 134 174 51 83 192 181
0 702 702 10000000 147 17 12 73 100 17
1 702 703 10000000 133 179 64 74 88 89
1 702 704 10000000 142 139 60 65 79 75
1 702 705 10000000 137 194 75 78 97 95
0 706 706 10000000 132 17 13 77 91 17
1 706 707 10000000 136 160 48 77 84 78
1 706 708 10000000 131 193 22 66 20 13
1 706 709 10000000 134 166 45 78 90 90
0 710 710 10000000 137 17 13 74 109 16
1 710 711 10000000 130 157 62 64 81 79
1 710 712 10000000 138 163 62 76 80 69
1 710 713 10000000 143 171 63 78 79 83
0 714 714 10000000 143 23 26 76 91 17
1 714 715 10000000 142 353 59 80 86 78
1 714 716 10000000 133 83 24 66 20 16
0 717 717 10000000 148 28 42 80 107 20
1 717 718 10000000 142 117 52 74 106 62
1 717 719 10000000 132 1479 551 76 552 602
1 717 720 10000000 136 1615 584 80 485 526
0 721 721 10000000 134 16 13 80 96 34
1 721 722 10000000 133 124 36 75 97 63
1 721 723 10000000 137 85 16 68 17 13
1 721 724 10000000 136 247 104 74 126 137
0 725 725 10000000 139 16 11 77 89 17
1 725 726 10000000 134 185 63 82 105 111
1 725 727 10000000 132 161 73 69 107 103
1 725 728 10000000 136 258 117 72 130 148
0 729 729 10000000 134 17 13 81 88 16
1 729 730 10000000 145 181 60 80 108 104
1 729 731 10000000 130 159 71 71 106 104
1 729 732 10000000 143 298 134 79 154 220
0 733 733 10000000 146 17 12 82 97 31
1 733 734 10000000 139 155 45 86 49 47
1 733 735 10000000 132 100 36 75 86 43
1 733 736 10000000 141 196 73 84 77 73
0 737 737 10000000 145 17 13 86 96 17
1 737 738 10000000 135 185 76 79 103 88
1 737 739 10000000 147 91 16 73 17 12
1 737 740 10000000 136 194 58 81 72 80
0 741 741 10000000 128 17 12 85 87 17
1 741 742 10000000 140 114 23 80 69 19
1 741 743 10000000 133 79 16 71 16 12
1 741 744 10000000 154 168 42 88 32 22
0 745 745 10000000 137 17 14 83 84 17
1 745 746 10000000 134 107 39 80 86 58
1 745 747 10000000 135 665 345 80 423 1092
1 745 748 10000000 132 366 196 81 199 291
0 749 749 10000000 128 17 13 81 93 17
1 749 750 10000000 143 108 42 81 78 42
1 749 751 10000000 133 99 18 83 58 12
1 749 752 10000000 138 219 90 83 147 137
0 753 753 10000000 138 29 45 71 94 16
1 753 754 10000000 137 175 70 73 122 115
1 753 755 10000000 132 87 17 65 16 13
1 753 756 10000000 143 261 121 75 138 143
0 757 757 10000000 129 16 14 73 89 17
1 757 758 10000000 141 211 188 75 142 123
1 757 759 10000000 141 122 20 75 67 12
1 757 760 10000000 136 206 84 75 212 228
0 761 761 10000000 150 17 13 81 91 16
1 761 762 10000000 141 178 64 71 99 103
1 761 763 10000000 133 81 17 66 55 16
1 761 764 10000000 132 169 45 75 81 69
0 765 765 10000000 134 18 12 81 102 18
1 765 766 10000000 136 222 85 76 143 127
1 765 767 10000000 140 165 54 69 79 75
1 765 768 10000000 138 189 90 69 129 120
0 769 769 10000000 134 24 26 83 91 17
1 769 770 10000000 148 251 98 77 141 132
1 769 771 10000000 133 92 16 75 17 13
0 772 772 10000000 133 83 39 80 90 16
1 772 773 10000000 136 184 88 80 127 100
1 772 774 10000000 131 87 16 69 17 13
1 772 775 10000000 136 278 119 112 145 145
0 776 776 10000000 136 24 28 87 96 17
1 776 777 10000000 135 166 69 74 193 201
1 776 778 10000000 135 79 15 70 16 12
1 776 779 10000000 136 174 55 76 100 104
0 780 780 10000000 152 37 81 90 225 32
1 780 781 10000000 154 220 60 75 121 122
1 780 782 10000000 136 84 16 73 16 18
1 780 783 10000000 141 185 66 81 119 121
0 784 784 10000000 135 30 46 89 91 15
1 784 785 10000000 136 99 39 83 82 40
1 784 786 10000000 167 113 27 82 83 42
1 784 787 10000000 140 221 178 83 144 126
0 788 788 10000000 166 21 13 92 90 16
1 788 789 10000000 138 176 63 83 120 118
1 788 790 10000000 146 99 20 84 56 12
1 788 791 10000000 138 260 120 95 150 323
0 792 792 10000000 137 30 47 97 100 17
1 792 793 10000000 142 207 90 88 128 116
1 792 794 10000000 135 90 19 80 16 12
1 792 795 10000000 135 190 72 90 125 114
0 796 796 10000000 136 457 329 98 208 107
1 796 797 10000000 134 86 18 81 16 12
1 796 798 10000000 134 690 362 87 581 449
1 796 799 10000000 136 311 154 79 297 320
0 800 800 10000000 142 19 12 75 93 18
1 800 801 10000000 136 199 94 77 134 152
1 800 802 10000000 139 107 29 77 244 697
1 800 803 10000000 140 193 83 74 145 157
0 804 804 10000000 140 29 42 74 89 17
1 804 805 10000000 130 98 47 66 77 40
1 804 806 10000000 138 157 40 72 40 49
1 804 807 10000000 134 114 18 79 65 13
0 808 808 10000000 146 17 15 74 89 16
1 808 809 10000000 136 189 97 78 534 260
1 808 810 10000000 137 114 40 77 169 127
1 808 811 10000000 135 121 48 77 173 127
0 812 812 10000000 140 17 13 79 91 16
1 812 813 10000000 131 106 19 82 59 14
1 812 814 10000000 137 212 88 78 155 174
0 815 815 10000000 138 29 41 85 101 18
1 815 816 10000000 140 177 75 79 136 124
1 815 817 10000000 136 691 341 80 467 441
1 815 818 10000000 139 321 148 81 187 307
0 819 819 10000000 149 18 14 82 92 16
1 819 820 10000000 138 152 45 70 39 56
1 819 821 10000000 133 85 17 74 16 13
1 819 822 10000000 139 225 92 72 106 124
0 823 823 10000000 136 20 12 87 94 17
1 823 824 10000000 141 101 19 79 60 13
1 823 825 10000000 435 299 119 85 227 278
1 823 826 10000000 138 404 171 83 191 207
0 827 827 10000000 133 17 13 84 89 15
1 827 828 10000000 138 116 42 84 83 36
1 827 829 10000000 134 616 365 79 279 405
1 827 830 10000000 137 205 73 83 68 75
0 831 831 10000000 144 25 28 90 103 16
1 831 832 10000000 140 102 22 84 62 12
1 831 833 10000000 132 852 373 84 525 480
1 831 834 10000000 133 325 146 80 250 284
0 835 835 10000000 153 16 13 89 92 15
1 835 836 10000000 145 205 83 92 100 87
1 835 837 10000000 130 85 22 81 58 13
1 835 838 10000000 136 183 64 90 69 72
0 839 839 10000000 923 26 29 88 2919 17
1 839 840 10000000 137 102 20 83 64 11
1 839 841 10000000 131 88 16 78 16 12
1 839 842 10000000 138 168 49 86 87 104
0 843 843 10000000 140 16 13 76 99 18
1 843 844 10000000 143 198 64 78 58 39
1 843 845 10000000 132 88 16 68 19 13
1 843 846 10000000 135 318 64 70 59 50
0 847 847 10000000 138 24 26 78 91 17
1 847 848 10000000 130 81 16 65 16 12
1 847 849 10000000 137 717 353 76 493 490
1 847 850 10000000 131 157 29 75 27 34
0 851 851 10000000 139 17 13 79 94 18
1 851 852 10000000 142 172 64 68 63 56
1 851 853 10000000 134 113 53 69 75 55
1 851 854 10000000 139 203 75 79 73 78
0 855 855 10000000 140 17 13 82 105 15
1 855 856 10000000 133 198 72 185 72 78
1 855 857 10000000 139 686 352 76 427 385
1 855 858 10000000 135 533 286 74 278 266
0 859 859 10000000 142 25 25 79 97 16
1 859 860 10000000 135 244 96 75 84 97
1 859 861 10000000 130 165 77 68 62 64
1 859 862 10000000 135 250 94 82 87 99
0 863 863 10000000 138 25 28 81 89 17
1 863 864 10000000 143 272 123 80 120 127
1 863 865 10000000 134 170 69 77 60 52
1 863 866 10000000 137 333 160 80 126 211
0 867 867 10000000 132 16 13 78 88 16
1 867 868 10000000 131 79 16 70 19 14
1 867 869 10000000 138 692 374 78 359 449
1 867 870 10000000 135 327 149 81 149 224
0 871 871 10000000 142 16 15 86 100 17
1 871 872 10000000 140 174 47 79 60 55
1 871 873 10000000 132 79 17 70 16 13
1 871 874 10000000 136 262 100 81 91 95
0 875 875 10000000 130 16 13 83 86 16
1 875 876 10000000 138 186 66 80 90 92
1 875 877 10000000 130 141 67 70 50 59
0 878 878 10000000 131 17 12 91 94 17
1 878 879 10000000 134 152 29 84 25 23
1 878 880 10000000 138 90 19 77 16 13
0 881 881 10000000 136 25 28 88 91 18
1 881 882 10000000 138 183 64 82 51 32
1 881 883 10000000 139 162 78 73 34 28
1 881 884 10000000 131 194 57 82 55 87
0 885 885 10000000 137 18 12 70 95 16
1 885 886 10000000 143 199 87 63 99 86
1 885 887 10000000 143 152 43 63 93 78
1 885 888 10000000 138 182 68 63 49 33
0 889 889 10000000 141 16 14 69 93 18
1 889 890 10000000 139 102 16 66 16 13
1 889 891 10000000 136 478 265 64 281 306
0 892 892 10000000 150 36 53 74 95 17
1 892 893 10000000 139 180 66 67 48 35
1 892 894 10000000 131 92 18 64 20 12
0 895 895 10000000 145 17 13 74 96 18
1 895 896 10000000 144 208 77 71 59 56
1 895 897 10000000 153 90 17 63 18 12
0 898 898 10000000 140 18 12 71 86 16
1 898 899 10000000 146 196 58 67 73 80
1 898 900 10000000 136 88 16 63 17 13
0 901 901 10000000 618 18 13 72 231 17
1 901 902 10000000 149 182 63 73 47 31
1 901 903 10000000 135 85 17 65 17 14
0 904 904 10000000 143 16 13 72 90 16
1 904 905 10000000 135 191 96 66 74 68
1 904 906 10000000 140 86 25 68 21 17
0 907 907 10000000 139 16 12 74 87 18
1 907 908 10000000 144 264 118 75 94 98
1 907 909 10000000 137 89 24 66 19 15
0 910 910 10000000 144 16 12 83 94 17
1 910 911 10000000 132 167 52 74 33 26
1 910 912 10000000 135 509 272 186 264 234
1 910 913 10000000 144 336 151 78 124 206
0 914 914 10000000 143 22 25 75 101 18
1 914 915 10000000 992 280 212 75 55 75
1 914 916 10000000 148 91 16 74 18 13
0 917 917 10000000 142 19 17 79 99 32
1 917 918 10000000 139 262 98 72 70 69
1 917 919 10000000 144 113 17 229 18 13
1 917 920 10000000 136 251 100 73 70 69
0 921 921 10000000 135 16 13 69 89 17
1 921 922 10000000 140 270 119 67 108 138
1 921 923 10000000 139 88 16 62 17 13
0 924 924 10000000 136 16 13 69 93 17
1 924 925 10000000 139 246 123 65 103 116
1 924 926 10000000 161 82 16 61 17 13
0 927 927 10000000 142 18 12 74 104 18
1 927 928 10000000 149 107 46 68 105 77
1 927 929 10000000 134 158 35 70 81 74
0 930 930 10000000 146 19 13 71 91 16
1 930 931 10000000 135 191 73 71 87 84
1 930 932 10000000 137 103 42 67 107 76
0 933 933 10000000 141 22 26 74 94 17
1 933 934 10000000 142 174 55 74 73 63
1 933 935 10000000 136 91 19 68 16 13
0 936 936 10000000 144 26 28 79 99 18
1 936 937 10000000 144 99 17 75 89 13
1 936 938 10000000 134 86 17 67 16 13
0 939 939 10000000 148 24 33 78 99 19
1 939 940 10000000 135 172 61 75 77 71
1 939 941 10000000 147 89 16 72 16 19
0 942 942 10000000 211 17 13 82 125 16
1 942 943 10000000 136 103 18 76 56 13
1 942 944 10000000 140 104 17 78 21 13
0 945 945 10000000 142 27 44 82 98 16
1 945 946 10000000 137 207 95 80 93 87
1 945 947 10000000 147 169 87 76 36 30
0 948 948 10000000 133 17 13 79 88 18
1 948 949 10000000 136 112 40 79 80 32
1 948 950 10000000 137 348 243 79 184 232
1 948 951 10000000 136 417 266 78 208 252
0 952 952 10000000 219 17 13 68 113 17
1 952 953 10000000 134 169 59 62 99 101
1 952 954 10000000 140 113 61 69 132 74
1 952 955 10000000 142 260 123 73 122 140
0 956 956 10000000 133 16 12 71 90 17
1 956 957 10000000 132 167 66 62 48 32
1 956 958 10000000 134 88 16 63 17 14
1 956 959 10000000 139 204 82 72 71 77
0 960 960 10000000 130 15 13 73 89 16
1 960 961 10000000 137 266 118 73 122 123
1 960 962 10000000 139 103 61 68 126 74
0 963 963 10000000 137 16 12 80 102 17
1 963 964 10000000 138 186 56 74 62 52
1 963 965 10000000 133 146 52 63 40 56
0 966 966 10000000 129 16 13 75 95 17
1 966 967 10000000 134 205 87 77 106 87
1 966 968 10000000 135 784 387 83 434 446
1 966 969 10000000 138 322 151 75 150 238
0 970 970 10000000 138 16 12 83 98 16
1 970 971 10000000 136 209 88 75 58 53
1 970 972 10000000 141 199 1749 86 49 34
1 970 973 10000000 134 240 111 76 63 48
0 974 974 10000000 149 17 13 81 101 15
1 974 975 10000000 139 102 27 79 65 21
1 974 976 10000000 134 84 20 69 17 13
0 977 977 10000000 140 16 13 78 87 19
1 977 978 10000000 145 235 102 71 132 130
1 977 979 10000000 135 227 100 75 135 120
0 980 980 10000000 139 16 12 69 87 17
1 980 981 10000000 135 318 132 68 124 116
1 980 982 10000000 169 266 129 72 126 131
1 980 983 10000000 149 210 79 73 75 77
0 984 984 10000000 139 28 19 73 115 99
1 984 985 10000000 136 174 67 70 94 101
1 984 986 10000000 139 103 20 69 56 14
0 987 987 10000000 140 16 12 73 205 17
1 987 988 10000000 143 200 79 74 102 94
1 987 989 10000000 143 97 18 71 63 12
0 990 990 10000000 143 21 13 81 98 17
1 990 991 10000000 129 103 16 78 17 13
1 990 992 10000000 140 90 20 67 57 13
0 993 993 10000000 142 17 12 79 88 19
1 993 994 10000000 135 244 120 68 132 135
1 993 995 10000000 134 794 442 75 349 325
1 993 996 10000000 134 306 97 81 108 117
0 997 997 10000000 132 17 12 78 96 15
1 997 998 10000000 138 212 85 80 55 50
1 997 999 10000000 133 188 85 76 47 31
0 1000 1000 10000000 130 16 13 81 102 16
1 1000 1001 10000000 136 303 148 76 173 244
1 1000 1002 10000000 140 151 40 75 116 107
0 1003 1003 10000000 142 17 12 58 88 16
1 1003 1004 10000000 154 277 147 58 87 92
1 1003 1005 10000000 142 77 17 56 17 12
0 1006 1006 10000000 147 143 131 65 102 15
1 1006 1007 10000000 143 107 38 64 74 22
1 1006 1008 10000000 149 103 20 59 57 14
0 1009 1009 10000000 151 17 12 66 99 18
1 1009 1010 10000000 151 230 93 63 65 53
1 1009 1011 10000000 143 110 20 64 59 14
0 1012 1012 10000000 140 19 12 76 94 15
1 1012 1013 10000000 147 202 102 122 61 47
1 1012 1014 10000000 149 114 28 69 73 14
0 1015 1015 10000000 143 17 12 79 93 16
1 1015 1016 10000000 140 269 138 63 77 62
1 1015 1017 10000000 147 107 20 66 68 13
0 1018 1018 10000000 149 16 13 84 90 16
1 1018 1019 10000000 149 84 18 69 18 14
1 1018 1020 10000000 158 105 20 72 66 14
0 1021 1021 10000000 149 18 13 90 97 17
1 1021 1022 10000000 152 202 91 75 58 51
1 1021 1023 10000000 147 771 397 73 281 264
1 1021 1024 10000000 152 218 89 74 53 51
0 1025 1025 10000000 139 22 25 90 88 15
1 1025 1026 10000000 151 216 89 75 52 49
1 1025 1027 10000000 145 88 17 68 16 13
0 1028 1028 10000000 152 33 25 101 107 82
1 1028 1029 10000000 147 267 129 78 80 71
1 1028 1030 10000000 164 122 24 94 77 15
0 1031 1031 10000000 147 38 58 98 96 21
1 1031 1032 10000000 145 238 103 82 69 64
1 1031 1033 10000000 157 105 18 81 62 13
0 1034 1034 10000000 153 17 13 100 91 18
1 1034 1035 10000000 227 307 163 87 79 63
1 1034 1036 10000000 142 779 399 86 313 262
1 1034 1037 10000000 149 251 97 86 74 74
0 1038 1038 10000000 148 16 12 105 118 52
1 1038 1039 10000000 143 227 112 91 57 55
1 1038 1040 10000000 145 102 26 77 20 16
1 1038 1041 10000000 146 205 89 84 60 50
0 1042 1042 10000000 150 18 15 106 104 16
1 1042 1043 10000000 147 239 92 86 71 66
1 1042 1044 10000000 142 81 16 75 17 13
0 1045 1045 10000000 160 39 42 101 94 18
1 1045 1046 10000000 174 217 91 90 772 674
1 1045 1047 10000000 143 111 30 87 174 116
0 1048 1048 10000000 154 16 13 62 105 18
1 1048 1049 10000000 154 360 206 60 103 106
1 1048 1050 10000000 150 106 18 61 68 15
0 1051 1051 10000000 150 17 13 59 97 16
1 1051 1052 10000000 161 215 103 60 58 53
1 1051 1053 10000000 149 103 19 59 60 13
0 1054 1054 10000000 147 31 55 64 97 18
1 1054 1055 10000000 145 84 16 59 16 12
1 1054 1056 10000000 155 110 24 64 69 19
0 1057 1057 10000000 144 28 39 72 102 16
1 1057 1058 10000000 149 175 53 68 44 31
1 1057 1059 10000000 146 873 457 64 338 429
1 1057 1060 10000000 156 230 83 64 62 58
0 1061 1061 10000000 151 86 43 81 137 45
1 1061 1062 10000000 152 207 89 65 60 55
1 1061 1063 10000000 147 90 16 69 19 14
0 1064 1064 10000000 151 24 29 77 102 18
1 1064 1065 10000000 159 182 64 73 46 30
1 1064 1066 10000000 148 877 589 71 339 340
0 1067 1067 10000000 154 16 13 80 99 17
1 1067 1068 10000000 149 193 85 78 49 34
1 1067 1069 10000000 146 1532 632 70 483 448
1 1067 1070 10000000 150 275 121 71 74 68
0 1071 1071 10000000 147 27 28 85 98 17
1 1071 1072 10000000 1381 389 169 86 105 85
1 1071 1073 10000000 160 107 19 74 59 14
0 1074 1074 10000000 145 16 13 83 96 18
1 1074 1075 10000000 157 178 76 71 134 131
1 1074 1076 10000000 158 100 17 73 58 12
0 1077 1077 10000000 156 16 14 66 103 17
1 1077 1078 10000000 145 218 104 59 117 102
1 1077 1079 10000000 150 105 20 62 64 14
0 1080 1080 10000000 155 17 18 68 101 17
1 1080 1081 10000000 148 221 93 60 111 105
1 1080 1082 10000000 148 175 65 64 53 44
0 1083 1083 10000000 156 16 13 70 97 18
1 1083 1084 10000000 158 205 88 65 97 95
1 1083 1085 10000000 152 106 23 63 64 19
0 1086 1086 10000000 163 19 13 73 100 17
1 1086 1087 10000000 150 196 72 64 88 92
1 1086 1088 10000000 152 115 21 70 69 14
0 1089 1089 10000000 154 19 13 69 101 23
1 1089 1090 10000000 150 186 73 67 89 86
1 1089 1091 10000000 155 120 28 70 65 20
0 1092 1092 10000000 154 25 25 72 100 15
1 1092 1093 10000000 141 101 21 69 61 13
1 1092 1094 10000000 146 520 236 71 217 420
1 1092 1095 10000000 145 100 20 70 56 12
0 1096 1096 10000000 148 16 16 69 92 16
1 1096 1097 10000000 141 83 22 63 54 12
1 1096 1098 10000000 138 91 18 63 51 12
0 1099 1099 10000000 144 22 27 74 95 19
1 1099 1100 10000000 150 105 23 71 69 18
1 1099 1101 10000000 139 499 238 69 207 377
0 1102 1102 10000000 154 18 14 70 98 17
1 1102 1103 10000000 151 95 18 75 18 14
1 1102 1104 10000000 144 501 234 72 215 386
0 1105 1105 10000000 148 32 45 73 91 16
1 1105 1106 10000000 143 81 16 68 20 12
1 1105 1107 10000000 145 471 240 73 286 350
1 1105 1108 10000000 155 164 44 75 74 63
0 1109 1109 10000000 156 110 82 78 1123 16
1 1109 1110 10000000 151 147 44 70 73 63
1 1109 1111 10000000 144 93 17 68 17 12
0 1112 1112 10000000 154 21 13 75 88 16
1 1112 1113 10000000 145 91 16 71 18 12
1 1112 1114 10000000 143 464 274 73 423 369
0 1115 1115 10000000 143 39 55 77 102 18
1 1115 1116 10000000 145 213 104 80 146 306
1 1115 1117 10000000 137 777 373 77 424 364
0 1118 1118 10000000 138 25 25 78 97 18
1 1118 1119 10000000 138 89 17 67 18 14
1 1118 1120 10000000 137 707 457 76 424 367
1 1118 1121 10000000 141 264 116 78 146 147
0 1122 1122 10000000 141 18 13 74 95 18
1 1122 1123 10000000 137 167 70 70 130 108
1 1122 1124 10000000 137 85 16 70 17 12
0 1125 1125 10000000 142 16 16 75 95 16
1 1125 1126 10000000 139 244 107 76 147 142
1 1125 1127 10000000 143 90 15 72 17 12
0 1128 1128 10000000 148 17 17 82 103 17
1 1128 1129 10000000 140 173 56 72 129 111
1 1128 1130 10000000 141 176 67 77 126 116
1 1128 1131 10000000 140 243 117 70 146 145
0 1132 1132 10000000 162 18 45 83 106 18
1 1132 1133 10000000 138 104 16 84 61 14
1 1132 1134 10000000 137 712 404 84 450 369
1 1132 1135 10000000 148 125 26 81 62 21
0 1136 1136 10000000 138 21 16 81 93 30
1 1136 1137 10000000 145 120 28 85 68 24
1 1136 1138 10000000 148 124 39 86 162 107
0 1139 1139 10000000 145 22 27 83 90 18
1 1139 1140 10000000 139 182 76 80 197 171
1 1139 1141 10000000 142 722 365 83 556 466
0 1142 1142 10000000 141 17 13 84 231 16
1 1142 1143 10000000 146 97 19 81 60 17
1 1142 1144 10000000 139 669 353 84 499 509
1 1142 1145 10000000 135 152 52 73 164 140
0 1146 1146 10000000 151 17 12 89 97 17
1 1146 1147 10000000 134 157 51 72 163 144
1 1146 1148 10000000 137 89 16 74 16 12
0 1149 1149 10000000 141 16 12 83 92 17
1 1149 1150 10000000 136 91 18 74 57 13
1 1149 1151 10000000 139 689 365 82 1106 411
1 1149 1152 10000000 139 270 110 86 246 378
0 1153 1153 10000000 143 33 52 84 96 16
1 1153 1154 10000000 144 234 112 86 312 275
1 1153 1155 10000000 154 101 17 83 17 12
0 1156 1156 10000000 139 32 44 91 90 17
1 1156 1157 10000000 136 201 89 88 230 303
1 1156 1158 10000000 137 347 233 93 256 339
0 1159 1159 10000000 142 17 13 86 90 16
1 1159 1160 10000000 143 199 82 78 230 209
1 1159 1161 10000000 138 791 351 82 625 524
0 1162 1162 10000000 138 27 26 69 103 17
1 1162 1163 10000000 140 95 16 65 17 13
1 1162 1164 10000000 137 1356 136 68 180 274
0 1165 1165 10000000 143 121 86 82 101 16
1 1165 1166 10000000 148 202 87 70 102 107
1 1165 1167 10000000 140 271 128 70 158 173
0 1168 1168 10000000 138 18 12 82 107 16
1 1168 1169 10000000 156 164 61 69 87 88
1 1168 1170 10000000 141 1540 639 72 514 590
0 1171 1171 10000000 133 16 12 73 93 16
1 1171 1172 10000000 140 98 20 66 67 18
1 1171 1173 10000000 139 1534 653 74 539 621
0 1174 1174 10000000 144 31 27 82 98 17
1 1174 1175 10000000 146 282 148 74 103 119
1 1174 1176 10000000 139 1550 637 73 508 549
0 1177 1177 10000000 136 16 12 78 95 16
1 1177 1178 10000000 145 234 64 73 67 56
1 1177 1179 10000000 139 1540 637 76 490 535
0 1180 1180 10000000 134 16 12 80 102 19
1 1180 1181 10000000 145 166 38 76 31 21
1 1180 1182 10000000 153 221 97 177 99 129
0 1183 1183 10000000 131 17 13 84 92 17
1 1183 1184 10000000 148 113 36 80 73 19
1 1183 1185 10000000 141 666 378 79 388 358
