1 0 0 1 10000000 10083 99 55
1 0 1 1 10000000 9970 3303 1132
1 0 2 1 10000000 9577 120593 9801
1 0 3 1 10000000 9601 97762 9312
1 0 4 1 10000000 9890 320 228
1 0 5 1 10000000 9641 61806 7000
1 0 6 1 10000000 9672 156 125
1 0 7 1 10000000 9696 277 185
1 0 8 1 10000000 9589 705727 29507
1 0 9 1 10000000 13656 516 344
1 0 10 1 10000000 9617 152 140
1 0 11 1 10000000 10019 61827 6826
1 0 12 1 10000000 9554 148 128
1 0 13 1 10000000 9596 70 62
1 0 14 1 10000000 10126 130 100
1 0 15 1 10000000 10087 156 93
1 0 16 1 10000000 9677 152 103
1 0 17 1 10000000 9655 81 62
1 0 18 1 10000000 9624 474 319
1 0 19 1 10000000 9597 2219 888
1 0 20 1 10000000 9582 145 125
1 0 21 1 10000000 9621 264 192
1 0 22 1 10000000 9713 60 30
1 0 23 1 10000000 9597 3559180 74075
1 0 24 1 10000000 9908 987 484
1 0 25 1 10000000 10861 233 162
1 0 26 1 10000000 9597 1143 551
1 0 27 1 10000000 9879 9227874 128117
1 0 28 1 10000000 9626 4594939 88523
1 0 29 1 10000000 14094 4100301 76831
1 0 30 1 10000000 9920 4764219 86340
1 0 31 1 10000000 9739 2985343 66206
1 0 32 1 10000000 9660 9093295 127426
1 0 33 1 10000000 9689 13240935 159156
1 0 34 1 10000000 9726 10029799 135916
1 0 35 1 10000000 10129 6912317 106015
1 0 36 1 10000000 9892 2363339 55137
1 0 37 1 10000000 9814 6131017 143223
1 0 38 1 10000000 9867 7205756 113894
1 0 39 1 10000000 10848 6135586 97013
1 0 40 1 10000000 9817 8633604 134014
1 0 41 1 10000000 9611 5495129 105160
1 0 42 1 10000000 10201 8608750 121112
1 0 43 1 10000000 13069 8358495 119414
1 0 44 1 10000000 10092 8279196 122243
1 0 45 1 10000000 9921 9292320 131562
1 0 46 1 10000000 11989 6002268 111038
1 0 47 1 10000000 9987 9422575 129959
1 0 48 1 10000000 9617 5569399 93131
1 0 49 1 10000000 9623 7991091 126953
1 0 50 1 10000000 9681 6147308 97128
1 0 51 1 10000000 10435 8761287 124189
1 0 52 1 10000000 9706 8610461 120239
1 0 53 1 10000000 9622 10041167 140592
1 0 54 1 10000000 9730 10685718 141510
1 0 55 1 10000000 10156 7576191 121102
1 0 56 1 10000000 9782 7837705 138934
1 0 57 1 10000000 9779 9019837 125442
1 0 58 1 10000000 9597 15323010 173312
1 0 59 1 10000000 9621 9594969 159751
1 0 60 1 10000000 9595 11411566 151254
1 0 61 1 10000000 9592 14180574 206430
1 0 62 1 10000000 9613 13818069 189257
1 0 63 1 10000000 9745 6875040 115184
1 0 64 1 10000000 9608 11573331 151910
1 0 65 1 10000000 9629 10472269 146268
1 0 66 1 10000000 10975 6158649 102238
1 0 67 1 10000000 10330 11139599 153602
1 0 68 1 10000000 9602 11596503 157984
1 0 69 1 10000000 11704 10757704 124104
1 0 70 1 10000000 9857 14013265 194479
1 0 71 1 10000000 9848 17493887 162537
1 0 72 1 10000000 9610 9433692 124802
1 0 73 1 10000000 9728 9228260 120948
1 0 74 1 10000000 12385 7681378 120811
1 0 75 1 10000000 59264 15230714 192932
1 0 76 1 10000000 10483 15868461 156686
1 0 77 1 10000000 9691 9423422 216836
1 0 78 1 10000000 25696 9243543 148363
1 0 79 1 10000000 9806 14228345 168479
1 0 80 1 10000000 10402 11734944 156250
1 0 81 1 10000000 10648 14825204 186323
1 0 82 1 10000000 9671 14601546 207090
1 0 83 1 10000000 10431 15648753 181898
1 0 84 1 10000000 12407 17344314 166310
1 0 85 1 10000000 14437 17838122 241502
1 0 86 1 10000000 9680 17968218 184175
1 0 87 1 10000000 10446 15407361 165061
1 0 88 1 10000000 10665 16209604 211635
1 0 89 1 10000000 10090 17398383 159043
1 0 90 1 10000000 9738 15814284 156977
1 0 91 1 10000000 12287 12032841 167599
1 0 92 1 10000000 10211 14269354 182364
1 0 93 1 10000000 9659 11680838 172492
1 0 94 1 10000000 10158 16961586 192264
1 0 95 1 10000000 10219 15704072 163842
1 0 96 1 10000000 12132 12911369 163546
1 0 97 1 10000000 11065 12302513 160233
1 0 98 1 10000000 10194 14229170 155290
1 0 99 1 10000000 9735 14707064 175715
1 10000 10000 1 10000000 10607 2680759 73949
1 10000 10001 1 10000000 12317 683650 26981
1 10000 10002 1 10000000 11243 9314216 125140
1 10000 10003 1 10000000 10920 124 97
1 10000 10004 1 10000000 10563 217 149
1 10000 10005 1 10000000 10965 115584 15028
1 10000 10006 1 10000000 14290 1865 570
1 10000 10007 1 10000000 11052 2685 1017
1 10000 10008 1 10000000 10603 70212 8844
1 10000 10009 1 10000000 11113 61800 7478
1 10000 10010 1 10000000 10512 122 81
1 10000 10011 1 10000000 10652 2622 1018
1 10000 10012 1 10000000 12128 2139534 101074
1 10000 10013 1 10000000 13119 114 35
1 10000 10014 1 10000000 11021 65438 8782
1 10000 10015 1 10000000 11847 3323798 67268
1 10000 10016 1 10000000 10725 151 100
1 10000 10017 1 10000000 11433 11168 2562
1 10000 10018 1 10000000 10520 18612 3965
1 10000 10019 1 10000000 11946 152 99
1 10000 10020 1 10000000 20749 931 917
1 10000 10021 1 10000000 11360 8727 4115
1 10000 10022 1 10000000 10637 15829495 195605
1 10000 10023 1 10000000 10973 13358867 164757
1 10000 10024 1 10000000 10591 17629605 201405
1 10000 10025 1 10000000 16581 12425307 185207
1 10000 10026 1 10000000 10592 12001738 187859
1 10000 10027 1 10000000 10729 6963643 103629
1 10000 10028 1 10000000 11954 7266587 108987
1 10000 10029 1 10000000 13577 7306308 176689
1 10000 10030 1 10000000 10531 16493284 184387
1 10000 10031 1 10000000 10516 12396469 159753
1 10000 10032 1 10000000 14837 8666203 127859
1 10000 10033 1 10000000 10578 10919844 189859
1 10000 10034 1 10000000 10900 15890247 359222
1 10000 10035 1 10000000 11476 13469702 152820
1 10000 10036 1 10000000 12964 16178645 178597
1 10000 10037 1 10000000 10730 11918287 176254
1 10000 10038 1 10000000 23833 9208443 155553
1 10000 10039 1 10000000 16842 6559356 114401
1 10000 10040 1 10000000 10884 13050692 153414
1 10000 10041 1 10000000 10601 8716894 122186
1 10000 10042 1 10000000 10494 10657268 151206
1 10000 10043 1 10000000 10502 14175262 183501
1 10000 10044 1 10000000 11055 11832082 163278
1 10000 10045 1 10000000 10610 12508814 179397
1 10000 10046 1 10000000 11008 10864716 151308
1 10000 10047 1 10000000 13354 13506652 260502
1 10000 10048 1 10000000 11025 16242213 204782
1 10000 10049 1 10000000 11143 13503454 180362
1 10000 10050 1 10000000 17451 19608340 200327
1 10000 10051 1 10000000 10758 11720903 153581
1 10000 10052 1 10000000 14183 15668507 199399
1 10000 10053 1 10000000 10611 16888606 186086
1 10000 10054 1 10000000 11431 10503952 144981
1 10000 10055 1 10000000 10712 16156814 196165
1 10000 10056 1 10000000 10533 19453226 207055
1 10000 10057 1 10000000 15203 15107586 176739
1 10000 10058 1 10000000 10796 18425542 206726
1 10000 10059 1 10000000 10664 17167188 212573
1 10000 10060 1 10000000 29008 19643855 197688
1 10000 10061 1 10000000 14954 13402915 171911
1 10000 10062 1 10000000 10610 21314397 221469
1 10000 10063 1 10000000 12157 15096329 188414
1 10000 10064 1 10000000 15328 22028729 227414
1 10000 10065 1 10000000 10645 17548411 195425
1 10000 10066 1 10000000 10468 13257720 177580
1 10000 10067 1 10000000 10451 16873343 191839
1 10000 10068 1 10000000 10919 19106922 210604
1 10000 10069 1 10000000 10625 15048709 181417
1 10000 10070 1 10000000 10578 10755439 145535
1 10000 10071 1 10000000 10959 18810116 214147
1 10000 10072 1 10000000 10430 15655757 241630
1 10000 10073 1 10000000 10467 14259539 168844
1 10000 10074 1 10000000 10548 15724862 204044
1 10000 10075 1 10000000 11264 15385370 178602
1 10000 10076 1 10000000 11126 15333742 183196
1 10000 10077 1 10000000 10644 17120056 191253
1 10000 10078 1 10000000 12962 14494788 227801
1 10000 10079 1 10000000 11260 16868214 207764
1 10000 10080 1 10000000 14732 19331456 242164
1 10000 10081 1 10000000 11857 17426785 218600
1 10000 10082 1 10000000 10395 17994764 250885
1 10000 10083 1 10000000 12989 19304904 193340
1 10000 10084 1 10000000 12917 22419070 236958
1 10000 10085 1 10000000 14141 18384818 211229
1 10000 10086 1 10000000 10470 16097787 188009
1 10000 10087 1 10000000 10561 19285026 211789
1 10000 10088 1 10000000 12335 17572829 214013
1 10000 10089 1 10000000 12761 16448531 196665
1 10000 10090 1 10000000 10729 15485468 231911
1 10000 10091 1 10000000 10603 13573310 170433
1 10000 10092 1 10000000 10717 22371799 238229
1 10000 10093 1 10000000 10598 19832806 225585
1 10000 10094 1 10000000 10938 18473298 213791
1 10000 10095 1 10000000 10810 21841329 479011
1 10000 10096 1 10000000 10984 18569191 218132
1 10000 10097 1 10000000 11226 17117699 203371
1 10000 10098 1 10000000 11298 17745647 210103
1 10000 10099 1 10000000 10593 21877585 271360
1 20000 20000 1 10000000 14591 2711 839
1 20000 20001 1 10000000 11286 169 262
1 20000 20002 1 10000000 17858 112 32
1 20000 20003 1 10000000 11855 144 56
1 20000 20004 1 10000000 18530 14816 3265
1 20000 20005 1 10000000 11437 100 108
1 20000 20006 1 10000000 18938 705 339
1 20000 20007 1 10000000 11421 358 229
1 20000 20008 1 10000000 24296 455 256
1 20000 20009 1 10000000 11298 11207 2779
1 20000 20010 1 10000000 11458 103 66
1 20000 20011 1 10000000 11235 931 367
1 20000 20012 1 10000000 13334 161 99
1 20000 20013 1 10000000 11226 1176477 40616
1 20000 20014 1 10000000 11377 299 213
1 20000 20015 1 10000000 11233 109657 9978
1 20000 20016 1 10000000 11233 6648375 119930
1 20000 20017 1 10000000 11539 14059187 163023
1 20000 20018 1 10000000 12251 11929245 170421
1 20000 20019 1 10000000 13770 18857038 219199
1 20000 20020 1 10000000 20019 5397633 101951
1 20000 20021 1 10000000 11396 16106598 209606
1 20000 20022 1 10000000 11672 10567737 154228
1 20000 20023 1 10000000 11285 18136922 219122
1 20000 20024 1 10000000 11986 10824959 150712
1 20000 20025 1 10000000 13458 13731685 183146
1 20000 20026 1 10000000 11332 14043168 176873
1 20000 20027 1 10000000 11653 8700055 136390
1 20000 20028 1 10000000 14553 11148942 153661
1 20000 20029 1 10000000 11369 25076491 262718
1 20000 20030 1 10000000 11368 14257883 246581
1 20000 20031 1 10000000 11244 21459924 254783
1 20000 20032 1 10000000 11394 21152430 235362
1 20000 20033 1 10000000 11279 17673741 201628
1 20000 20034 1 10000000 11277 16885505 209937
1 20000 20035 1 10000000 11543 11994904 173645
1 20000 20036 1 10000000 11470 19705019 220585
1 20000 20037 1 10000000 11193 14465941 262045
1 20000 20038 1 10000000 12779 11901981 188480
1 20000 20039 1 10000000 13226 15065562 194086
1 20000 20040 1 10000000 16027 14662927 180987
1 20000 20041 1 10000000 11777 17746570 206579
1 20000 20042 1 10000000 11574 18779774 214825
1 20000 20043 1 10000000 11811 12370531 173369
1 20000 20044 1 10000000 11185 16309253 204435
1 20000 20045 1 10000000 11989 17626906 210450
1 20000 20046 1 10000000 11240 12964327 171410
1 20000 20047 1 10000000 11544 12475200 170266
1 20000 20048 1 10000000 11628 10680733 150715
1 20000 20049 1 10000000 11585 13489978 192431
1 20000 20050 1 10000000 13628 12914254 180580
1 20000 20051 1 10000000 12582 16153600 208456
1 20000 20052 1 10000000 13078 14717095 206242
1 20000 20053 1 10000000 15565 17686594 214486
1 20000 20054 1 10000000 12819 17137289 216699
1 20000 20055 1 10000000 11326 20003823 277217
1 20000 20056 1 10000000 12972 9262390 144070
1 20000 20057 1 10000000 11996 12750503 172839
1 20000 20058 1 10000000 11269 16671446 221962
1 20000 20059 1 10000000 11442 22161304 380446
1 20000 20060 1 10000000 12096 13136435 182485
1 20000 20061 1 10000000 11238 22914181 249463
1 20000 20062 1 10000000 11240 24860720 291503
1 20000 20063 1 10000000 55540 28134435 225814
1 20000 20064 1 10000000 16462 32464952 407676
1 20000 20065 1 10000000 11251 22608644 248204
1 20000 20066 1 10000000 11281 20109503 227782
1 20000 20067 1 10000000 13629 16252865 202896
1 20000 20068 1 10000000 11247 19879315 234803
1 20000 20069 1 10000000 22882 19215160 211095
1 20000 20070 1 10000000 11305 20055461 372698
1 20000 20071 1 10000000 11712 30868338 491457
1 20000 20072 1 10000000 13029 33571844 507483
1 20000 20073 1 10000000 17173 39103795 477203
1 20000 20074 1 10000000 11744 25005674 255482
1 20000 20075 1 10000000 22139 25305729 274501
1 20000 20076 1 10000000 20419 20105675 258185
1 20000 20077 1 10000000 11348 33350800 298452
1 20000 20078 1 10000000 13172 29390373 296527
1 20000 20079 1 10000000 15583 39126805 625361
1 20000 20080 1 10000000 27573 26814324 266028
1 20000 20081 1 10000000 17251 24345583 268013
1 20000 20082 1 10000000 11585 25876522 278040
1 20000 20083 1 10000000 11756 19999493 238914
1 20000 20084 1 10000000 11416 25379109 289589
1 20000 20085 1 10000000 17509 35711326 430561
1 20000 20086 1 10000000 12387 25542263 347217
1 20000 20087 1 10000000 13515 30100657 463289
1 20000 20088 1 10000000 11442 26236608 284875
1 20000 20089 1 10000000 12472 36021644 422703
1 20000 20090 1 10000000 17701 30046413 490857
1 20000 20091 1 10000000 19773 31540505 314439
1 20000 20092 1 10000000 18468 28933600 344736
1 20000 20093 1 10000000 19682 34668833 337697
1 20000 20094 1 10000000 16204 30011556 305291
1 20000 20095 1 10000000 11750 25868088 261418
1 20000 20096 1 10000000 16169 32014938 371709
1 20000 20097 1 10000000 11332 32511251 424630
1 20000 20098 1 10000000 13358 28363966 415633
1 20000 20099 1 10000000 18667 32558482 373828
1 30000 30000 1 10000000 25056 241 139
1 30000 30001 1 10000000 12083 3156029 70753
1 30000 30002 1 10000000 59678 1623171 41599
1 30000 30003 1 10000000 12138 6561781 71604
1 30000 30004 1 10000000 12276 2297 931
1 30000 30005 1 10000000 12408 225 141
1 30000 30006 1 10000000 21838 5326 1542
1 30000 30007 1 10000000 12299 202 134
1 30000 30008 1 10000000 12222 1947 926
1 30000 30009 1 10000000 15303 346 178
1 30000 30010 1 10000000 12209 10356671 159579
1 30000 30011 1 10000000 12825 367107 37434
1 30000 30012 1 10000000 12154 672 374
1 30000 30013 1 10000000 12156 2715 978
1 30000 30014 1 10000000 14035 170352 11377
1 30000 30015 1 10000000 12214 159 95
1 30000 30016 1 10000000 12526 131 72
1 30000 30017 1 10000000 13390 575553 24046
1 30000 30018 1 10000000 12798 236282 12659
1 30000 30019 1 10000000 22080 291 163
1 30000 30020 1 10000000 20770 2508 944
1 30000 30021 1 10000000 15235 2548170 70748
1 30000 30022 1 10000000 13977 9913520 170394
1 30000 30023 1 10000000 13254 21911438 270189
1 30000 30024 1 10000000 12328 11081003 194004
1 30000 30025 1 10000000 30526 13237941 170255
1 30000 30026 1 10000000 12715 13618672 184433
1 30000 30027 1 10000000 12476 16816187 257075
1 30000 30028 1 10000000 14289 31379039 315048
1 30000 30029 1 10000000 12241 16037239 286234
1 30000 30030 1 10000000 12269 21563229 333696
1 30000 30031 1 10000000 13856 26134902 330804
1 30000 30032 1 10000000 12620 13114646 202136
1 30000 30033 1 10000000 13051 22209424 225819
1 30000 30034 1 10000000 15093 29523344 376139
1 30000 30035 1 10000000 12324 16844546 212088
1 30000 30036 1 10000000 12920 9208964 152672
1 30000 30037 1 10000000 12333 22608131 252975
1 30000 30038 1 10000000 13357 20914144 273614
1 30000 30039 1 10000000 12090 7647152 149491
1 30000 30040 1 10000000 12120 30107641 286954
1 30000 30041 1 10000000 31619 13461104 198795
1 30000 30042 1 10000000 12299 34394944 434695
1 30000 30043 1 10000000 12188 30574881 313620
1 30000 30044 1 10000000 12281 33045601 415648
1 30000 30045 1 10000000 12745 30492998 389029
1 30000 30046 1 10000000 12378 26232719 368776
1 30000 30047 1 10000000 12333 12807505 262852
1 30000 30048 1 10000000 12805 29093896 292612
1 30000 30049 1 10000000 15251 18932847 227924
1 30000 30050 1 10000000 14389 28648814 357648
1 30000 30051 1 10000000 21070 10333124 162314
1 30000 30052 1 10000000 12179 17906683 235812
1 30000 30053 1 10000000 12425 30445489 312467
1 30000 30054 1 10000000 12218 31958749 312840
1 30000 30055 1 10000000 16076 32368434 329255
1 30000 30056 1 10000000 12653 22609257 300517
1 30000 30057 1 10000000 25167 21200920 293899
1 30000 30058 1 10000000 13802 41372232 447975
1 30000 30059 1 10000000 15120 37078567 576791
1 30000 30060 1 10000000 17041 37368137 406978
1 30000 30061 1 10000000 26134 23437846 265087
1 30000 30062 1 10000000 15027 24855572 259146
1 30000 30063 1 10000000 18932 25884785 288141
1 30000 30064 1 10000000 12684 35470307 436449
1 30000 30065 1 10000000 27148 23025779 290124
1 30000 30066 1 10000000 12377 29772738 331563
1 30000 30067 1 10000000 26203 34605438 493517
1 30000 30068 1 10000000 17082 36954198 346581
1 30000 30069 1 10000000 12318 35144945 331842
1 30000 30070 1 10000000 15921 39747017 600221
1 30000 30071 1 10000000 12431 28624002 393052
1 30000 30072 1 10000000 23184 24474072 286995
1 30000 30073 1 10000000 12179 29290045 399038
1 30000 30074 1 10000000 12358 31190439 529504
1 30000 30075 1 10000000 18220 31674269 345723
1 30000 30076 1 10000000 25468 38887004 446879
1 30000 30077 1 10000000 12129 22082586 273657
1 30000 30078 1 10000000 12196 28878343 349856
1 30000 30079 1 10000000 14598 27529542 288942
1 30000 30080 1 10000000 12442 26236197 361989
1 30000 30081 1 10000000 12529 26386312 405752
1 30000 30082 1 10000000 13981 38844190 414145
1 30000 30083 1 10000000 24398 35594873 376452
1 30000 30084 1 10000000 12578 28983053 341598
1 30000 30085 1 10000000 12849 28901097 291238
1 30000 30086 1 10000000 19751 32276278 347109
1 30000 30087 1 10000000 12337 25848148 265349
1 30000 30088 1 10000000 15373 31221364 322843
1 30000 30089 1 10000000 12983 41694910 562927
1 30000 30090 1 10000000 13302 25721323 269350
1 30000 30091 1 10000000 35188 32970484 329967
1 30000 30092 1 10000000 12211 32158380 401454
1 30000 30093 1 10000000 15563 38498617 369427
1 30000 30094 1 10000000 12277 29759257 518428
1 30000 30095 1 10000000 12362 36933802 427253
1 30000 30096 1 10000000 12163 29719264 333161
1 30000 30097 1 10000000 21859 41736414 377307
1 30000 30098 1 10000000 20994 32714130 327136
1 30000 30099 1 10000000 30725 35740352 363188
1 40000 40000 1 10000000 17733 508633 21197
1 40000 40001 1 10000000 13186 200102 13396
1 40000 40002 1 10000000 12919 107 66
1 40000 40003 1 10000000 13349 149982 17431
1 40000 40004 1 10000000 12958 1279 691
1 40000 40005 1 10000000 13599 243905 29904
1 40000 40006 1 10000000 17895 1915 435
1 40000 40007 1 10000000 14838 217 150
1 40000 40008 1 10000000 30540 628 508
1 40000 40009 1 10000000 17373 29735760 423946
1 40000 40010 1 10000000 13200 23333555 441008
1 40000 40011 1 10000000 16260 28250581 434094
1 40000 40012 1 10000000 17540 49129874 549941
1 40000 40013 1 10000000 14145 29368536 425275
1 40000 40014 1 10000000 22990 22716213 284337
1 40000 40015 1 10000000 13216 17426443 230368
1 40000 40016 1 10000000 14149 18030837 240776
1 40000 40017 1 10000000 12949 18116923 233292
1 40000 40018 1 10000000 12910 27757060 309781
1 40000 40019 1 10000000 13087 26975651 302073
1 40000 40020 1 10000000 13844 29037375 348073
1 40000 40021 1 10000000 12959 21300216 279897
1 40000 40022 1 10000000 13537 28663296 307145
1 40000 40023 1 10000000 15181 18075313 266643
1 40000 40024 1 10000000 14450 22108683 266074
1 40000 40025 1 10000000 12810 22407025 264978
1 40000 40026 1 10000000 13735 28224111 322914
1 40000 40027 1 10000000 12811 24767439 287385
1 40000 40028 1 10000000 12874 20486055 261500
1 40000 40029 1 10000000 12806 20810427 250800
1 40000 40030 1 10000000 12827 29468036 333272
1 40000 40031 1 10000000 12782 12602708 195014
1 40000 40032 1 10000000 12882 19315544 245530
1 40000 40033 1 10000000 13077 9968947 159444
1 40000 40034 1 10000000 13022 18402251 237832
1 40000 40035 1 10000000 13049 34793357 484266
1 40000 40036 1 10000000 12807 19699162 268870
1 40000 40037 1 10000000 13069 22864393 266196
1 40000 40038 1 10000000 13028 28597536 311338
1 40000 40039 1 10000000 12834 26770477 305472
1 40000 40040 1 10000000 12864 30414447 327815
1 40000 40041 1 10000000 14155 20414786 250220
1 40000 40042 1 10000000 13110 27852098 314297
1 40000 40043 1 10000000 12927 23968961 276610
1 40000 40044 1 10000000 12835 18773422 236399
1 40000 40045 1 10000000 13187 23138548 270948
1 40000 40046 1 10000000 12833 24875157 393699
1 40000 40047 1 10000000 12795 29936611 326665
1 40000 40048 1 10000000 13244 30338300 327504
1 40000 40049 1 10000000 13169 27705452 358284
1 40000 40050 1 10000000 12928 19457591 246141
1 40000 40051 1 10000000 12822 22608266 256290
1 40000 40052 1 10000000 12851 23776448 277367
1 40000 40053 1 10000000 12886 25766621 295283
1 40000 40054 1 10000000 13604 24983059 285257
1 40000 40055 1 10000000 12889 28102330 326467
1 40000 40056 1 10000000 12843 22516438 268594
1 40000 40057 1 10000000 12906 31900057 324759
1 40000 40058 1 10000000 12879 29080892 318239
1 40000 40059 1 10000000 14247 32763007 361853
1 40000 40060 1 10000000 12882 25602968 315405
1 40000 40061 1 10000000 12957 29941320 352235
1 40000 40062 1 10000000 13122 34551058 370507
1 40000 40063 1 10000000 12963 25663284 299635
1 40000 40064 1 10000000 12935 29078386 328356
1 40000 40065 1 10000000 12851 23504989 294121
1 40000 40066 1 10000000 12918 33013656 346586
1 40000 40067 1 10000000 12999 27179633 327175
1 40000 40068 1 10000000 12866 27148536 338799
1 40000 40069 1 10000000 12920 20870195 266081
1 40000 40070 1 10000000 12849 24906397 290813
1 40000 40071 1 10000000 12875 21567068 259404
1 40000 40072 1 10000000 12860 29163311 318136
1 40000 40073 1 10000000 12856 22822851 273003
1 40000 40074 1 10000000 13226 28418967 313869
1 40000 40075 1 10000000 12920 40265905 382253
1 40000 40076 1 10000000 12769 32496053 475877
1 40000 40077 1 10000000 12941 26761363 324623
1 40000 40078 1 10000000 12901 31413440 363029
1 40000 40079 1 10000000 12830 25981086 310055
1 40000 40080 1 10000000 12792 31630788 332253
1 40000 40081 1 10000000 16972 30430053 326494
1 40000 40082 1 10000000 12836 23958096 305144
1 40000 40083 1 10000000 12846 25758048 295363
1 40000 40084 1 10000000 13071 27586706 330281
1 40000 40085 1 10000000 12829 31852950 369677
1 40000 40086 1 10000000 12860 31907693 381859
1 40000 40087 1 10000000 14729 26680456 341433
1 40000 40088 1 10000000 13120 34029642 386023
1 40000 40089 1 10000000 12971 26206692 311630
1 40000 40090 1 10000000 13160 34133675 353529
1 40000 40091 1 10000000 12921 28233764 303953
1 40000 40092 1 10000000 12861 30609817 325731
1 40000 40093 1 10000000 12810 36982866 365891
1 40000 40094 1 10000000 12836 34904696 374703
1 40000 40095 1 10000000 12861 28817945 323065
1 40000 40096 1 10000000 13304 31415066 324180
1 40000 40097 1 10000000 16445 28919639 315959
1 40000 40098 1 10000000 12844 32828053 332249
1 40000 40099 1 10000000 13024 31002655 333127
1 50000 50000 1 10000000 14067 627615 29758
1 50000 50001 1 10000000 14307 9394363 160257
1 50000 50002 1 10000000 14199 878 515
1 50000 50003 1 10000000 14105 82 49
1 50000 50004 1 10000000 13668 508030 43868
1 50000 50005 1 10000000 15476 4531474 113003
1 50000 50006 1 10000000 14730 5117968 114730
1 50000 50007 1 10000000 13732 5780 1857
1 50000 50008 1 10000000 14883 167 101
1 50000 50009 1 10000000 14878 83883 8738
1 50000 50010 1 10000000 13733 3325675 82902
1 50000 50011 1 10000000 13695 59 32
1 50000 50012 1 10000000 13715 10953 2775
1 50000 50013 1 10000000 14056 103 33
1 50000 50014 1 10000000 13968 1881 802
1 50000 50015 1 10000000 13705 87 75
1 50000 50016 1 10000000 13672 1130811 44441
1 50000 50017 1 10000000 13707 636212 30416
1 50000 50018 1 10000000 14073 1666680 52792
1 50000 50019 1 10000000 14144 97 31
1 50000 50020 1 10000000 14108 73 49
1 50000 50021 1 10000000 13726 31206132 339059
1 50000 50022 1 10000000 14172 24279521 293686
1 50000 50023 1 10000000 13687 23291800 282887
1 50000 50024 1 10000000 13693 25041213 295369
1 50000 50025 1 10000000 13760 14179471 210882
1 50000 50026 1 10000000 13757 26738353 309238
1 50000 50027 1 10000000 13702 25984863 306982
1 50000 50028 1 10000000 13698 24985378 296720
1 50000 50029 1 10000000 13727 16557620 229931
1 50000 50030 1 10000000 13966 21223842 265665
1 50000 50031 1 10000000 16596 29156064 333366
1 50000 50032 1 10000000 13579 16381696 224478
1 50000 50033 1 10000000 14151 21840594 278203
1 50000 50034 1 10000000 13873 34484393 366061
1 50000 50035 1 10000000 13878 18902983 269029
1 50000 50036 1 10000000 13916 30995329 337850
1 50000 50037 1 10000000 13872 27833724 349748
1 50000 50038 1 10000000 14014 20988723 264632
1 50000 50039 1 10000000 13822 10148779 167194
1 50000 50040 1 10000000 13795 17223952 237672
1 50000 50041 1 10000000 14047 33867582 356549
1 50000 50042 1 10000000 13778 11489916 177619
1 50000 50043 1 10000000 13843 20195944 506184
1 50000 50044 1 10000000 13678 27007403 331131
1 50000 50045 1 10000000 13710 20851222 262440
1 50000 50046 1 10000000 13705 26684603 310482
1 50000 50047 1 10000000 14788 31378356 342139
1 50000 50048 1 10000000 13931 26484708 338884
1 50000 50049 1 10000000 13714 18398011 246224
1 50000 50050 1 10000000 13780 25551302 328613
1 50000 50051 1 10000000 13841 24806448 311022
1 50000 50052 1 10000000 13786 28320126 345108
1 50000 50053 1 10000000 13684 23875150 310106
1 50000 50054 1 10000000 17342 24895861 305927
1 50000 50055 1 10000000 36925 37566019 426390
1 50000 50056 1 10000000 13890 29693258 360982
1 50000 50057 1 10000000 13758 31291776 468899
1 50000 50058 1 10000000 14559 29734406 358656
1 50000 50059 1 10000000 13972 26052208 303787
1 50000 50060 1 10000000 13744 42737987 444983
1 50000 50061 1 10000000 14188 31964768 351385
1 50000 50062 1 10000000 13882 26614589 340329
1 50000 50063 1 10000000 13799 36937939 401499
1 50000 50064 1 10000000 14411 28439949 354705
1 50000 50065 1 10000000 13683 38858105 407394
1 50000 50066 1 10000000 13920 30867480 459231
1 50000 50067 1 10000000 14737 34582530 448991
1 50000 50068 1 10000000 13659 37069067 419814
1 50000 50069 1 10000000 13645 31659675 386627
1 50000 50070 1 10000000 13780 26023423 326535
1 50000 50071 1 10000000 13651 26695348 311312
1 50000 50072 1 10000000 13783 27987537 360744
1 50000 50073 1 10000000 14127 31442568 353533
1 50000 50074 1 10000000 14260 33091354 375995
1 50000 50075 1 10000000 13826 32381157 400067
1 50000 50076 1 10000000 16330 41691517 432028
1 50000 50077 1 10000000 13898 37978842 428461
1 50000 50078 1 10000000 16357 34765106 380783
1 50000 50079 1 10000000 14327 36780331 385644
1 50000 50080 1 10000000 14474 29216328 328603
1 50000 50081 1 10000000 13613 35263356 505395
1 50000 50082 1 10000000 15306 32153677 357389
1 50000 50083 1 10000000 13736 34929467 419111
1 50000 50084 1 10000000 13902 40115755 426425
1 50000 50085 1 10000000 13668 33798781 378341
1 50000 50086 1 10000000 13892 41383119 444593
1 50000 50087 1 10000000 14163 34268184 404561
1 50000 50088 1 10000000 13809 36126221 410941
1 50000 50089 1 10000000 13838 39436241 421882
1 50000 50090 1 10000000 18773 29925380 343356
1 50000 50091 1 10000000 13833 35620116 471139
1 50000 50092 1 10000000 21543 33620774 385253
1 50000 50093 1 10000000 14005 32923042 360441
1 50000 50094 1 10000000 13904 38080450 413865
1 50000 50095 1 10000000 14015 30842908 363321
1 50000 50096 1 10000000 13949 34010748 384753
1 50000 50097 1 10000000 14134 39537497 430366
1 50000 50098 1 10000000 13978 40653675 499832
1 50000 50099 1 10000000 13832 46969746 473858
1 60000 60000 1 10000000 14594 3284 1152
1 60000 60001 1 10000000 14402 196 133
1 60000 60002 1 10000000 14426 145522 12337
1 60000 60003 1 10000000 14501 1373521 49106
1 60000 60004 1 10000000 16737 3337035 89206
1 60000 60005 1 10000000 14395 61 30
1 60000 60006 1 10000000 16099 162 92
1 60000 60007 1 10000000 17221 109 73
1 60000 60008 1 10000000 14713 9466 2539
1 60000 60009 1 10000000 14974 2209303 68148
1 60000 60010 1 10000000 14699 20236616 308288
1 60000 60011 1 10000000 14521 83 33
1 60000 60012 1 10000000 24387 23882 4500
1 60000 60013 1 10000000 17127 21647 4355
1 60000 60014 1 10000000 33930 79661 8606
1 60000 60015 1 10000000 14732 77 31
1 60000 60016 1 10000000 14486 37245308 440009
1 60000 60017 1 10000000 14521 19034977 269205
1 60000 60018 1 10000000 14834 24173453 301474
1 60000 60019 1 10000000 15041 42460821 463177
1 60000 60020 1 10000000 16117 12108746 211792
1 60000 60021 1 10000000 14739 34080018 439724
1 60000 60022 1 10000000 14461 37322336 412374
1 60000 60023 1 10000000 17313 27808569 357210
1 60000 60024 1 10000000 15773 43466432 438740
1 60000 60025 1 10000000 14410 28342410 340135
1 60000 60026 1 10000000 14478 25568995 322089
1 60000 60027 1 10000000 14413 14749561 228736
1 60000 60028 1 10000000 14707 21500612 296997
1 60000 60029 1 10000000 14450 13088400 219164
1 60000 60030 1 10000000 14513 34379018 387108
1 60000 60031 1 10000000 14606 46208585 465112
1 60000 60032 1 10000000 14545 29285285 342619
1 60000 60033 1 10000000 14412 40001917 469506
1 60000 60034 1 10000000 14601 39975142 473479
1 60000 60035 1 10000000 14603 19250181 262308
1 60000 60036 1 10000000 14405 26315328 321096
1 60000 60037 1 10000000 15359 15493851 301911
1 60000 60038 1 10000000 14430 23718490 319482
1 60000 60039 1 10000000 14429 24459838 306759
1 60000 60040 1 10000000 14511 25798391 316796
1 60000 60041 1 10000000 14771 42812625 443540
1 60000 60042 1 10000000 14631 38439833 407727
1 60000 60043 1 10000000 14469 23758108 353237
1 60000 60044 1 10000000 15834 29351811 370048
1 60000 60045 1 10000000 18157 30942104 353366
1 60000 60046 1 10000000 14765 30233294 353929
1 60000 60047 1 10000000 14667 25277646 317677
1 60000 60048 1 10000000 14572 32270192 360576
1 60000 60049 1 10000000 14493 34746816 378331
1 60000 60050 1 10000000 14442 23041601 292583
1 60000 60051 1 10000000 14423 34513923 401483
1 60000 60052 1 10000000 14685 42433886 491997
1 60000 60053 1 10000000 14546 29774258 362696
1 60000 60054 1 10000000 14348 30698782 361064
1 60000 60055 1 10000000 14725 33481548 370593
1 60000 60056 1 10000000 14444 22837533 303355
1 60000 60057 1 10000000 14456 35162582 395553
1 60000 60058 1 10000000 14568 33314697 372808
1 60000 60059 1 10000000 14374 36093215 385703
1 60000 60060 1 10000000 14399 41725626 440518
1 60000 60061 1 10000000 15414 33338148 399375
1 60000 60062 1 10000000 14664 34218796 370934
1 60000 60063 1 10000000 14830 38927422 412443
1 60000 60064 1 10000000 14625 32270091 460681
1 60000 60065 1 10000000 14475 42341687 431490
1 60000 60066 1 10000000 14536 28907971 343412
1 60000 60067 1 10000000 14457 33729436 385415
1 60000 60068 1 10000000 15010 36925518 413165
1 60000 60069 1 10000000 14466 34974657 462955
1 60000 60070 1 10000000 14725 42951055 449172
1 60000 60071 1 10000000 18261 33078891 362227
1 60000 60072 1 10000000 15434 37784640 401463
1 60000 60073 1 10000000 14336 34923926 384009
1 60000 60074 1 10000000 14609 40146550 422937
1 60000 60075 1 10000000 14531 33660447 397707
1 60000 60076 1 10000000 14400 35295790 463840
1 60000 60077 1 10000000 14447 28044402 358862
1 60000 60078 1 10000000 14389 36661188 435161
1 60000 60079 1 10000000 14498 42180409 431330
1 60000 60080 1 10000000 15556 44124656 444529
1 60000 60081 1 10000000 14872 41338286 458539
1 60000 60082 1 10000000 14461 36007563 423148
1 60000 60083 1 10000000 14348 37178449 401775
1 60000 60084 1 10000000 14652 43519734 441822
1 60000 60085 1 10000000 17636 44016078 446300
1 60000 60086 1 10000000 15713 46292786 458641
1 60000 60087 1 10000000 14499 32634641 370088
1 60000 60088 1 10000000 14513 46030509 474148
1 60000 60089 1 10000000 14343 46646322 459761
1 60000 60090 1 10000000 15021 35287526 439419
1 60000 60091 1 10000000 14392 38273655 425009
1 60000 60092 1 10000000 16175 39258844 399529
1 60000 60093 1 10000000 14568 40904375 435104
1 60000 60094 1 10000000 16268 31712702 371807
1 60000 60095 1 10000000 15376 38714179 413152
1 60000 60096 1 10000000 14341 47259119 466381
1 60000 60097 1 10000000 14436 44796165 526779
1 60000 60098 1 10000000 14493 46700787 459349
1 60000 60099 1 10000000 14774 39287872 411988
1 70000 70000 1 10000000 15665 2022875 66550
1 70000 70001 1 10000000 15127 20347946 282275
1 70000 70002 1 10000000 15167 84 77
1 70000 70003 1 10000000 15696 43263 6456
1 70000 70004 1 10000000 15216 258989 18039
1 70000 70005 1 10000000 15589 65 31
1 70000 70006 1 10000000 15290 263281 18288
1 70000 70007 1 10000000 15185 75 32
1 70000 70008 1 10000000 15176 23158 4412
1 70000 70009 1 10000000 15252 2009 990
1 70000 70010 1 10000000 15326 2844739 95244
1 70000 70011 1 10000000 15496 20590532 308615
1 70000 70012 1 10000000 15292 245403 19047
1 70000 70013 1 10000000 15253 83 45
1 70000 70014 1 10000000 15180 40949274 426999
1 70000 70015 1 10000000 15922 109 64
1 70000 70016 1 10000000 15208 5448238 123701
1 70000 70017 1 10000000 15216 155898 13183
1 70000 70018 1 10000000 15373 171 138
1 70000 70019 1 10000000 15202 30151875 358325
1 70000 70020 1 10000000 15280 41350313 452633
1 70000 70021 1 10000000 15079 45152339 525273
1 70000 70022 1 10000000 15289 24976938 316376
1 70000 70023 1 10000000 15598 26555569 368790
1 70000 70024 1 10000000 15516 34617209 391379
1 70000 70025 1 10000000 16144 22287885 309647
1 70000 70026 1 10000000 15236 38952742 457037
1 70000 70027 1 10000000 15462 30072832 359950
1 70000 70028 1 10000000 17147 24462524 354766
1 70000 70029 1 10000000 15230 36425618 408360
1 70000 70030 1 10000000 15300 28451296 364721
1 70000 70031 1 10000000 15447 17262172 259579
1 70000 70032 1 10000000 16200 25516705 324789
1 70000 70033 1 10000000 16666 31791049 373430
1 70000 70034 1 10000000 15512 26964715 333842
1 70000 70035 1 10000000 15258 28991870 420352
1 70000 70036 1 10000000 15203 36460187 436990
1 70000 70037 1 10000000 17361 42756062 447730
1 70000 70038 1 10000000 15243 34951604 394475
1 70000 70039 1 10000000 15316 38921878 475683
1 70000 70040 1 10000000 15216 43748282 462987
1 70000 70041 1 10000000 15783 28206936 339738
1 70000 70042 1 10000000 15155 37853431 431934
1 70000 70043 1 10000000 15213 31349158 365416
1 70000 70044 1 10000000 15190 27301737 338803
1 70000 70045 1 10000000 15181 48941493 491812
1 70000 70046 1 10000000 15493 40027457 439585
1 70000 70047 1 10000000 15590 38295897 475253
1 70000 70048 1 10000000 15243 39687129 423955
1 70000 70049 1 10000000 15192 32598538 395318
1 70000 70050 1 10000000 16164 35905852 407280
1 70000 70051 1 10000000 16821 38205198 428472
1 70000 70052 1 10000000 15285 28918449 361220
1 70000 70053 1 10000000 15271 35650649 421079
1 70000 70054 1 10000000 15203 43091717 452085
1 70000 70055 1 10000000 15196 50328877 499958
1 70000 70056 1 10000000 15208 29061540 391023
1 70000 70057 1 10000000 15623 43192970 462188
1 70000 70058 1 10000000 15773 32250999 385094
1 70000 70059 1 10000000 16528 39868841 432347
1 70000 70060 1 10000000 15115 27351857 347489
1 70000 70061 1 10000000 15272 29830178 363129
1 70000 70062 1 10000000 15325 48893200 490999
1 70000 70063 1 10000000 15281 49393865 514787
1 70000 70064 1 10000000 15130 38549607 478538
1 70000 70065 1 10000000 15925 39935269 439400
1 70000 70066 1 10000000 16356 50585636 493186
1 70000 70067 1 10000000 15493 39421696 466072
1 70000 70068 1 10000000 16438 41675206 471433
1 70000 70069 1 10000000 15165 46844925 475255
1 70000 70070 1 10000000 15205 43160510 460616
1 70000 70071 1 10000000 15215 38022866 428896
1 70000 70072 1 10000000 15181 47213495 496872
1 70000 70073 1 10000000 15161 44281424 458079
1 70000 70074 1 10000000 15121 35836605 407161
1 70000 70075 1 10000000 15136 47083125 486705
1 70000 70076 1 10000000 15527 48416351 580570
1 70000 70077 1 10000000 15186 46012191 466475
1 70000 70078 1 10000000 15167 44455363 456998
1 70000 70079 1 10000000 15441 33497325 390662
1 70000 70080 1 10000000 16989 25309606 326151
1 70000 70081 1 10000000 18110 43566148 453772
1 70000 70082 1 10000000 15223 36876541 407805
1 70000 70083 1 10000000 15171 44802310 463284
1 70000 70084 1 10000000 15263 39739723 460173
1 70000 70085 1 10000000 15155 51053735 561569
1 70000 70086 1 10000000 16234 52417719 590200
1 70000 70087 1 10000000 15291 40912597 475790
1 70000 70088 1 10000000 15302 33278383 393672
1 70000 70089 1 10000000 15417 47358706 480092
1 70000 70090 1 10000000 15416 44572985 501946
1 70000 70091 1 10000000 15206 36916154 449666
1 70000 70092 1 10000000 15423 38953216 479888
1 70000 70093 1 10000000 15187 44758814 504188
1 70000 70094 1 10000000 15345 43657508 466524
1 70000 70095 1 10000000 16975 35934670 415277
1 70000 70096 1 10000000 15174 42995524 462878
1 70000 70097 1 10000000 15540 41385123 447356
1 70000 70098 1 10000000 17795 43224562 479676
1 70000 70099 1 10000000 15385 45694438 472182
1 80000 80000 1 10000000 16014 1334047 49352
1 80000 80001 1 10000000 18779 248624 18805
1 80000 80002 1 10000000 16047 29019 5030
1 80000 80003 1 10000000 15966 6019416 129781
1 80000 80004 1 10000000 16307 7023 2056
1 80000 80005 1 10000000 16777 1783 443
1 80000 80006 1 10000000 15973 12156634 213587
1 80000 80007 1 10000000 17698 255 134
1 80000 80008 1 10000000 16094 17720261 268039
1 80000 80009 1 10000000 15980 4295926 105252
1 80000 80010 1 10000000 15918 76 45
1 80000 80011 1 10000000 16449 178 91
1 80000 80012 1 10000000 15906 597 389
1 80000 80013 1 10000000 15909 6811553 141909
1 80000 80014 1 10000000 15923 2100925 67904
1 80000 80015 1 10000000 19795 209 148
1 80000 80016 1 10000000 16403 94 47
1 80000 80017 1 10000000 16049 22070 4446
1 80000 80018 1 10000000 15920 92 87
1 80000 80019 1 10000000 16263 208 139
1 80000 80020 1 10000000 15925 306 209
1 80000 80021 1 10000000 16290 16275427 274552
1 80000 80022 1 10000000 15906 37061824 432915
1 80000 80023 1 10000000 15908 31139479 402806
1 80000 80024 1 10000000 16597 36382507 419341
1 80000 80025 1 10000000 15933 37153827 423202
1 80000 80026 1 10000000 16727 29633958 365296
1 80000 80027 1 10000000 15927 34282774 408143
1 80000 80028 1 10000000 16023 38060477 434080
1 80000 80029 1 10000000 15944 38680813 447919
1 80000 80030 1 10000000 17101 31367515 375828
1 80000 80031 1 10000000 16000 41266886 465250
1 80000 80032 1 10000000 15955 23965912 322637
1 80000 80033 1 10000000 16351 32125371 402914
1 80000 80034 1 10000000 15928 29476290 364960
1 80000 80035 1 10000000 17117 21193950 296265
1 80000 80036 1 10000000 17189 45317511 493442
1 80000 80037 1 10000000 15926 40958299 457498
1 80000 80038 1 10000000 16097 36636633 431040
1 80000 80039 1 10000000 16184 22597846 327809
1 80000 80040 1 10000000 16270 44535950 479995
1 80000 80041 1 10000000 16530 42692729 527975
1 80000 80042 1 10000000 19186 41690910 492292
1 80000 80043 1 10000000 15917 33664998 413530
1 80000 80044 1 10000000 16168 26947219 349389
1 80000 80045 1 10000000 16101 23856542 322891
1 80000 80046 1 10000000 15890 31471702 377278
1 80000 80047 1 10000000 15993 31962829 388453
1 80000 80048 1 10000000 16517 32193227 382392
1 80000 80049 1 10000000 17116 42834543 466181
1 80000 80050 1 10000000 19335 36789669 425946
1 80000 80051 1 10000000 19694 23489110 320554
1 80000 80052 1 10000000 15926 34487018 410875
1 80000 80053 1 10000000 16657 34609929 432551
1 80000 80054 1 10000000 15909 28310079 346537
1 80000 80055 1 10000000 15899 43174456 462404
1 80000 80056 1 10000000 16908 34826537 419107
1 80000 80057 1 10000000 17408 35193154 420802
1 80000 80058 1 10000000 15952 44032850 513323
1 80000 80059 1 10000000 15912 40936162 483628
1 80000 80060 1 10000000 15985 42665885 513121
1 80000 80061 1 10000000 19021 48263616 518131
1 80000 80062 1 10000000 16055 44284255 520666
1 80000 80063 1 10000000 15964 36771188 461180
1 80000 80064 1 10000000 17778 46933585 565625
1 80000 80065 1 10000000 15963 36168899 453162
1 80000 80066 1 10000000 15850 43486692 483952
1 80000 80067 1 10000000 15932 43623590 538280
1 80000 80068 1 10000000 16023 35718466 415692
1 80000 80069 1 10000000 16262 36179406 461936
1 80000 80070 1 10000000 15901 35337299 431343
1 80000 80071 1 10000000 16032 46831123 544142
1 80000 80072 1 10000000 16009 41866347 479007
1 80000 80073 1 10000000 17073 60327818 575142
1 80000 80074 1 10000000 16275 58956872 555692
1 80000 80075 1 10000000 16416 48203356 494063
1 80000 80076 1 10000000 16191 38133226 460787
1 80000 80077 1 10000000 16656 45308150 485992
1 80000 80078 1 10000000 15960 50464790 556150
1 80000 80079 1 10000000 16041 44536610 473935
1 80000 80080 1 10000000 15980 39881321 451557
1 80000 80081 1 10000000 18940 48693551 507381
1 80000 80082 1 10000000 16019 58760365 612707
1 80000 80083 1 10000000 16079 51621084 530133
1 80000 80084 1 10000000 16157 46173388 494039
1 80000 80085 1 10000000 16066 40505645 482205
1 80000 80086 1 10000000 16091 46312802 500592
1 80000 80087 1 10000000 16053 58742050 575007
1 80000 80088 1 10000000 16525 42798166 668626
1 80000 80089 1 10000000 16825 44295452 515856
1 80000 80090 1 10000000 16102 50873711 529561
1 80000 80091 1 10000000 15979 51706476 532593
1 80000 80092 1 10000000 15986 54657657 602865
1 80000 80093 1 10000000 15974 49102097 556426
1 80000 80094 1 10000000 16039 54783116 555189
1 80000 80095 1 10000000 16080 55345281 562662
1 80000 80096 1 10000000 16022 41417881 468425
1 80000 80097 1 10000000 16039 51464346 561428
1 80000 80098 1 10000000 16122 51468777 560936
1 80000 80099 1 10000000 19041 53093262 558829
1 90000 90000 1 10000000 17075 353 245
1 90000 90001 1 10000000 16785 2901 1093
1 90000 90002 1 10000000 17035 174072 16835
1 90000 90003 1 10000000 16738 3586 1258
1 90000 90004 1 10000000 17314 160 129
1 90000 90005 1 10000000 16955 17465078 276046
1 90000 90006 1 10000000 17134 4141 1398
1 90000 90007 1 10000000 16893 27118858 363942
1 90000 90008 1 10000000 16794 81 64
1 90000 90009 1 10000000 17066 690 426
1 90000 90010 1 10000000 16817 5811161 138157
1 90000 90011 1 10000000 18204 6511 2003
1 90000 90012 1 10000000 16993 2887464 92014
1 90000 90013 1 10000000 18606 473287 26593
1 90000 90014 1 10000000 17636 55192 7823
1 90000 90015 1 10000000 16686 4910 1558
1 90000 90016 1 10000000 17026 434890 25448
1 90000 90017 1 10000000 16812 6708 2115
1 90000 90018 1 10000000 17768 634290 32768
1 90000 90019 1 10000000 16820 36503421 484698
1 90000 90020 1 10000000 16981 35914850 432449
1 90000 90021 1 10000000 16814 37719667 442604
1 90000 90022 1 10000000 18550 23777523 351631
1 90000 90023 1 10000000 16780 27637318 361122
1 90000 90024 1 10000000 16794 57172470 611732
1 90000 90025 1 10000000 16850 43020994 491455
1 90000 90026 1 10000000 16805 45354247 526231
1 90000 90027 1 10000000 16843 43920493 529383
1 90000 90028 1 10000000 17064 42509386 517782
1 90000 90029 1 10000000 16812 37084668 489879
1 90000 90030 1 10000000 16852 42453495 476256
1 90000 90031 1 10000000 16771 56314690 574654
1 90000 90032 1 10000000 17244 32286581 404765
1 90000 90033 1 10000000 17021 37333656 451894
1 90000 90034 1 10000000 24026 29335442 367145
1 90000 90035 1 10000000 16828 35254011 475978
1 90000 90036 1 10000000 17137 42173148 519057
1 90000 90037 1 10000000 16834 27675680 361611
1 90000 90038 1 10000000 16817 32633793 408337
1 90000 90039 1 10000000 16775 42342683 477078
1 90000 90040 1 10000000 20453 61402227 647150
1 90000 90041 1 10000000 17853 48252012 530681
1 90000 90042 1 10000000 16696 49239889 591523
1 90000 90043 1 10000000 17072 38135626 447419
1 90000 90044 1 10000000 16660 36175522 465450
1 90000 90045 1 10000000 16798 64538263 613350
1 90000 90046 1 10000000 16882 50756699 534532
1 90000 90047 1 10000000 16935 48365326 511756
1 90000 90048 1 10000000 16819 52450461 544273
1 90000 90049 1 10000000 17612 53278945 579710
1 90000 90050 1 10000000 17682 43089445 498580
1 90000 90051 1 10000000 16775 52803829 540550
1 90000 90052 1 10000000 17031 43349794 537661
1 90000 90053 1 10000000 16803 55909429 577104
1 90000 90054 1 10000000 17009 53651071 577595
1 90000 90055 1 10000000 16802 46940709 562625
1 90000 90056 1 10000000 16744 46633170 502753
1 90000 90057 1 10000000 16793 46983126 635946
1 90000 90058 1 10000000 16721 44390623 487250
1 90000 90059 1 10000000 16841 55788787 644091
1 90000 90060 1 10000000 16749 49327688 517397
1 90000 90061 1 10000000 16826 46354425 524801
1 90000 90062 1 10000000 16821 52229724 590241
1 90000 90063 1 10000000 17285 59257517 611940
1 90000 90064 1 10000000 20255 40930602 484731
1 90000 90065 1 10000000 17086 59844509 601432
1 90000 90066 1 10000000 28360 52056007 577959
1 90000 90067 1 10000000 16839 50385876 560524
1 90000 90068 1 10000000 19177 51973674 554649
1 90000 90069 1 10000000 18235 41933189 523899
1 90000 90070 1 10000000 16722 53959331 594863
1 90000 90071 1 10000000 16823 48630944 551810
1 90000 90072 1 10000000 16712 51442051 552174
1 90000 90073 1 10000000 16710 51104724 596407
1 90000 90074 1 10000000 20390 48586791 559037
1 90000 90075 1 10000000 16890 33318148 411619
1 90000 90076 1 10000000 16821 59624989 661814
1 90000 90077 1 10000000 17212 51034033 581532
1 90000 90078 1 10000000 16673 59337899 617862
1 90000 90079 1 10000000 16617 51553743 609180
1 90000 90080 1 10000000 16643 48329497 548969
1 90000 90081 1 10000000 16880 60198061 655936
1 90000 90082 1 10000000 17089 53622636 553936
1 90000 90083 1 10000000 16894 61131878 630408
1 90000 90084 1 10000000 16732 53318076 580279
1 90000 90085 1 10000000 19208 51426012 609210
1 90000 90086 1 10000000 16828 51552713 575674
1 90000 90087 1 10000000 17071 52386370 592906
1 90000 90088 1 10000000 16709 54540868 601819
1 90000 90089 1 10000000 16777 60934161 671794
1 90000 90090 1 10000000 16681 50425357 583652
1 90000 90091 1 10000000 16766 52946126 581918
1 90000 90092 1 10000000 16872 50002680 593364
1 90000 90093 1 10000000 16761 61765157 714066
1 90000 90094 1 10000000 18027 51965057 571327
1 90000 90095 1 10000000 22722 59255605 610392
1 90000 90096 1 10000000 24713 53415303 595178
1 90000 90097 1 10000000 21140 51400784 628588
1 90000 90098 1 10000000 17720 57466948 624223
1 90000 90099 1 10000000 16706 60184089 633544
1 100000 100000 1 10000000 17714 151181 13195
1 100000 100001 1 10000000 17523 243316 18112
1 100000 100002 1 10000000 17600 3054431 88572
1 100000 100003 1 10000000 20199 186 50
1 100000 100004 1 10000000 19316 124 64
1 100000 100005 1 10000000 17515 236 163
1 100000 100006 1 10000000 17525 619511 32907
1 100000 100007 1 10000000 24939 2231 1023
1 100000 100008 1 10000000 22049 212139 16252
1 100000 100009 1 10000000 21417 2071590 68209
1 100000 100010 1 10000000 17583 1255319 52245
1 100000 100011 1 10000000 19036 5778685 138759
1 100000 100012 1 10000000 17750 326105 24590
1 100000 100013 1 10000000 18167 5664 1806
1 100000 100014 1 10000000 17477 577 371
1 100000 100015 1 10000000 19165 208 130
1 100000 100016 1 10000000 18416 169 81
1 100000 100017 1 10000000 17894 1589174 59445
1 100000 100018 1 10000000 21252 4351651 112591
1 100000 100019 1 10000000 17523 7945642 166687
1 100000 100020 1 10000000 19628 7785 2239
1 100000 100021 1 10000000 17439 22817506 325304
1 100000 100022 1 10000000 17811 71006959 937055
1 100000 100023 1 10000000 22480 78622644 765721
1 100000 100024 1 10000000 18856 36836326 467669
1 100000 100025 1 10000000 18036 48545681 575771
1 100000 100026 1 10000000 17643 30859572 452522
1 100000 100027 1 10000000 19376 48898056 587071
1 100000 100028 1 10000000 20057 41801865 493382
1 100000 100029 1 10000000 17467 25956775 403029
1 100000 100030 1 10000000 17469 28678539 426530
1 100000 100031 1 10000000 17597 57437297 634458
1 100000 100032 1 10000000 17858 48867199 583638
1 100000 100033 1 10000000 17390 51138260 593199
1 100000 100034 1 10000000 17743 51740761 591310
1 100000 100035 1 10000000 17519 47704024 580756
1 100000 100036 1 10000000 17786 33819445 437090
1 100000 100037 1 10000000 17576 42055426 519400
1 100000 100038 1 10000000 17772 51340649 608437
1 100000 100039 1 10000000 17696 26576886 403498
1 100000 100040 1 10000000 17648 36895859 506582
1 100000 100041 1 10000000 17882 38236153 483408
1 100000 100042 1 10000000 17498 35583200 501636
1 100000 100043 1 10000000 17749 57107244 626737
1 100000 100044 1 10000000 17942 29513189 421271
1 100000 100045 1 10000000 17480 31285677 440851
1 100000 100046 1 10000000 18028 40194877 507575
1 100000 100047 1 10000000 17569 54839782 741137
1 100000 100048 1 10000000 17511 62481361 680161
1 100000 100049 1 10000000 18290 31117591 408191
1 100000 100050 1 10000000 17623 55527168 597016
1 100000 100051 1 10000000 17667 56972349 588445
1 100000 100052 1 10000000 17515 50334855 551822
1 100000 100053 1 10000000 17652 61020546 635480
1 100000 100054 1 10000000 17503 32080786 444914
1 100000 100055 1 10000000 19274 63659112 635056
1 100000 100056 1 10000000 17480 31626779 411283
1 100000 100057 1 10000000 17426 39095426 481209
1 100000 100058 1 10000000 17657 64716000 634818
1 100000 100059 1 10000000 17840 64629876 812232
1 100000 100060 1 10000000 17449 63840130 674039
1 100000 100061 1 10000000 20980 40657102 477159
1 100000 100062 1 10000000 17448 46451037 512507
1 100000 100063 1 10000000 17649 41242686 545846
1 100000 100064 1 10000000 18312 59118394 619136
1 100000 100065 1 10000000 17526 54000356 1164031
1 100000 100066 1 10000000 17434 59745821 624735
1 100000 100067 1 10000000 19650 54212944 626870
1 100000 100068 1 10000000 17585 53613332 615024
1 100000 100069 1 10000000 18098 45700460 514798
1 100000 100070 1 10000000 18018 50789008 569389
1 100000 100071 1 10000000 17718 51825877 576380
1 100000 100072 1 10000000 17491 55706954 634578
1 100000 100073 1 10000000 17650 55147626 584384
1 100000 100074 1 10000000 17530 62902796 618960
1 100000 100075 1 10000000 17967 40679958 509865
1 100000 100076 1 10000000 18843 57802232 599644
1 100000 100077 1 10000000 17520 57740670 615745
1 100000 100078 1 10000000 17489 74127541 688484
1 100000 100079 1 10000000 17597 70103665 723417
1 100000 100080 1 10000000 17460 54668177 585886
1 100000 100081 1 10000000 17614 66347583 676432
1 100000 100082 1 10000000 17931 60762598 638289
1 100000 100083 1 10000000 18724 56080983 635960
1 100000 100084 1 10000000 17516 57457640 601223
1 100000 100085 1 10000000 17486 60269606 632496
1 100000 100086 1 10000000 17838 56118430 597037
1 100000 100087 1 10000000 17606 54602328 572029
1 100000 100088 1 10000000 18216 64273431 655436
1 100000 100089 1 10000000 17499 47960533 517663
1 100000 100090 1 10000000 17406 50032972 541945
1 100000 100091 1 10000000 17718 64903749 654986
1 100000 100092 1 10000000 18148 68071471 672885
1 100000 100093 1 10000000 17513 67801036 682524
1 100000 100094 1 10000000 17483 57581183 707371
1 100000 100095 1 10000000 18601 59255871 634257
1 100000 100096 1 10000000 17518 49797441 540758
1 100000 100097 1 10000000 17500 73063875 697656
1 100000 100098 1 10000000 36460 66182465 682237
1 100000 100099 1 10000000 18160 53773190 643618
1 110000 110000 1 10000000 18190 4035979 108512
1 110000 110001 1 10000000 18478 208596 22104
1 110000 110002 1 10000000 18421 189028 16272
1 110000 110003 1 10000000 18446 565 377
1 110000 110004 1 10000000 18627 312661 21904
1 110000 110005 1 10000000 18326 162 124
1 110000 110006 1 10000000 18469 11563901 276169
1 110000 110007 1 10000000 28998 1696 810
1 110000 110008 1 10000000 18274 92 83
1 110000 110009 1 10000000 22262 250 142
1 110000 110010 1 10000000 28943 11910829 257160
1 110000 110011 1 10000000 18386 25036627 373340
1 110000 110012 1 10000000 20297 3628361 110267
1 110000 110013 1 10000000 18475 15313 3741
1 110000 110014 1 10000000 18225 2349434 78235
1 110000 110015 1 10000000 20813 2693616 87607
1 110000 110016 1 10000000 18343 1051 626
1 110000 110017 1 10000000 18514 63694913 646431
1 110000 110018 1 10000000 18958 47040964 541940
1 110000 110019 1 10000000 18223 59620807 639215
1 110000 110020 1 10000000 18566 29015756 392326
1 110000 110021 1 10000000 18286 41447423 497479
1 110000 110022 1 10000000 23451 58742346 617833
1 110000 110023 1 10000000 18973 77280865 732431
1 110000 110024 1 10000000 18217 33174739 435040
1 110000 110025 1 10000000 18413 62598311 643092
1 110000 110026 1 10000000 19347 56977828 597944
1 110000 110027 1 10000000 18277 42682190 508142
1 110000 110028 1 10000000 18218 40170520 500472
1 110000 110029 1 10000000 23726 34678187 480185
1 110000 110030 1 10000000 20627 56929159 684108
1 110000 110031 1 10000000 18559 28928529 390523
1 110000 110032 1 10000000 22193 38016778 475267
1 110000 110033 1 10000000 18507 72096712 673421
1 110000 110034 1 10000000 19481 58643117 661514
1 110000 110035 1 10000000 18902 63081676 1159400
1 110000 110036 1 10000000 18240 57547713 607405
1 110000 110037 1 10000000 18280 47956896 537034
1 110000 110038 1 10000000 18369 66217420 691858
1 110000 110039 1 10000000 18335 63211265 699461
1 110000 110040 1 10000000 18229 50575622 559292
1 110000 110041 1 10000000 18412 39177610 474315
1 110000 110042 1 10000000 18383 41970813 495024
1 110000 110043 1 10000000 18210 31412361 500356
1 110000 110044 1 10000000 18813 39115916 480541
1 110000 110045 1 10000000 20600 52600212 579112
1 110000 110046 1 10000000 18384 43657039 524966
1 110000 110047 1 10000000 18199 54937628 632141
1 110000 110048 1 10000000 18204 56752039 611725
1 110000 110049 1 10000000 18263 58220718 634199
1 110000 110050 1 10000000 19188 39126541 481831
1 110000 110051 1 10000000 18918 57449461 619617
1 110000 110052 1 10000000 18271 58627659 611190
1 110000 110053 1 10000000 19002 39144877 477514
1 110000 110054 1 10000000 18773 58353135 652491
1 110000 110055 1 10000000 18319 41468928 494143
1 110000 110056 1 10000000 18171 33993419 452802
1 110000 110057 1 10000000 25259 48426899 547652
1 110000 110058 1 10000000 18417 36441956 508705
1 110000 110059 1 10000000 18445 59925891 642058
1 110000 110060 1 10000000 18283 50690051 591432
1 110000 110061 1 10000000 18301 70591642 748574
1 110000 110062 1 10000000 18076 47885506 540914
1 110000 110063 1 10000000 18196 63480594 659477
1 110000 110064 1 10000000 18306 79110091 750415
1 110000 110065 1 10000000 18190 35387785 451688
1 110000 110066 1 10000000 20886 62256582 666163
1 110000 110067 1 10000000 18493 65779588 673915
1 110000 110068 1 10000000 18173 68764905 696996
1 110000 110069 1 10000000 18199 65355651 709833
1 110000 110070 1 10000000 18104 61259940 636806
1 110000 110071 1 10000000 18334 57923008 636153
1 110000 110072 1 10000000 19192 55964106 596372
1 110000 110073 1 10000000 18239 48102951 631166
1 110000 110074 1 10000000 18352 60944260 627465
1 110000 110075 1 10000000 18181 43682333 506221
1 110000 110076 1 10000000 18054 64397854 683112
1 110000 110077 1 10000000 18725 60561191 706174
1 110000 110078 1 10000000 18264 55245426 651951
1 110000 110079 1 10000000 18088 74564697 710906
1 110000 110080 1 10000000 18220 54720545 635038
1 110000 110081 1 10000000 18938 54999689 613579
1 110000 110082 1 10000000 18187 56836086 600527
1 110000 110083 1 10000000 18188 77993961 785607
1 110000 110084 1 10000000 18133 63081161 718245
1 110000 110085 1 10000000 19096 67606946 774245
1 110000 110086 1 10000000 19392 67467907 782983
1 110000 110087 1 10000000 19092 72600016 765713
1 110000 110088 1 10000000 19515 62805869 694690
1 110000 110089 1 10000000 18391 75305637 776381
1 110000 110090 1 10000000 18129 77544840 788644
1 110000 110091 1 10000000 18531 63010905 826770
1 110000 110092 1 10000000 18331 63074544 701642
1 110000 110093 1 10000000 18227 62371059 737561
1 110000 110094 1 10000000 20243 67626319 712368
1 110000 110095 1 10000000 18613 67401557 703750
1 110000 110096 1 10000000 18642 77505273 815828
1 110000 110097 1 10000000 18925 76424212 839687
1 110000 110098 1 10000000 19390 68881108 705106
1 110000 110099 1 10000000 18397 56414603 600885
