1 10000 10000 1 10000000 10000 10020 20 20 40 7 115060 1 115060 2 115060.000000 12 40 2
1 10001 10001 1 10000000 10000 10180 20 20 185 3 115060 1 254080 2 2963305328050428887853243290619449382544555443712833880131108864.000000 10 185 2
1 10002 10002 1 10000000 10000 10180 20 20 181 4 115060 1 291152 1 21863541055056815366971827326035084369007930904767397706639961307576430986526720.000000 11 181 1
1 10003 10003 1 10000000 10000 10180 20 20 184 3 115060 1 263348 2 27463913780371376844268000446282073887842701045228734111014883164160.000000 10 184 2
1 10004 10004 1 10000000 10000 10180 20 20 187 5 115060 2 235544 2 34498828814430242073338859226497766112111094051435970560.000000 10 187 2
1 20000 20000 1 10000000 10000 10080 80 80 160 7 379028 3 379028 6 379028.000000 24 160 4
1 20001 20001 1 10000000 10000 10880 80 80 960 7 379028 2 379028 4 379028.000000 23 960 5
1 20002 20002 1 10000000 10000 11680 80 80 1759 10 379028 2 388787 5 95607350.000000 23 1759 6
1 20003 20003 1 10000000 10000 12480 80 80 2555 9 379028 2 427823 6 863837211100370987646976.000000 27 2555 3
1 20004 20004 1 10000000 10000 13120 80 80 3041 8 379028 3 1930709 4 inf 24 3041 5
1 30000 30000 1 10000000 10000 10140 140 140 280 12 671856 4 680082 6 69579338640.000000 37 280 6
1 30001 30001 1 10000000 10000 11540 140 140 1680 10 671856 4 733551 6 6707170587394196169611891027829899688144614119305243525120.000000 97 1680 14
1 30002 30002 1 10000000 10000 12940 140 140 3080 15 671856 4 852828 7 4336525733696967322601262964551840631620107281861207736845588036630359527832567467337620812509523929984020087571213691472316886383431809941534707448148229063966720.000000 38 3080 6
1 30003 30003 1 10000000 10000 14340 140 140 4480 13 671856 4 881619 7 86348121605435394318710711358885078807011294311180793992493621117287548259253439994950108500933242767265557655770896357997137562213173878333241522111990621988451822640499747401977445744640.000000 40 4480 8
1 30004 30004 1 10000000 10000 15740 140 140 5879 14 671856 4 1002591 7 3300183215898439790390964054342823911705939110071922633134295804048932480324068253747495058428544017787634659202458943647089367842579787301273867862439183404833063652468926770428331189432034033915416957151250310856688242823889253996096502211121347843558932765575774753302145548958040064.000000 106 5879 10
1 40000 40000 1 10000000 10000 10200 200 200 400 16 1045888 6 1082594 10 5190806182533976.000000 49 400 9
1 40001 40001 1 10000000 10000 12200 200 200 2400 16 1045888 5 1317200 9 2248977870140104523186025558219479136230972608163391533518978783344180068992084420285985456128.000000 51 2400 9
1 40002 40002 1 10000000 10000 14200 200 200 4398 13 1045888 6 1741615 8 1985542952595688633228967846159011990059153004978834412551514530902204131777784072349886356681277081712700076440209696853222220466254859176068921375291352398992942158445882454280784243990857434764186484736.000000 53 4398 9
1 40003 40003 1 10000000 10000 16200 200 200 6400 29 1045888 6 1804968 9 518992967693725424138766039108404939307336808132887970406487567894325600533620588746555976865300466593300152567386950612263150803421094357611114785472086732305223962810057547267045840367344705700943612003400845425397110892841222342580698611712.000000 52 6400 9
1 40004 40004 1 10000000 10000 18200 200 200 8400 14 1045888 6 2254354 8 inf 52 8400 10
1 50000 50000 1 10000000 10000 10260 260 260 520 15 1239250 6 1295162 10 3958248669683368.000000 67 520 12
1 50001 50001 1 10000000 10000 12860 260 260 3120 17 1239250 7 1858595 10 650546483212096522251889385786180245872727479636745783590467215917865624013334196696985370624.000000 65 3120 11
1 50002 50002 1 10000000 10000 15460 260 260 5720 30 1239250 7 2597463 11 345279100975821247091763379762495745779048080131658153898040670260128304480038738826231902420807805635957077360497157538319030561220185601461260098736370999572284829576127907289363770163727827094917540116159040323584.000000 68 5720 12
1 50003 50003 1 10000000 10000 18060 260 260 8320 19 1239250 7 3268710 11 24704693758045767719693454505385719193061432290857099503932049041433154544207987768561166598576694261922289376062998194722955810087884800482081159039319046839905392537851200691677622876347549992966968608017923058487274619729207305218415061837548393835075542872336823738435919035760640.000000 70 8320 11
1 50004 50004 1 10000000 10000 20660 260 260 10920 31 1239250 7 3818989 15 inf 67 10920 13
1 60000 60000 1 10000000 10000 10320 320 320 640 25 1623720 8 1725547 13 29487686094956142592.000000 81 640 13
1 60001 60001 1 10000000 10000 13520 320 320 3840 18 1623720 9 2835719 13 1975364479211659803249740703681071509475502610266382809294307890792970548572786447055662934419841911433088466944.000000 298 3840 25
1 60002 60002 1 10000000 10000 16720 320 320 7040 27 1623720 8 4169488 13 26646675773394667447719828529751525651216908391799752277277476372532649293867530055943779688766315027059863191134757393390910402331332703206580545761729680501473657378407657839820582214187892007781518232059762083274686464.000000 83 7040 15
1 60003 60003 1 10000000 10000 19920 320 320 10240 20 1623720 8 5051068 12 180614759687429925982754481320592173374480295168375518958836814089681634150899024016224850408791427925517237981963539104701301252605426220238017566667775941584620914755818651725603922135707987753598698589229264402123148970809085242026545705734829051428578672365292680783391165887021056.000000 81 10240 14
1 60004 60004 1 10000000 10000 23120 320 320 13440 161 1623720 8 6280833 125 inf 84 13440 21
1 70000 70000 1 10000000 10000 10380 380 380 760 30 1856580 10 2010684 16 46516903272231600128.000000 92 760 16
1 70001 70001 1 10000000 10000 14180 380 380 4560 21 1856580 10 3310665 14 60579841683910778649406235829803879679980062154627171695934737157543605114469207843613592778739086786560.000000 94 4560 17
1 70002 70002 1 10000000 10000 17980 380 380 8360 26 1856580 10 5057431 15 7172453252158550615524863099991786029065372108520994655808786169780696570045283134888069585220538121078283718592044131602653243104393986224270376607212003331762406222179562306619939225600.000000 98 8360 20
1 70003 70003 1 10000000 10000 21780 380 380 12160 28 1856580 10 6311045 15 23908556037232221573402731910317533800055408738487724257603843875808054219057107162196758267958362834962523897498380629078835949043868132107465887020624533332172480987743569474425145270092766576892022671023603597166845964123843884761171512571675036149796207390510471564949025330496438381345975042048.000000 145 12160 22
1 70004 70004 1 10000000 10000 25580 380 380 15960 42 1856580 10 8353499 15 inf 96 15960 18
1 80000 80000 1 10000000 10000 10440 440 440 880 27 2196816 11 2298333 19 5822928201350972416.000000 107 880 21
1 80001 80001 1 10000000 10000 14840 440 440 5280 26 2196816 11 3697423 18 223917172757227987431695807013296402764503006673539257489313410385284712484104368305748654615217787944529035264.000000 108 5280 22
1 80002 80002 1 10000000 10000 19240 440 440 9680 34 2196816 11 5661062 16 29389678495939529332524761537743266828672518279097361883287491265429035596523391212179657464260935508802473558135232832572505852183282378226504957380726776001136065023618653330926853383005856099332260783475171614634305954813348539065243271168.000000 107 9680 19
1 80003 80003 1 10000000 10000 23640 440 440 14080 28 2196816 11 7234269 17 6061326744321233108619718548529971340416293156866933298071761630498299771913415695026791629505979223210563420587146718245197583356612027996063305432918136774959497228275404972890310420400852096061106338405278250350329956203475032993899214097714367928105475932085770124958658190263560654564580092312289280.000000 108 14080 20
1 80004 80004 1 10000000 10000 28040 440 440 18480 52 2196816 11 8310965 17 inf 112 18480 30
1 90000 90000 1 10000000 10000 10500 500 500 1000 28 2543323 12 2744392 22 40188865738573144064.000000 119 1000 22
1 90001 90001 1 10000000 10000 15500 500 500 6000 39 2543323 13 5062711 19 20657999024695378805180920899456652314040620842806946337764754929819120380399020129335215073511890012377774661814934568960.000000 127 6000 24
1 90002 90002 1 10000000 10000 20500 500 500 11000 29 2543323 13 7300050 19 17704469154726818349727857958937816182117522402663655520755205667886872952314210837416101958213866495193334958087977461054497194810010073175549035906969203208176333565430956380012948359742008480121987814748679446798099420869692791717888.000000 125 11000 22
1 90003 90003 1 10000000 10000 25500 500 500 16000 166 2543323 13 9279014 19 inf 128 16000 31
1 90004 90004 1 10000000 10000 30500 500 500 21000 43 2543323 12 11215349 19 inf 125 21000 31
1 100000 100000 1 10000000 10000 10560 560 560 1120 40 2752382 14 3039679 21 10780930203136401408.000000 137 1120 26
1 100001 100001 1 10000000 10000 16160 560 560 6720 36 2752382 15 6344713 22 192274856106479658489951892755243567468914550391664315673299708242748838725024959844195388354403442337795067483829305344.000000 140 6720 27
1 100002 100002 1 10000000 10000 21760 560 560 12320 53 2752382 14 9330579 22 268772845955282378407437121747569597430032102757037800678529563428488537518938196303928252223210983402568660894597390310586119299609530739918196559058651025370690351780745741975838261248.000000 142 12320 25
1 100003 100003 1 10000000 10000 27360 560 560 17920 33 2752382 14 13101786 21 inf 141 17920 25
1 100004 100004 1 10000000 10000 32960 560 560 23520 249 2752382 14 16246603 22 inf 195 23520 36
1 110000 110000 1 10000000 10000 10620 620 620 1240 53 3206356 17 3519997 25 15041796029643472896.000000 148 1240 28
1 110001 110001 1 10000000 10000 16820 620 620 7440 48 3206356 15 7159909 23 64825834631354668384797252524946201734457880329821257560790320514388856275074906846078954674333255832814878128098664173797376.000000 223 7440 30
1 110002 110002 1 10000000 10000 23020 620 620 13640 37 3206356 19 10943863 24 7691622417382880340501963157868713677105206840149192830741346351022435947849184553220227394738600200859823888354257693739382643341751632669618708356586246636814795736292385721905878131303030237045201119059828275150848.000000 159 13640 29
1 110003 110003 1 10000000 10000 29220 620 620 19840 373 3206356 16 14166813 29 106484116897337539962093142431671401318285460048403032674391789235534751802020589467358591617897043195276825369743263168862755543452258945861596977850934649599627489146170159608191949614480300466984376691197309924926093425775894052182943609932699294480575914259012024008704.000000 157 19840 42
1 110004 110004 1 10000000 10000 35420 620 620 26040 110 3206356 15 18276482 24 inf 216 26040 44
1 120000 120000 1 10000000 10000 10680 680 680 1360 36 3452926 181 3922854 27 1060402830549179262016946176.000000 162 1360 43
1 120001 120001 1 10000000 10000 17480 680 680 8160 41 3452926 17 8782199 25 159646280789295143122017953547205896873814579564024441563630453026357729109399684631371937427019760033090390566589681942600351744.000000 174 8160 32
1 120002 120002 1 10000000 10000 24280 680 680 14960 60 3452926 17 14018214 26 1173984908381972580698889622758263711978237344681221131532328345797719821987499190782087331946550915350378445523748877155189504320413359563992051462773341961757238685272565086129364104498953164099297478001640574573084672.000000 173 14960 31
1 120003 120003 1 10000000 10000 31080 680 680 21760 83 3452926 17 18887540 25 11961571670575665396585313573858356768191962234988367173422402666176924952137464353268386303342376802479023510606971298546846828933546628993982685673761647318724916945414128217234458821102079031044473736206655734332159683051220857306815010288174373635202507890464220380458323069643473178494159028224.000000 179 21760 33
1 120004 120004 1 10000000 10000 37880 680 680 28560 80 3452926 19 23982165 27 inf 179 28560 50
1 130000 130000 1 10000000 10000 10740 740 740 1480 47 3621290 19 4268226 28 919910005509921104199680.000000 176 1480 33
1 130001 130001 1 10000000 10000 18140 740 740 8880 49 3621290 19 10508153 27 409463358486722646931199052224029804636350723794485700965359828867744329944450366560694354461725207841553035639808648544256.000000 185 8880 34
1 130002 130002 1 10000000 10000 25540 740 740 16280 128 3621290 19 16403495 27 233723189222530238080005230502325054439661756724532090773188733828288113344555308404191601465870458228556125878225433626093445905263016970996031355468713314284336915389733632024581736580940477284481014495167144798554423296.000000 187 16280 34
1 130003 130003 1 10000000 10000 32940 740 740 23680 104 3621290 19 22267079 28 280702797066703517386789272166075016111203461494025914794144957134859291080370105234020571845770599898257129116941800979326503589964969280338497767831494721073033886575065555730063800601755434689457795067847701228130627536525579207725618904053726170604092223528715197529321812261031070775533109248.000000 190 23680 34
1 130004 130004 1 10000000 10000 40340 740 740 31080 86 3621290 19 28852996 28 inf 194 31080 36
1 140000 140000 1 10000000 10000 10800 800 800 1600 38 4090292 20 4826555 30 4775025417941242647999938560.000000 195 1600 34
1 140001 140001 1 10000000 10000 18800 800 800 9600 41 4090292 20 11533137 31 20680702044776639756901064971135324541772482582706256037251345163170695822323141144554701468860791312574639037657813693075114691231922257920.000000 199 9600 35
1 140002 140002 1 10000000 10000 26800 800 800 17600 49 4090292 20 18567380 30 56699946523725434726259834847992061348331301490626878384578707768969731869013965612798666428453212553831517475738163540932526145323377009259667576238598943915575143771711490379205509341427608742111214588834948841472.000000 206 17600 36
1 140003 140003 1 10000000 10000 34800 800 800 25600 101 4090292 23 25657184 30 inf 210 25600 66
1 140004 140004 1 10000000 10000 42800 800 800 33600 64 4090292 20 32625630 30 inf 210 33600 44
1 150000 150000 1 10000000 10000 10860 860 860 1720 43 4323562 22 5207582 32 604230084859397443827846348800.000000 204 1720 38
1 150001 150001 1 10000000 10000 19460 860 860 10320 50 4323562 21 12300776 32 4570615373442827261857050058491733266129915753503758878688548899415950963715319941470410977768972660918139619033474944284762198212220238871827063042482372608.000000 220 10320 41
1 150002 150002 1 10000000 10000 28060 860 860 18920 128 4323562 21 19760663 34 890779614195280631269960476483801005301621387922471899515518951076893644846566346199070295949988431058558644610874954910499470921123838722526677855647593949603860538679174029908480852114001535242080198240696156034288140970002161617991984311479533838532608.000000 308 18920 45
1 150003 150003 1 10000000 10000 36660 860 860 27520 105 4323562 22 28051613 33 32531130963465567084328835388928688352768229448390895480642032677861163270789042991074364728690412959384449199523467618905467779566671097599716682343493057917782473595056230442860721855954781365196969550261327835233267188029686407855516377008961668628364607961432978772912931929687698592355877331664896.000000 223 27520 64
1 150004 150004 1 10000000 10000 45260 860 860 36120 97 4323562 22 35102755 32 inf 223 36120 40
1 160000 160000 1 10000000 10000 10920 920 920 1840 47 4790968 23 5711764 34 16620819016024740237178384758603776.000000 221 1840 39
1 160001 160001 1 10000000 10000 20120 920 920 11040 67 4790968 25 15225286 38 36285224709754787104698514154944156600276285173692619450354256860090601476821897720995137454101959023566143740515999909810363089027072.000000 238 11040 51
1 160002 160002 1 10000000 10000 29320 920 920 20240 92 4790968 23 24494137 34 464542174156478410434264749251478555053119387345337458586743260437968323136184475201928484502350962396606117965817053987185163917116597945823289823624420959191607548665585878923803388901295143197826299714612150403072.000000 237 20240 41
1 160003 160003 1 10000000 10000 38520 920 920 29440 141 4790968 23 34621259 35 inf 236 29440 50
1 160004 160004 1 10000000 10000 47720 920 920 38640 83 4790968 23 43576362 34 inf 244 38640 41
1 170000 170000 1 10000000 10000 10980 980 980 1960 50 4939083 26 5905604 37 9581750891299696655898240876544.000000 232 1960 42
1 170001 170001 1 10000000 10000 20780 980 980 11760 55 4939083 25 14485192 36 46356337478595223961806207317524926307112186989502780830634003468729703385132059047087471851782374449086130457557235357680831559630848.000000 255 11760 45
1 170002 170002 1 10000000 10000 30580 980 980 21560 88 4939083 25 23123748 37 366830708676014462504387678017374382258933054637883435428154871265319578746609615338176595684988273828657442389623808960363048146940196842931996677075618402917485178771758575844775833536159135989554053938976846249984.000000 248 21560 60
1 170003 170003 1 10000000 10000 40380 980 980 31360 100 4939083 25 32663682 36 inf 258 31360 58
1 170004 170004 1 10000000 10000 50180 980 980 41160 127 4939083 27 40478621 39 inf 264 41160 80
1 180000 180000 1 10000000 10000 11040 1040 1040 2080 58 5235795 26 6070396 39 94236582831850000482304.000000 246 2080 44
1 180001 180001 1 10000000 10000 21440 1040 1040 12480 134 5235795 26 15390869 93 18528297763440911150754028118386034578135624509309572718224288658471249656089876281800024459919880737554237645298198347127015332133412576933747621888.000000 260 12480 49
1 180002 180002 1 10000000 10000 31840 1040 1040 22880 83 5235795 26 23719491 39 113531027265088774780445326420863187376142919421882358692776026037890978233672238467342918809735268040847755340005911509544288772921012127850709152105180511635042198556207646752449533504879666221776918070155692167555356954743643481359722745954304.000000 267 22880 45
1 180003 180003 1 10000000 10000 42240 1040 1040 33280 91 5235795 56 33442769 40 4567332905130206393366484651055774485309456835608278578093118782562121573126386087217169449615528461057704002507293978532089987855286295938325697104098306938307134973504485803109165424598523383394589165136918417330124523956466689550533712727026241393284288333405565082829280280465460991477743883059724288.000000 271 33280 65
1 180004 180004 1 10000000 10000 52640 1040 1040 43680 125 5235795 26 41982671 43 inf 276 43680 79
1 190000 190000 1 10000000 10000 11100 1100 1100 2200 65 5471126 27 6666098 41 37037549132473812376217114997688369152.000000 410 2200 51
1 190001 190001 1 10000000 10000 22100 1100 1100 13200 67 5471126 27 17931577 42 60534579863399406696766931856523051388913138839729984930903461269154211668207615227166476920785366548243704937451734670770176.000000 282 13200 55
1 190002 190002 1 10000000 10000 33100 1100 1100 24200 75 5471126 27 29380247 40 24137575283994160194540839897341844218403836216193209839428044107174795181735014509367705003610495840073933124991794447475045189532567801176611411704687283920118041473502443772552044596488043822631515516589266780407965821719019520.000000 286 24200 47
1 190003 190003 1 10000000 10000 44100 1100 1100 35200 138 5471126 27 40717112 41 inf 287 35200 51
1 190004 190004 1 10000000 10000 55100 1100 1100 46200 116 5471126 94 52101495 43 inf 287 46200 164
1 200000 200000 1 10000000 10000 11160 1160 1160 2320 57 5743257 28 6875800 43 17565920743216402568782544896.000000 275 2320 51
1 200001 200001 1 10000000 10000 22760 1160 1160 13920 55 5743257 28 19552548 42 19996030641644379303165786779883521122804909220786351904411298315372878851730224711933921012371546614825338711460419535438524448768.000000 297 13920 53
1 200002 200002 1 10000000 10000 34360 1160 1160 25520 110 5743257 29 30028135 42 17466940624960890303762183402408455118516833254583881767799062670744999889449351182321085396776124551388354074562236436427810506434102497868283309688250968507191487104843567802734365278036394283840407168788312084185088.000000 299 25520 55
1 200003 200003 1 10000000 10000 45960 1160 1160 37120 126 5743257 29 42725414 44 17675524999393495942195631426037793303147311976700905710342610000984221622684970766113889923398036524386541502797498877589977583380134935115392076620071936922558198827283226445314141002784349247147861465033346003905068137136003657894411582243901652966538602628636322516660352300227259557935478472704.000000 304 37120 98
1 200004 200004 1 10000000 10000 57560 1160 1160 48720 136 5743257 30 54525832 44 inf 297 48720 55
1 210000 210000 1 10000000 10000 11220 1220 1220 2440 124 6145335 30 7681100 45 119459538770627529801728.000000 292 2440 59
1 210001 210001 1 10000000 10000 23420 1220 1220 14640 115 6145335 31 23893182 45 474975410513448048742396675526027303926086499302924807787482893097798228105376390481127815971068693562277161058920585016013095410841961596190720.000000 313 14640 64
1 210002 210002 1 10000000 10000 35620 1220 1220 26840 120 6145335 32 40556126 49 2408962761367335975878015527448030545663566944125001360190346982384271737084534202503612183304599718927825060651133032536361573259966326028028788831529420354831991813834152017739580122902168414355692743294976.000000 327 26840 79
1 210003 210003 1 10000000 10000 47820 1220 1220 39040 134 6145335 32 57771711 46 inf 318 39040 86
1 210004 210004 1 10000000 10000 60020 1220 1220 51240 127 6145335 31 73827842 47 inf 330 51240 74
1 220000 220000 1 10000000 10000 11280 1280 1280 2560 73 6478989 32 8148049 47 359702876533307575002726400.000000 305 2560 54
1 220001 220001 1 10000000 10000 24080 1280 1280 15360 96 6478989 31 23812870 47 130411915498995487880861294044808166974483380179972046138088466743104872315985903689168319824782257816067486341939156672508967518208.000000 324 15360 58
1 220002 220002 1 10000000 10000 36880 1280 1280 28160 87 6478989 33 40040564 50 932164787237861270152862889078181561671480483666762692631310364186950057446725062019206694498067497577541013225341174122192122006798331220298509483059800226319759149295255708937162672179055207256902841808349328048128.000000 331 28160 59
1 220003 220003 1 10000000 10000 49680 1280 1280 40960 113 6478989 32 56387423 46 4672794643485180207636151190666720770136865461027635704756081487196393444136253636807996964205178526146878775356267477531647386977551391661201851403160463271264849987926488963618896394014294776824757354934519402380077359167808945535324232745699333476289048015170920773830108939150072907635035963917546291200.000000 331 40960 58
1 220004 220004 1 10000000 10000 62480 1280 1280 53760 162 6478989 31 73229826 47 inf 335 53760 62
1 230000 230000 1 10000000 10000 11340 1340 1340 2680 61 6822221 33 8669084 49 330167372359022950113374896128.000000 320 2680 60
1 230001 230001 1 10000000 10000 24740 1340 1340 16080 160 6822221 36 26954820 50 27573344948063138845467608431379378723713006549556314545888198343873541523365185375157370175188857232548393366363064291934863360.000000 343 16080 69
1 230002 230002 1 10000000 10000 38140 1340 1340 29480 95 6822221 33 45558661 50 42502201407666829727817011714748374552049001279719680264927978228130270709125672389516947439788456693025116615328421982662277002534071691979350330555331820891792946325515596674933306855895953582163239899730225711227417151930368.000000 345 29480 57
1 230003 230003 1 10000000 10000 51540 1340 1340 42880 125 6822221 34 64567408 49 643122766008150911256959428530065744691637511030543934267376181746293924984694774890211092669358799292788249994450534833015652604211406176508112142781137445451631081290438706788330781406542216127350415537110036996662137559192595043699297472207094848285117002056097459993837657112718946656465307699140100096.000000 359 42880 85
1 230004 230004 1 10000000 10000 64940 1340 1340 56280 121 6822221 34 81790301 50 inf 360 56280 90
1 240000 240000 1 10000000 10000 11400 1400 1400 2800 64 7114522 35 9125954 51 45638034270046848158323160645632.000000 336 2800 59
1 240001 240001 1 10000000 10000 25400 1400 1400 16800 70 7114522 35 29210827 51 141120775867570359931700958308508156292526169681639316921316801427054781721813715860371080730526095994664216324335048737415748478978142676975616.000000 359 16800 58
1 240002 240002 1 10000000 10000 39400 1400 1400 30800 106 7114522 35 50304127 53 188083099309945423050447993168506560910403163250988525337300442671865605201729038049947170572653423487783167317767023315026897152695839198735236343521639087369465810027231821531066102407818592237802925987494236985013766346462199808.000000 384 30800 74
1 240003 240003 1 10000000 10000 53400 1400 1400 44800 124 7114522 34 70431154 52 inf 374 44800 79
1 240004 240004 1 10000000 10000 67400 1400 1400 58800 116 7114522 35 89860986 52 inf 376 58800 62
1 250000 250000 1 10000000 10000 11460 1460 1460 2920 64 7199329 37 9290379 54 7234671376541728967187496960.000000 360 2920 63
1 250001 250001 1 10000000 10000 26060 1460 1460 17520 98 7199329 36 28651419 55 11972148282215773427827827633463026995590024409691534433565002043825274237749784887154545100402397792722561138460841565826590965760.000000 719 17520 66
1 250002 250002 1 10000000 10000 40660 1460 1460 32120 106 7199329 37 49485381 59 9443247280280330036137380262894414475132194323125555892642864375191535691045412477178488086583999098407880551456382555668608784602333762372696665803681470848244178619273916706080400625853762641585620948766962441660143354378517505299358127679793007339218403328.000000 395 32120 74
1 250003 250003 1 10000000 10000 55260 1460 1460 46720 112 7199329 36 68530412 102 inf 390 46720 73
1 250004 250004 1 10000000 10000 69860 1460 1460 61320 128 7199329 36 89910107 54 inf 395 61320 64
1 260000 260000 1 10000000 10000 11520 1520 1520 3040 66 7537959 37 9619239 55 1090760201326665991867858944.000000 366 3040 64
1 260001 260001 1 10000000 10000 26720 1520 1520 18240 103 7537959 38 29391330 58 1477320196300492875345830054484940083729307800771620779101018920288470767387966141563109521284975520475238271597304065290282880313044584366080.000000 388 18240 77
1 260002 260002 1 10000000 10000 41920 1520 1520 33440 131 7537959 37 50333094 56 647358820500058293767780229796822049785194447494017038192860405263570710211763607788055226929059697224498960276770626667780766530089345712314137988268599020400912453717276306231317116783908640880741915624656093950977901072482304.000000 552 33440 80
1 260003 260003 1 10000000 10000 57120 1520 1520 48640 130 7537959 40 70434665 60 752301066986338610065521826589949079185104818838281155696886670781401919899373341956045798720873042950481060035275061779909460854486576066609754908705829761540802242091835066707251782467923140182833143459853786877682167630538272147690852171066280751157986714497942958874560466713375801280954067962711506944.000000 402 48640 90
1 260004 260004 1 10000000 10000 72320 1520 1520 63840 139 7537959 38 90865479 66 inf 414 63840 98
1 270000 270000 1 10000000 10000 11580 1580 1580 3160 70 7943701 39 10383331 59 21318933623619455049544193015808.000000 389 3160 65
1 270001 270001 1 10000000 10000 27380 1580 1580 18960 86 7943701 38 34535618 59 48261797125517716686081242820223277310942287460042009494034120627867252862160051635642210142894473094727357766936215697147936932941306789888.000000 409 18960 66
1 270002 270002 1 10000000 10000 43180 1580 1580 34760 157 7943701 41 58994616 61 47837414999350923884628029410067242710131781861885036096176684134336896871923397738969034276833751486105187970803327002069105525139530656099239737828046695291451537956731198747974584722441585141655098976309336749495907303748009984.000000 421 34760 113
1 270003 270003 1 10000000 10000 58980 1580 1580 50560 121 7943701 40 83235930 59 inf 421 50560 86
1 270004 270004 1 10000000 10000 74780 1580 1580 66360 128 7943701 38 106464615 58 inf 430 66360 69
1 280000 280000 1 10000000 10000 11640 1640 1640 3280 79 8168525 40 10707876 60 162790643444494642320506880.000000 394 3280 72
1 280001 280001 1 10000000 10000 28040 1640 1640 19680 100 8168525 40 35521438 68 30543726038671555806899094613405105515570098202246988715435964536332115057788708369394461424978652695211090995169434750114182039123782419446539390812160.000000 424 19680 88
1 280002 280002 1 10000000 10000 44440 1640 1640 36080 125 8168525 40 60534616 60 224681740997217538647564017659543385047681708340816453252773715728432761507476131040338300988057933556145584256292013699577330029643556927667698159544833536087704273236252018520993096506757908130587702954869288249914818560.000000 427 36080 73
1 280003 280003 1 10000000 10000 60840 1640 1640 52480 144 8168525 41 84227630 60 inf 441 52480 73
1 280004 280004 1 10000000 10000 77240 1640 1640 68880 134 8168525 41 109125267 61 inf 440 68880 99
1 290000 290000 1 10000000 10000 11700 1700 1700 3400 78 8625151 42 11678088 63 5709009369937206826512326590464.000000 413 3400 74
1 290001 290001 1 10000000 10000 28700 1700 1700 20400 95 8625151 41 41217451 62 76495529207088180571983358772289724291185315939082017951390438836640791900143373620545683473085649438331535004984734554937031517011968.000000 457 20400 72
1 290002 290002 1 10000000 10000 45700 1700 1700 37400 131 8625151 42 72420059 65 2855379238781254690331427769605513219158022546078751737446194270318278582592182385450560287861561557758565106228984620775629385818356985021481371521932161922775319991360207818520293479503753072697706394452416058338838961547487217289033175629096288256.000000 455 37400 127
1 290003 290003 1 10000000 10000 62700 1700 1700 54400 125 8625151 42 100801224 63 inf 466 54400 74
1 290004 290004 1 10000000 10000 79700 1700 1700 71400 214 8625151 41 131151669 63 inf 473 71400 80
1 300000 300000 1 10000000 10000 11760 1760 1760 3520 82 8896618 43 11914602 65 31446937417300657959766708977664.000000 423 3520 74
1 300001 300001 1 10000000 10000 29360 1760 1760 21120 102 8896618 43 42116757 66 31573598626545659532214509947819151828683910121951668110672645434860073199996970956876344692381922702552740454382222534119463583744.000000 468 21120 74
1 300002 300002 1 10000000 10000 46960 1760 1760 38720 126 8896618 48 72269123 68 3982658326272429688560670601655881494854765447161930011243336182483700258399615285384667669111364251038393023011810161206200482500215181726518780176763408477682018125905769118048937516362881784201498932002805830658293760.000000 473 38720 89
1 300003 300003 1 10000000 10000 64560 1760 1760 56320 144 8896618 46 102657472 64 inf 606 56320 99
1 300004 300004 1 10000000 10000 82160 1760 1760 73920 134 8896618 43 132951212 65 inf 494 73920 99
1 310000 310000 1 10000000 10000 11820 1820 1820 3640 77 9105570 45 12241677 67 826661971057464269227425792.000000 440 3640 74
1 310001 310001 1 10000000 10000 30020 1820 1820 21840 131 9105570 45 42926706 68 108902547554649515328560288919944966954230094841032455481842573321812229866640781983281003575970078647943961646208464875974312980251437694976.000000 482 21840 95
1 310002 310002 1 10000000 10000 48220 1820 1820 40040 245 9105570 45 75634452 68 479693560707099687333520602236574311217468537801305992423238060570339199635568866165022767229934656944764714315834248404829295627896650388486124444341332596459376469644283817973553585833573207665498578255053724844032.000000 492 40040 91
1 310003 310003 1 10000000 10000 66420 1820 1820 58240 144 9105570 47 107050174 69 31812252397137296120946892366693098098799927427829096017946572604988968056857164309332753613364757820068247842986006966543109379638419371220777920834352981501676724286603654981486436672321061772161391693502804982972913870534783897813485775011808330805048200133192980849754812758453886802697306981269504.000000 570 58240 100
1 310004 310004 1 10000000 10000 84620 1820 1820 76440 135 9105570 46 138395065 70 inf 501 76440 93
1 320000 320000 1 10000000 10000 11880 1880 1880 3760 89 9550261 45 12998321 68 3481594476760365771436064768.000000 454 3760 77
1 320001 320001 1 10000000 10000 30680 1880 1880 22560 299 9550261 47 46426277 69 144622587431125718035706687001918839971545827788685942581173091217595392429283728935012795982008594964129079760796665252531424630669312.000000 505 22560 82
1 320002 320002 1 10000000 10000 49480 1880 1880 41360 153 9550261 46 79858836 75 896644547364165920746598094959388503463831569191398827480381808326189954889888467170853896199938821956590067991766798851022500664338905265214815976108269269060717229796748886712898688814847732518135823291057818948283163336382244329361492528966139904.000000 515 41360 118
1 320003 320003 1 10000000 10000 68280 1880 1880 60160 162 9550261 114 115008542 71 inf 506 60160 100
1 320004 320004 1 10000000 10000 87080 1880 1880 78960 143 9550261 48 148690451 71 inf 605 78960 104
1 330000 330000 1 10000000 10000 11940 1940 1940 3880 83 9881307 47 13466720 70 363335139662087292610150400.000000 473 3880 84
1 330001 330001 1 10000000 10000 31340 1940 1940 23280 104 9881307 51 51514301 74 145195665467807054780953041165433815796064839018224908099493836526870764079334718784620968360952029281348155495279613118663240974336.000000 520 23280 86
1 330002 330002 1 10000000 10000 50740 1940 1940 42680 221 9881307 48 89833182 71 470138976922333637402631222591543905866651313200611574919851488879196251849972436909748120162827423770639723666904989899052361144133923252857589970270765049068167590196835976306335725737466796840261698972130634731037286713427709313842937856.000000 524 42680 96
1 330003 330003 1 10000000 10000 70140 1940 1940 62080 155 9881307 48 127968491 71 inf 525 62080 87
1 330004 330004 1 10000000 10000 89540 1940 1940 81480 147 9881307 47 165278137 71 inf 543 81480 87
1 340000 340000 1 10000000 10000 12000 2000 2000 4000 84 9915356 49 13711285 73 78878427091149493364588544.000000 484 4000 83
1 340001 340001 1 10000000 10000 32000 2000 2000 24000 126 9915356 50 51238547 76 450922258643088205111944382397433328733269276173386021881628081441351639105584078120131743887090385772418874899522402013309228218298889529641140224.000000 527 24000 92
1 340002 340002 1 10000000 10000 52000 2000 2000 44000 143 9915356 50 89832659 77 4153652401945056506891771196139803170877575967047360330060654799044840613971008160806863509613611958152408289265945200126032537656400256313807140086921826599287418868945722717393097394376064002979744066047230480819532870040401363474896008511488.000000 548 44000 88
1 340003 340003 1 10000000 10000 72000 2000 2000 64000 149 9915356 120 127237074 75 inf 550 64000 93
1 340004 340004 1 10000000 10000 92000 2000 2000 84000 152 9915356 49 166474951 74 inf 559 84000 110
1 350000 350000 1 10000000 10000 12060 2060 2060 4120 118 10227784 638 13927575 652 26640047050986172260180683653120.000000 2564 4120 2722
1 350001 350001 1 10000000 10000 32660 2060 2060 24720 120 10227784 52 53682058 76 5652566834293994272462200678288035421251545549277560400934200825196324091390290913286640095272181766566813678049597269363205399716592943478299688960.000000 584 24720 95
1 350002 350002 1 10000000 10000 53260 2060 2060 45320 148 10227784 55 92690169 79 40600757014226914757004039075918085049964630802805811649549789635193845453171686800572008312405771544334274680241041491430977110602369103002756630854899939581305180929677369384122941610374069610247581922663656486246626286270902567202111619072.000000 553 45320 117
1 350003 350003 1 10000000 10000 73860 2060 2060 65920 166 10227784 54 130978258 77 150727274769355347554034181078887581509147073247812804496104160805669626975233322671737454979345634418918462630651310250286252353491545562471425658179895728235221564785876289796595564264993163022829677085068487730418952920248665484731708882489569948856629437871166894735074053761045912465072422209454080.000000 579 65920 131
1 350004 350004 1 10000000 10000 94460 2060 2060 86520 238 10227784 53 171750169 77 inf 910 86520 132
1 360000 360000 1 10000000 10000 12120 2120 2120 4240 120 10386178 53 14661638 79 10377330092258035638107897856.000000 531 4240 99
1 360001 360001 1 10000000 10000 33320 2120 2120 25440 155 10386178 54 53991021 80 24241127478276182394717152636479051203292329786854255420894047817418812415578259736020637316838384456663674152205572023836538306560.000000 565 25440 109
1 360002 360002 1 10000000 10000 54520 2120 2120 46640 167 10386178 53 95577138 82 37922556927889619024233014588526762132926041235905819802830912318790673042877187247425562518768288672212644405707348023831398535340699849588453096869723755653988110856439356191127153205806794131310821621045542402972858398882745781583872.000000 1054 46640 136
1 360003 360003 1 10000000 10000 75720 2120 2120 67840 609 10386178 53 136055736 79 inf 581 67840 143
1 360004 360004 1 10000000 10000 96920 2120 2120 89040 142 10386178 54 173850032 77 inf 598 89040 108
1 370000 370000 1 10000000 10000 12180 2180 2180 4360 164 10829469 54 15091441 82 5940224483966023895271017021440.000000 538 4360 135
1 370001 370001 1 10000000 10000 33980 2180 2180 26160 144 10829469 54 56008058 84 58726502411722540430587673188920799525005062922036436969166466444139336551925671801707497012481166269077538597377630518499656888211680002048.000000 578 26160 121
1 370002 370002 1 10000000 10000 55780 2180 2180 47960 146 10829469 54 99411206 83 406274152566121830090966050881456746178077561848883132676382090589164707342692946369370072031475387883668928776668838130091269008343150182784689053259964417363735935442503347633260778932203872465455921072567989960697108745408869012495925248.000000 803 47960 151
1 370003 370003 1 10000000 10000 77580 2180 2180 69760 167 10829469 54 143153455 83 inf 604 69760 145
1 370004 370004 1 10000000 10000 99380 2180 2180 91560 151 10829469 54 182972994 80 inf 619 91560 99
1 380000 380000 1 10000000 10000 12240 2240 2240 4480 113 11077201 55 15274728 83 179009523290180213121780312702976.000000 550 4480 98
1 380001 380001 1 10000000 10000 34640 2240 2240 26880 480 11077201 55 60287229 82 97157948667184379264663227724883354327582857497858095818338187556076299697464945785986587386343140009678143145145911128182885056369125228544.000000 662 26880 113
1 380002 380002 1 10000000 10000 57040 2240 2240 49280 157 11077201 55 104959046 82 152270168628953766604727650178388732771280711101915714204655334278211631016607975322803688987084270400743122800571513410587544760894911490538843317664767683326863013002474112855595936716136750827958082692119205360240164864.000000 616 49280 97
1 380003 380003 1 10000000 10000 79440 2240 2240 71680 474 11077201 57 150508822 82 inf 630 71680 105
1 380004 380004 1 10000000 10000 101840 2240 2240 94080 193 11077201 55 195603684 82 inf 762 94080 106
1 390000 390000 1 10000000 10000 12300 2300 2300 4600 457 11445880 315 16147101 217 1315315569480361066402887487777471987712.000000 703 4600 111
1 390001 390001 1 10000000 10000 35300 2300 2300 27600 150 11445880 57 64440268 84 1288607368778643482804569907166548844573091270086947932842442316624336162521989982492909366245154551172091741550427596668328035859607029173714944.000000 624 27600 643
1 390002 390002 1 10000000 10000 58300 2300 2300 50600 171 11445880 56 113024305 84 203641603202187327876723632049186221419819655700646398295718700182843035741198251412633132007957752482904225778784102924408207631647582579488776437451012178981418163538946632182123819570115852515472892006610071275418511115387142144.000000 632 50600 98
1 390003 390003 1 10000000 10000 81300 2300 2300 73600 194 11445880 57 159029969 84 inf 652 73600 217
1 390004 390004 1 10000000 10000 104300 2300 2300 96600 170 11445880 57 209153746 84 inf 686 96600 99
1 400000 400000 1 10000000 10000 12360 2360 2360 4720 105 11871819 57 16907445 86 25054580272233037166093416179695616000.000000 577 4720 133
1 400001 400001 1 10000000 10000 35960 2360 2360 28320 381 11871819 62 68058929 91 4205938139076580589948191648835949587980356315671264184834350495825314947346371492817671276560666794701164907036112318210970992835349490561974272.000000 656 28320 170
1 400002 400002 1 10000000 10000 59560 2360 2360 51920 156 11871819 58 120055306 86 1275012994127628613635217762379656928091680024209575555640765950362089936395513425889976918101826518540798245918659901565220598612258608210838988536108623034156406206796087489507482231964726242275085787387966664460825890020181600632832.000000 650 51920 106
1 400003 400003 1 10000000 10000 83160 2360 2360 75520 215 11871819 64 166691010 90 inf 2955 75520 230
1 400004 400004 1 10000000 10000 106760 2360 2360 99120 162 11871819 58 219988148 88 inf 677 99120 123
1 410000 410000 1 10000000 10000 12420 2420 2420 4840 157 12128552 61 17539860 89 381660192155481079812194304.000000 607 4840 100
1 410001 410001 1 10000000 10000 36620 2420 2420 29040 174 12128552 66 72414776 89 150426925422434523277220763406853808445004735923914528460740945702315054213291736323362903967130874359612058435688972288511705088.000000 660 29040 140
1 410002 410002 1 10000000 10000 60820 2420 2420 53240 158 12128552 61 128256284 90 10408007478648598321518262931107174294187623169090091211004204474642069875525992392443713223238540536956434485137191343060000520029667399579974311335401158329557833633059246638445575077283447356075239607449694427297644450205803384263244428576534036480.000000 687 53240 154
1 410003 410003 1 10000000 10000 85020 2420 2420 77440 195 12128552 61 182561736 89 inf 697 77440 138
1 410004 410004 1 10000000 10000 109220 2420 2420 101640 178 12128552 61 237170606 96 inf 690 101640 127
1 420000 420000 1 10000000 10000 12480 2480 2480 4960 107 12324254 60 18118241 91 46928721400999843507520785088512.000000 622 4960 102
1 420001 420001 1 10000000 10000 37280 2480 2480 29760 178 12324254 66 75821593 96 6185343799789972901332195744206088735873100151967141123829313933422192509692547968879068209536810655028090620151873051656111967161753341694996119552.000000 684 29760 130
1 420002 420002 1 10000000 10000 62080 2480 2480 54560 174 12324254 63 130963393 108 10033454397668830700908299923155695210019800610361597574580827746925073347824705148297814634876239147110339699198377156037563988246430879223970935344990241631369513507338916751018401806822067375190663805937471679905509916481989899965915713241088.000000 708 54560 134
1 420003 420003 1 10000000 10000 86880 2480 2480 79360 201 12324254 63 188224389 99 inf 693 79360 134
1 420004 420004 1 10000000 10000 111680 2480 2480 104160 198 12324254 66 243438631 94 inf 709 104160 131
1 430000 430000 1 10000000 10000 12540 2540 2540 5080 130 12728058 64 18689773 95 218239986149362186526554544672866304.000000 643 5080 111
1 430001 430001 1 10000000 10000 37940 2540 2540 30480 157 12728058 62 78511244 92 670115431717407558906828432934327066781820760302375441005502151536641852230584220662556898085968172819287791200114261792856540159701965340672.000000 769 30480 114
1 430002 430002 1 10000000 10000 63340 2540 2540 55880 177 12728058 64 138143947 96 228644632596673092409827843011860309358515364250546393256092548905030646732178040689953628536074724302631179276962271590917707162273353359962987868888870709427670921651984829937250151363825187748295865900502899580993536.000000 727 55880 132
1 430003 430003 1 10000000 10000 88740 2540 2540 81280 203 12728058 73 198931467 2635 inf 1037 81280 196
1 430004 430004 1 10000000 10000 114140 2540 2540 106680 171 12728058 62 258388014 94 inf 731 106680 148
1 440000 440000 1 10000000 10000 12600 2600 2600 5200 109 12860934 63 18368421 95 4598457763242718458923790626717696.000000 638 5200 104
1 440001 440001 1 10000000 10000 38600 2600 2600 31200 157 12860934 63 76243029 95 158094427763807004483532195369832023443074175853508406934978739632988248425471907168146057591226935985581419077063920831922341574344704.000000 775 31200 112
1 440002 440002 1 10000000 10000 64600 2600 2600 57200 192 12860934 64 134139719 177 2293542228242362749805402217159932025430440031716798048809932191511797256729446851521346468949147165175145808096143568933164252952594658783897048891558382364627049830139786034224701677744337371495800461380177981263238231145670770688.000000 737 57200 172
1 440003 440003 1 10000000 10000 90600 2600 2600 83200 157 12860934 64 191580869 95 inf 732 83200 114
1 440004 440004 1 10000000 10000 116600 2600 2600 109200 165 12860934 64 251913361 96 inf 745 109200 142
1 450000 450000 1 10000000 10000 12660 2660 2660 5320 120 13449889 393 20184915 175 49049324924032816419394518253568.000000 1634 5320 116
1 450001 450001 1 10000000 10000 39260 2660 2660 31920 182 13449889 133 88715907 98 1475729152948692094498234649801251550135756602024142157318214170001532400101892145140136111584261617211663945390896536094009377219435933120795246592.000000 730 31920 118
1 450002 450002 1 10000000 10000 65860 2660 2660 58520 176 13449889 65 156729697 97 41738850616579032942963085854419337940570519009965190178394640472058896210364236423082476417272868175102365716130033737353677692254370437283341187353002442025586584393873940233539120266271981311834086522449704582127538145811667953385472.000000 764 58520 113
1 450003 450003 1 10000000 10000 92460 2660 2660 85120 172 13449889 65 221805658 583 inf 763 85120 120
1 450004 450004 1 10000000 10000 119060 2660 2660 111720 200 13449889 66 291550372 100 inf 779 111720 138
1 460000 460000 1 10000000 10000 12720 2720 2720 5440 154 13553527 67 19927619 100 49755736761430998220651102208.000000 686 5440 123
1 460001 460001 1 10000000 10000 39920 2720 2720 32640 181 13553527 67 85647874 101 1256661233492121712531442133471114413564010875517770509884775515429399846374855705268588591462726960428986295010553415111036293164826624.000000 748 32640 132
1 460002 460002 1 10000000 10000 67120 2720 2720 59840 183 13553527 69 150366009 101 238183998819337928149260802926230260640023015730736927334979111392043098556106818494070966106408410827606688034830223247261059539599393005424984801431778472846944083529474873698836468586581869798934233967911423642173440.000000 763 59840 155
1 460003 460003 1 10000000 10000 94320 2720 2720 87040 196 13553527 72 215178715 102 inf 770 87040 139
1 460004 460004 1 10000000 10000 121520 2720 2720 114240 239 13553527 69 283155924 104 inf 795 114240 140
1 470000 470000 1 10000000 10000 12780 2780 2780 5560 316 13992590 68 21427180 155 78486780971320871777364363706368.000000 693 5560 121
1 470001 470001 1 10000000 10000 40580 2780 2780 33360 225 13992590 70 95311652 104 74780710790759055412325031592028392929949869282712764386007490985206185054258257557452269860586533416279919002211744529513132743854490801668096.000000 793 33360 134
1 470002 470002 1 10000000 10000 68380 2780 2780 61160 243 13992590 766 169736807 103 341337861822237916990261028707665702167924667923464246864006610534347026182856369586380730102064776626587925300834973687912983819967618433579939405097127694718371155140528031263337622672641873999552225350807353878620900012979501873042215074267136.000000 799 61160 129
1 470003 470003 1 10000000 10000 96180 2780 2780 88960 253 13992590 68 245594986 102 inf 816 88960 116
1 470004 470004 1 10000000 10000 123980 2780 2780 116760 208 13992590 71 318515255 108 inf 866 116760 143
1 480000 480000 1 10000000 10000 12840 2840 2840 5680 134 14255574 69 21587653 104 3039529495306312667677767761920.000000 705 5680 125
1 480001 480001 1 10000000 10000 41240 2840 2840 34080 157 14255574 320 94894397 104 31641954009194831663929122634454161822120686192819091465764773794512947144405716369639640270797819778807701133278768934384543855896741019648.000000 791 34080 122
1 480002 480002 1 10000000 10000 69640 2840 2840 62480 172 14255574 71 173508616 105 8383573271046447340291999551192493187086778984518219143369098189167035133360608339693014379559864383179971147070263273998965190758715181310458058959025240918493175314945152942851238152293346222673691593589373649873632329889480704.000000 813 62480 137
1 480003 480003 1 10000000 10000 98040 2840 2840 90880 193 14255574 72 246403306 105 inf 820 90880 141
1 480004 480004 1 10000000 10000 126440 2840 2840 119280 269 14255574 77 320908687 106 inf 1581 119280 147
1 490000 490000 1 10000000 10000 12900 2900 2900 5800 121 14643328 71 22777777 105 55190243845355244670642936610816.000000 730 5800 118
1 490001 490001 1 10000000 10000 41900 2900 2900 34800 187 14643328 75 104070798 114 2738797141734710090193837953638445305435107473817086013492650575102650412782151914138870450148654401223344229016431446035006814549499319331363057727176704.000000 815 34800 142
1 490002 490002 1 10000000 10000 70900 2900 2900 63800 244 14643328 72 183873753 108 12226080602246997725293009899865004780818116901551774458044923837447206575148704439856581208137586697550134479319141466569835363021567823976507318559567997542163874723227568628638986509751917785634420938105384310043998995983055296921600.000000 855 63800 149
1 490003 490003 1 10000000 10000 99900 2900 2900 92800 199 14643328 72 266603265 181 inf 848 92800 138
1 490004 490004 1 10000000 10000 128900 2900 2900 121800 193 14643328 74 346489506 107 inf 865 121800 145
1 500000 500000 1 10000000 10000 12960 2960 2960 5920 140 14538013 79 21978729 110 1482333966864021751293503980175360.000000 735 5920 121
1 500001 500001 1 10000000 10000 42560 2960 2960 35520 166 14538013 72 95735162 114 5144470452839592203091834900326157332581673657346558635971699543552753444322950039083187841593982915894504118451533256331574468863768691474432.000000 825 35520 135
1 500002 500002 1 10000000 10000 72160 2960 2960 65120 187 14538013 75 169339131 121 51225858342136648072617551418339929035778775978459293668721431028335015637161273449921910316244326635459393091441883639176846304544632234794747076676969958528047248172039202860667781668025635387977889648487798962105487410757187330958026489228487624940514899933000185675776.000000 1102 65120 163
1 500003 500003 1 10000000 10000 101760 2960 2960 94720 185 14538013 74 242392111 116 inf 850 94720 157
1 500004 500004 1 10000000 10000 131360 2960 2960 124320 225 14538013 73 316740585 111 inf 862 124320 125
