1 10000 10000 1 10000000 1382 183 154
1 10001 10001 1 10000000 1294 356 468
1 10002 10002 1 10000000 1301 342 460
1 10003 10003 1 10000000 1297 343 470
1 10004 10004 1 10000000 1325 359 524
1 20000 20000 1 10000000 1308 523 389
1 20001 20001 1 10000000 1382 2763 2449
1 20002 20002 1 10000000 1422 4916 4759
1 20003 20003 1 10000000 1482 7280 6662
1 20004 20004 1 10000000 1525 8660 7960
1 30000 30000 1 10000000 1336 1063 663
1 30001 30001 1 10000000 1452 6795 4158
1 30002 30002 1 10000000 1525 13734 8116
1 30003 30003 1 10000000 1660 18296 12509
1 30004 30004 1 10000000 1777 23897 17006
1 40000 40000 1 10000000 1578 1607 986
1 40001 40001 1 10000000 1755 12071 6429
1 40002 40002 1 10000000 1622 22662 11931
1 40003 40003 1 10000000 1743 33934 17977
1 40004 40004 1 10000000 1847 45317 24118
1 50000 50000 1 10000000 1340 3241 1272
1 50001 50001 1 10000000 1664 19296 8380
1 50002 50002 1 10000000 1721 36228 16552
1 50003 50003 1 10000000 1883 53200 23914
1 50004 50004 1 10000000 2085 74500 32290
1 60000 60000 1 10000000 1352 3336 1554
1 60001 60001 1 10000000 1634 28223 10393
1 60002 60002 1 10000000 2057 56031 20674
1 60003 60003 1 10000000 2004 79608 30900
1 60004 60004 1 10000000 2213 105243 40118
1 70000 70000 1 10000000 1601 4287 1820
1 70001 70001 1 10000000 1944 38918 12395
1 70002 70002 1 10000000 1952 73145 24266
1 70003 70003 1 10000000 2398 108483 37141
1 70004 70004 1 10000000 2416 143850 48071
1 80000 80000 1 10000000 1684 5590 2117
1 80001 80001 1 10000000 2089 51370 14739
1 80002 80002 1 10000000 2044 97361 28411
1 80003 80003 1 10000000 2304 144260 42070
1 80004 80004 1 10000000 2860 192320 56809
1 90000 90000 1 10000000 1401 6931 2437
1 90001 90001 1 10000000 2054 65549 16937
1 90002 90002 1 10000000 2131 124098 32569
1 90003 90003 1 10000000 2452 181848 48994
1 90004 90004 1 10000000 2718 242628 65582
1 100000 100000 1 10000000 1419 8264 2706
1 100001 100001 1 10000000 2346 80047 19143
1 100002 100002 1 10000000 2755 156238 37451
1 100003 100003 1 10000000 2830 226981 54710
1 100004 100004 1 10000000 3120 301097 74473
1 110000 110000 1 10000000 1417 10449 3660
1 110001 110001 1 10000000 1967 100383 22821
1 110002 110002 1 10000000 2313 186104 41181
1 110003 110003 1 10000000 2674 274775 61293
1 110004 110004 1 10000000 3360 363788 83763
1 120000 120000 1 10000000 1415 12239 3402
1 120001 120001 1 10000000 2042 116369 23834
1 120002 120002 1 10000000 2684 223564 44957
1 120003 120003 1 10000000 2834 329920 75011
1 120004 120004 1 10000000 3282 436380 91761
1 130000 130000 1 10000000 1787 13375 3565
1 130001 130001 1 10000000 2325 137970 25854
1 130002 130002 1 10000000 2780 263548 49713
1 130003 130003 1 10000000 3228 385154 74606
1 130004 130004 1 10000000 3651 509368 102321
1 140000 140000 1 10000000 1692 16035 3977
1 140001 140001 1 10000000 2371 159560 28621
1 140002 140002 1 10000000 2903 305319 54715
1 140003 140003 1 10000000 3361 450742 83964
1 140004 140004 1 10000000 3790 592162 109265
1 150000 150000 1 10000000 1718 18989 4358
1 150001 150001 1 10000000 2446 185733 31425
1 150002 150002 1 10000000 3174 348807 59918
1 150003 150003 1 10000000 3479 519317 89325
1 150004 150004 1 10000000 4060 693100 119022
1 160000 160000 1 10000000 1729 20262 4732
1 160001 160001 1 10000000 2503 209307 33998
1 160002 160002 1 10000000 3079 399230 63469
1 160003 160003 1 10000000 3616 591579 96100
1 160004 160004 1 10000000 4118 781219 129620
1 170000 170000 1 10000000 1782 23817 5031
1 170001 170001 1 10000000 2588 237356 35089
1 170002 170002 1 10000000 3216 451501 67597
1 170003 170003 1 10000000 3753 663792 101468
1 170004 170004 1 10000000 4583 883237 139548
1 180000 180000 1 10000000 1757 25990 5376
1 180001 180001 1 10000000 2615 269523 37925
1 180002 180002 1 10000000 3260 505932 72449
1 180003 180003 1 10000000 4641 757337 108619
1 180004 180004 1 10000000 4609 988044 146680
1 190000 190000 1 10000000 1763 29877 5724
1 190001 190001 1 10000000 2684 298407 40263
1 190002 190002 1 10000000 3412 561925 76249
1 190003 190003 1 10000000 4013 852254 118795
1 190004 190004 1 10000000 4850 1109045 157972
1 200000 200000 1 10000000 1760 32547 6037
1 200001 200001 1 10000000 2759 329283 42443
1 200002 200002 1 10000000 3462 659508 87987
1 200003 200003 1 10000000 4109 986640 131624
1 200004 200004 1 10000000 5404 1298658 187538
1 210000 210000 1 10000000 2181 35850 6964
1 210001 210001 1 10000000 2850 381219 47419
1 210002 210002 1 10000000 3630 727911 90717
1 210003 210003 1 10000000 4488 1069714 139330
1 210004 210004 1 10000000 4998 1417339 188750
1 220000 220000 1 10000000 1784 41377 7197
1 220001 220001 1 10000000 2876 421142 48779
1 220002 220002 1 10000000 3715 759948 90114
1 220003 220003 1 10000000 4435 1126644 138637
1 220004 220004 1 10000000 5257 1483721 183668
1 230000 230000 1 10000000 1826 42703 7348
1 230001 230001 1 10000000 3034 441295 50152
1 230002 230002 1 10000000 3776 832912 94891
1 230003 230003 1 10000000 4444 1230691 147025
1 230004 230004 1 10000000 5263 1625203 196941
1 240000 240000 1 10000000 1930 47394 7342
1 240001 240001 1 10000000 2987 494324 51510
1 240002 240002 1 10000000 3966 914898 101744
1 240003 240003 1 10000000 4791 1350863 153826
1 240004 240004 1 10000000 5712 1776801 203552
1 250000 250000 1 10000000 1970 50541 7587
1 250001 250001 1 10000000 3072 517469 54600
1 250002 250002 1 10000000 4024 979107 106175
1 250003 250003 1 10000000 8244 1450005 160681
1 250004 250004 1 10000000 6182 1922072 211627
1 260000 260000 1 10000000 1870 55127 8064
1 260001 260001 1 10000000 3136 553373 58696
1 260002 260002 1 10000000 4110 1069312 111108
1 260003 260003 1 10000000 5038 1581254 167231
1 260004 260004 1 10000000 6189 2080283 226415
1 270000 270000 1 10000000 1901 57436 8236
1 270001 270001 1 10000000 3271 603956 59261
1 270002 270002 1 10000000 4220 1153216 116901
1 270003 270003 1 10000000 5086 1702346 175223
1 270004 270004 1 10000000 5965 2248089 232679
1 280000 280000 1 10000000 1894 60495 8846
1 280001 280001 1 10000000 3241 651910 62148
1 280002 280002 1 10000000 4356 1243456 121657
1 280003 280003 1 10000000 5221 1825601 181285
1 280004 280004 1 10000000 6198 2425596 244528
1 290000 290000 1 10000000 1881 66654 9241
1 290001 290001 1 10000000 3298 689744 65006
1 290002 290002 1 10000000 4831 1344531 124622
1 290003 290003 1 10000000 5498 1950092 195508
1 290004 290004 1 10000000 6323 2599641 259164
1 300000 300000 1 10000000 1903 72558 9444
1 300001 300001 1 10000000 3567 741204 67742
1 300002 300002 1 10000000 4488 1421956 129597
1 300003 300003 1 10000000 5474 2110214 196745
1 300004 300004 1 10000000 6699 2780352 260675
1 310000 310000 1 10000000 1972 75490 9762
1 310001 310001 1 10000000 3440 797728 70976
1 310002 310002 1 10000000 4506 1528612 135950
1 310003 310003 1 10000000 5638 2254873 203788
1 310004 310004 1 10000000 6768 2965318 272774
1 320000 320000 1 10000000 1934 79112 10056
1 320001 320001 1 10000000 3503 853379 71817
1 320002 320002 1 10000000 4789 1633817 140984
1 320003 320003 1 10000000 6661 2402996 213549
1 320004 320004 1 10000000 6888 3174367 288969
1 330000 330000 1 10000000 1932 84473 10616
1 330001 330001 1 10000000 3598 900869 73967
1 330002 330002 1 10000000 4739 1737984 145578
1 330003 330003 1 10000000 5975 2562093 219458
1 330004 330004 1 10000000 7064 3371211 295002
1 340000 340000 1 10000000 1936 91031 10892
1 340001 340001 1 10000000 3642 963788 76641
1 340002 340002 1 10000000 4938 1823416 150963
1 340003 340003 1 10000000 6060 2727952 231389
1 340004 340004 1 10000000 7452 3591454 309120
1 350000 350000 1 10000000 1955 97079 11123
1 350001 350001 1 10000000 3708 1060254 79410
1 350002 350002 1 10000000 5050 2781483 257183
1 350003 350003 1 10000000 7105 4215155 325894
1 350004 350004 1 10000000 7997 4167369 402741
1 360000 360000 1 10000000 1976 102808 15686
1 360001 360001 1 10000000 9168 1235112 86438
1 360002 360002 1 10000000 5259 2085775 174927
1 360003 360003 1 10000000 9317 4006148 297436
1 360004 360004 1 10000000 8345 4762835 388464
1 370000 370000 1 10000000 2394 142293 16255
1 370001 370001 1 10000000 3794 1167736 92779
1 370002 370002 1 10000000 5239 2383155 252135
1 370003 370003 1 10000000 6422 4850217 313691
1 370004 370004 1 10000000 9210 4948031 357179
1 380000 380000 1 10000000 2007 120693 13013
1 380001 380001 1 10000000 5349 1314215 95187
1 380002 380002 1 10000000 5487 2444240 181971
1 380003 380003 1 10000000 6584 3630893 264595
1 380004 380004 1 10000000 7897 4522434 362079
1 390000 390000 1 10000000 2021 123691 13755
1 390001 390001 1 10000000 4083 2887980 162517
1 390002 390002 1 10000000 5203 2992440 185786
1 390003 390003 1 10000000 10106 4878344 301862
1 390004 390004 1 10000000 8352 5366676 473058
1 400000 400000 1 10000000 2005 126579 13132
1 400001 400001 1 10000000 3973 1471871 123034
1 400002 400002 1 10000000 5823 2608750 193398
1 400003 400003 1 10000000 7028 3852465 425620
1 400004 400004 1 10000000 8449 5093728 406428
1 410000 410000 1 10000000 2126 131989 13434
1 410001 410001 1 10000000 4123 1415237 117364
1 410002 410002 1 10000000 9926 2931705 201107
1 410003 410003 1 10000000 7121 4054329 400439
1 410004 410004 1 10000000 8506 5229310 402841
1 420000 420000 1 10000000 2103 141309 13728
1 420001 420001 1 10000000 4307 1468348 96825
1 420002 420002 1 10000000 5960 2805218 193149
1 420003 420003 1 10000000 7229 4156307 292983
1 420004 420004 1 10000000 8618 5477100 391347
1 430000 430000 1 10000000 2172 149216 14321
1 430001 430001 1 10000000 4317 1557753 101150
1 430002 430002 1 10000000 5762 2965520 196933
1 430003 430003 1 10000000 7289 4469601 406271
1 430004 430004 1 10000000 9538 5948444 398151
1 440000 440000 1 10000000 2032 149928 14597
1 440001 440001 1 10000000 4250 1624142 102045
1 440002 440002 1 10000000 5910 3084424 203273
1 440003 440003 1 10000000 7547 4573253 308410
1 440004 440004 1 10000000 9170 6022163 405155
1 450000 450000 1 10000000 2134 156830 14800
1 450001 450001 1 10000000 4318 1689230 106598
1 450002 450002 1 10000000 5912 3220381 205314
1 450003 450003 1 10000000 7499 4754130 309458
1 450004 450004 1 10000000 9919 6672297 451685
1 460000 460000 1 10000000 4716 176081 16810
1 460001 460001 1 10000000 5052 1867510 119578
1 460002 460002 1 10000000 6691 3881999 229864
1 460003 460003 1 10000000 7698 4969969 322561
1 460004 460004 1 10000000 9515 6842950 440978
1 470000 470000 1 10000000 2145 176580 16558
1 470001 470001 1 10000000 6117 1985051 112101
1 470002 470002 1 10000000 6207 3549950 217132
1 470003 470003 1 10000000 9587 5436824 371222
1 470004 470004 1 10000000 9519 7140853 456094
1 480000 480000 1 10000000 2105 182399 15699
1 480001 480001 1 10000000 4616 1937365 113831
1 480002 480002 1 10000000 6261 3889233 261533
1 480003 480003 1 10000000 8132 5440743 334940
1 480004 480004 1 10000000 9474 7194054 461568
1 490000 490000 1 10000000 2221 183242 17759
1 490001 490001 1 10000000 4584 2017728 115066
1 490002 490002 1 10000000 6386 3818330 226868
1 490003 490003 1 10000000 8145 5648107 352352
1 490004 490004 1 10000000 9953 7596454 664866
1 500000 500000 1 10000000 2144 200859 17107
1 500001 500001 1 10000000 4656 2091139 120141
1 500002 500002 1 10000000 6436 4553282 294591
1 500003 500003 1 10000000 8286 6623857 354970
1 500004 500004 1 10000000 10215 8068189 481411
