0 0 0 10000000 82 19 12 85 89 17
1 0 1 10000000 83 77 23 80 53 13
1 0 2 10000000 89 101 17 83 17 13
0 3 3 10000000 85 18 14 103 114 19
1 3 4 10000000 92 114 19 82 56 13
1 3 5 10000000 87 92 16 83 17 13
0 6 6 10000000 83 17 13 88 99 16
1 6 7 10000000 90 99 18 82 58 12
1 6 8 10000000 90 89 19 82 17 12
0 9 9 10000000 85 17 13 92 102 17
1 9 10 10000000 89 118 17 84 61 12
1 9 11 10000000 88 96 17 84 16 13
0 12 12 10000000 84 16 12 92 103 16
1 12 13 10000000 89 111 19 83 62 14
1 12 14 10000000 149 125 25 168 22 13
0 15 15 10000000 83 17 13 92 97 17
1 15 16 10000000 87 103 18 84 56 14
1 15 17 10000000 89 112 17 84 17 13
0 18 18 10000000 89 19 14 103 117 22
1 18 19 10000000 98 123 21 91 65 14
1 18 20 10000000 92 97 21 86 18 13
0 21 21 10000000 85 21 14 91 107 22
1 21 22 10000000 90 99 18 84 56 11
1 21 23 10000000 89 83 19 81 17 12
0 24 24 10000000 84 16 12 90 98 17
1 24 25 10000000 90 106 23 84 56 14
1 24 26 10000000 98 108 26 91 23 15
0 27 27 10000000 86 17 13 92 97 19
1 27 28 10000000 89 105 21 87 58 11
1 27 29 10000000 90 101 17 86 16 13
0 30 30 10000000 83 19 13 91 95 18
1 30 31 10000000 91 103 20 84 54 13
1 30 32 10000000 85 79 16 83 17 13
0 33 33 10000000 84 16 13 92 97 17
1 33 34 10000000 90 107 19 85 60 13
1 33 35 10000000 91 102 17 87 20 13
0 36 36 10000000 85 16 12 90 100 16
1 36 37 10000000 89 104 19 86 59 13
1 36 38 10000000 90 95 20 83 17 14
0 39 39 10000000 83 17 13 94 97 16
1 39 40 10000000 101 105 22 87 57 14
1 39 41 10000000 89 88 19 84 16 12
0 42 42 10000000 85 18 12 94 100 21
1 42 43 10000000 88 133 23 170 64 14
1 42 44 10000000 91 96 17 90 18 13
0 45 45 10000000 83 16 16 91 105 20
1 45 46 10000000 93 113 980 89 60 19
1 45 47 10000000 88 93 17 86 15 13
0 48 48 10000000 84 16 12 94 105 21
1 48 49 10000000 93 108 22 87 63 12
1 48 50 10000000 88 93 19 88 17 12
0 51 51 10000000 88 18 13 104 129 18
1 51 52 10000000 88 105 24 88 64 13
1 51 53 10000000 87 90 17 88 16 16
0 54 54 10000000 82 16 12 92 96 16
1 54 55 10000000 90 98 18 88 66 13
1 54 56 10000000 85 87 16 84 18 12
0 57 57 10000000 83 16 13 94 96 16
1 57 58 10000000 94 115 20 91 58 13
1 57 59 10000000 96 94 16 89 18 12
0 60 60 10000000 85 19 13 95 110 17
1 60 61 10000000 90 105 19 91 57 12
1 60 62 10000000 86 89 17 85 17 13
0 63 63 10000000 88 16 13 96 100 18
1 63 64 10000000 92 105 19 90 64 13
1 63 65 10000000 85 87 16 86 17 12
0 66 66 10000000 87 19 12 97 99 15
1 66 67 10000000 93 107 18 94 59 14
1 66 68 10000000 93 93 16 92 18 12
0 69 69 10000000 84 18 13 100 102 17
1 69 70 10000000 90 100 20 89 59 12
1 69 71 10000000 87 93 19 90 17 13
0 72 72 10000000 87 17 13 97 100 17
1 72 73 10000000 91 106 20 89 64 14
1 72 74 10000000 93 98 17 92 17 12
0 75 75 10000000 90 19 13 98 106 18
1 75 76 10000000 109 133 20 96 61 14
1 75 77 10000000 89 99 20 92 17 13
0 78 78 10000000 90 21 14 156 187 23
1 78 79 10000000 94 114 20 94 60 15
1 78 80 10000000 101 101 17 90 17 14
0 81 81 10000000 87 17 13 102 102 20
1 81 82 10000000 92 108 20 94 59 13
1 81 83 10000000 92 1198 22 93 21 17
0 84 84 10000000 85 17 12 101 155 16
1 84 85 10000000 94 110 18 95 58 15
1 84 86 10000000 95 95 16 92 19 13
0 87 87 10000000 89 17 13 107 108 19
1 87 88 10000000 94 117 23 97 66 14
1 87 89 10000000 93 106 17 95 19 12
0 90 90 10000000 140 21 19 148 195 27
1 90 91 10000000 96 118 20 99 69 14
1 90 92 10000000 93 94 20 93 17 13
0 93 93 10000000 86 16 12 99 109 20
1 93 94 10000000 91 110 20 92 58 13
1 93 95 10000000 95 99 18 94 17 14
0 96 96 10000000 87 19 12 99 105 18
1 96 97 10000000 99 122 25 95 72 15
1 96 98 10000000 95 91 21 92 18 13
0 99 99 10000000 82 17 12 97 100 16
1 99 100 10000000 101 119 22 95 63 13
1 99 101 10000000 95 95 17 94 20 12
1 99 102 10000000 92 218 80 90 95 101
0 103 103 10000000 90 20 13 99 100 19
1 103 104 10000000 101 115 21 103 72 13
1 103 105 10000000 94 93 18 96 18 15
0 106 106 10000000 87 15 13 100 100 17
1 106 107 10000000 99 113 20 95 67 12
1 106 108 10000000 94 97 17 96 17 12
0 109 109 10000000 84 17 13 100 114 17
1 109 110 10000000 89 105 20 94 62 13
1 109 111 10000000 97 103 16 94 17 12
1 109 112 10000000 95 246 81 94 92 102
0 113 113 10000000 140 25 16 165 160 33
1 113 114 10000000 91 112 20 95 66 14
1 113 115 10000000 96 106 19 96 19 13
0 116 116 10000000 86 21 13 108 111 18
1 116 117 10000000 96 122 21 95 72 14
1 116 118 10000000 88 91 18 89 16 14
0 119 119 10000000 84 17 12 103 107 16
1 119 120 10000000 98 98 19 92 54 12
1 119 121 10000000 101 104 17 94 17 12
1 119 122 10000000 94 215 76 90 89 90
0 123 123 10000000 84 17 13 101 98 18
1 123 124 10000000 89 100 21 98 62 13
1 123 125 10000000 89 87 17 89 17 12
0 126 126 10000000 85 17 12 104 104 17
1 126 127 10000000 93 109 20 92 58 14
1 126 128 10000000 89 95 16 93 17 12
0 129 129 10000000 83 17 11 102 106 21
1 129 130 10000000 90 105 21 91 52 13
1 129 131 10000000 88 87 18 90 16 16
1 129 132 10000000 92 209 78 93 85 89
0 133 133 10000000 85 19 15 100 104 19
1 133 134 10000000 95 115 21 93 53 13
1 133 135 10000000 92 96 16 98 16 12
1 133 136 10000000 92 216 79 98 84 91
0 137 137 10000000 88 19 14 122 141 18
1 137 138 10000000 94 114 18 97 62 14
1 137 139 10000000 95 101 18 92 17 14
1 137 140 10000000 102 226 74 97 111 89
0 141 141 10000000 106 18 14 117 144 19
1 141 142 10000000 91 111 20 98 67 13
1 141 143 10000000 97 114 21 98 18 13
1 141 144 10000000 97 209 61 94 106 103
0 145 145 10000000 117 19 15 309 167 21
1 145 146 10000000 91 92 19 94 56 13
1 145 147 10000000 95 113 17 97 18 12
1 145 148 10000000 93 205 79 95 89 96
0 149 149 10000000 88 21 13 106 343 20
1 149 150 10000000 91 111 25 98 59 13
1 149 151 10000000 91 91 16 94 16 13
1 149 152 10000000 91 208 79 94 87 95
0 153 153 10000000 85 20 14 103 100 19
1 153 154 10000000 90 112 26 95 69 13
1 153 155 10000000 92 95 18 101 17 14
1 153 156 10000000 96 211 78 97 86 94
0 157 157 10000000 88 18 14 104 103 20
1 157 158 10000000 97 114 28 101 69 14
1 157 159 10000000 89 93 23 92 16 13
1 157 160 10000000 93 228 85 94 90 95
0 161 161 10000000 112 17 14 109 128 19
1 161 162 10000000 95 114 20 101 62 13
1 161 163 10000000 92 96 17 95 17 13
0 164 164 10000000 91 17 14 99 107 19
1 164 165 10000000 96 108 21 100 63 15
1 164 166 10000000 95 124 18 95 18 72
0 167 167 10000000 85 17 13 103 102 18
1 167 168 10000000 98 123 27 105 68 13
1 167 169 10000000 133 115 17 929 18 14
0 170 170 10000000 83 17 14 107 104 17
1 170 171 10000000 90 117 21 94 60 13
1 170 172 10000000 88 90 18 93 17 12
0 173 173 10000000 87 16 12 101 99 16
1 173 174 10000000 92 108 24 96 59 15
1 173 175 10000000 89 95 17 101 18 13
0 176 176 10000000 88 16 13 104 109 21
1 176 177 10000000 97 112 24 98 61 13
1 176 178 10000000 96 96 21 99 17 13
0 179 179 10000000 83 17 13 105 107 20
1 179 180 10000000 97 111 21 103 68 13
1 179 181 10000000 89 94 20 97 16 13
0 182 182 10000000 86 20 13 109 103 19
1 182 183 10000000 91 100 20 99 60 14
1 182 184 10000000 89 85 16 98 16 12
0 185 185 10000000 157 26 22 175 181 35
1 185 186 10000000 97 219 59 99 114 117
1 185 187 10000000 91 100 19 98 16 16
0 188 188 10000000 89 17 15 112 115 17
1 188 189 10000000 90 112 19 103 59 14
1 188 190 10000000 90 88 19 95 17 13
0 191 191 10000000 87 16 13 111 95 17
1 191 192 10000000 90 99 18 101 57 13
1 191 193 10000000 88 92 15 96 18 13
0 194 194 10000000 87 18 15 105 101 16
1 194 195 10000000 91 107 20 100 66 12
1 194 196 10000000 90 94 17 100 17 12
0 197 197 10000000 84 17 13 107 100 16
1 197 198 10000000 87 99 19 101 59 13
1 197 199 10000000 88 86 16 96 16 13
0 200 200 10000000 83 17 12 107 99 17
1 200 201 10000000 88 104 18 104 59 12
1 200 202 10000000 91 98 20 101 17 12
0 203 203 10000000 88 17 12 110 100 17
1 203 204 10000000 88 102 20 99 60 12
1 203 205 10000000 88 88 16 99 19 13
0 206 206 10000000 83 17 13 111 103 16
1 206 207 10000000 88 109 21 101 61 13
1 206 208 10000000 88 83 18 96 17 13
0 209 209 10000000 83 17 13 108 100 17
1 209 210 10000000 93 110 22 99 68 13
1 209 211 10000000 93 98 17 101 17 13
0 212 212 10000000 85 17 12 110 100 17
1 212 213 10000000 88 101 21 102 65 13
1 212 214 10000000 87 89 16 101 16 13
0 215 215 10000000 84 17 13 113 108 17
1 215 216 10000000 89 105 17 106 59 13
1 215 217 10000000 88 86 16 98 18 13
0 218 218 10000000 84 18 14 109 103 16
1 218 219 10000000 99 111 19 108 65 12
1 218 220 10000000 87 123 22 115 19 14
0 221 221 10000000 103 19 13 119 115 20
1 221 222 10000000 89 104 20 99 65 13
1 221 223 10000000 87 87 17 100 17 13
0 224 224 10000000 83 18 13 111 104 16
1 224 225 10000000 89 110 20 102 62 12
1 224 226 10000000 89 95 18 101 20 12
0 227 227 10000000 84 16 16 109 105 17
1 227 228 10000000 93 191 66 99 92 80
1 227 229 10000000 86 82 16 97 17 12
0 230 230 10000000 83 22 18 116 118 36
1 230 231 10000000 87 101 20 104 199 114
1 230 232 10000000 89 102 18 105 188 113
0 233 233 10000000 83 17 13 114 103 19
1 233 234 10000000 88 108 22 111 60 13
1 233 235 10000000 86 90 18 101 17 15
0 236 236 10000000 83 16 12 116 98 16
1 236 237 10000000 91 107 21 106 65 14
1 236 238 10000000 87 91 18 108 16 14
0 239 239 10000000 83 16 14 120 102 16
1 239 240 10000000 90 196 60 106 78 75
1 239 241 10000000 89 93 24 106 18 14
0 242 242 10000000 83 17 12 125 109 34
1 242 243 10000000 97 112 19 116 66 13
1 242 244 10000000 89 111 20 113 68 15
1 242 245 10000000 93 172 62 110 73 76
0 246 246 10000000 115 17 12 87 103 16
1 246 247 10000000 110 106 19 85 55 13
1 246 248 10000000 119 98 18 81 17 13
0 249 249 10000000 113 16 13 88 105 18
1 249 250 10000000 111 106 19 88 58 14
1 249 251 10000000 116 99 19 80 16 13
1 249 252 10000000 113 194 75 82 66 53
0 253 253 10000000 112 16 16 89 99 16
1 253 254 10000000 112 94 19 81 61 14
1 253 255 10000000 112 98 23 82 62 13
0 256 256 10000000 115 18 16 97 99 16
1 256 257 10000000 116 113 20 92 62 13
1 256 258 10000000 112 109 20 88 56 13
0 259 259 10000000 116 16 13 96 101 17
1 259 260 10000000 113 103 19 91 56 12
1 259 261 10000000 108 80 18 85 17 13
0 262 262 10000000 114 17 12 99 102 17
1 262 263 10000000 112 104 17 89 58 13
1 262 264 10000000 118 99 20 93 17 14
0 265 265 10000000 115 26 25 95 107 17
1 265 266 10000000 115 205 69 87 69 56
1 265 267 10000000 114 100 25 89 20 16
0 268 268 10000000 118 16 14 104 103 16
1 268 269 10000000 117 116 26 96 71 15
1 268 270 10000000 112 112 31 93 72 17
1 268 271 10000000 114 114 20 100 64 13
0 272 272 10000000 125 20 17 108 102 40
1 272 273 10000000 113 102 21 95 59 12
1 272 274 10000000 514 110 24 97 271 13
0 275 275 10000000 117 17 15 109 108 17
1 275 276 10000000 120 123 21 98 64 14
1 275 277 10000000 113 99 16 151 19 12
0 278 278 10000000 119 17 13 112 110 17
1 278 279 10000000 116 114 17 99 61 12
1 278 280 10000000 109 91 16 95 18 12
0 281 281 10000000 116 17 12 108 108 19
1 281 282 10000000 117 113 20 98 61 13
1 281 283 10000000 112 99 17 103 17 13
0 284 284 10000000 114 27 27 114 108 17
1 284 285 10000000 115 120 20 103 63 13
1 284 286 10000000 109 86 18 99 17 13
0 287 287 10000000 115 27 28 105 113 17
1 287 288 10000000 113 104 19 98 58 14
1 287 289 10000000 109 97 19 98 18 13
0 290 290 10000000 115 16 12 108 101 17
1 290 291 10000000 116 114 27 102 69 15
1 290 292 10000000 107 120 34 102 70 21
1 290 293 10000000 113 108 17 100 54 12
0 294 294 10000000 119 21 19 116 120 47
1 294 295 10000000 108 98 19 107 59 12
1 294 296 10000000 111 111 18 104 64 13
0 297 297 10000000 116 15 12 112 98 17
1 297 298 10000000 112 111 26 113 65 14
1 297 299 10000000 112 105 36 111 72 19
1 297 300 10000000 110 107 22 107 72 13
0 301 301 10000000 118 18 13 114 108 20
1 301 302 10000000 115 112 21 109 67 13
1 301 303 10000000 110 103 16 103 16 14
0 304 304 10000000 118 71 28 117 162 51
1 304 305 10000000 117 122 32 112 73 17
1 304 306 10000000 112 97 24 99 20 18
0 307 307 10000000 123 18 16 119 96 17
1 307 308 10000000 110 107 20 106 59 13
1 307 309 10000000 107 92 18 101 17 13
0 310 310 10000000 121 18 13 93 109 16
1 310 311 10000000 122 110 26 88 55 16
1 310 312 10000000 126 99 17 86 18 16
0 313 313 10000000 127 19 13 92 105 18
1 313 314 10000000 120 114 19 93 60 13
1 313 315 10000000 119 97 16 83 17 13
0 316 316 10000000 121 20 13 92 105 17
1 316 317 10000000 119 106 18 84 55 13
1 316 318 10000000 120 102 20 86 17 14
0 319 319 10000000 121 18 13 89 103 21
1 319 320 10000000 117 110 21 88 63 12
1 319 321 10000000 122 98 19 87 18 13
0 322 322 10000000 121 16 12 91 98 17
1 322 323 10000000 123 110 17 89 69 12
1 322 324 10000000 118 90 16 84 19 13
0 325 325 10000000 132 20 13 95 108 21
1 325 326 10000000 127 120 20 92 64 14
1 325 327 10000000 123 113 15 90 19 12
0 328 328 10000000 125 18 12 96 111 19
1 328 329 10000000 123 96 19 88 62 12
1 328 330 10000000 123 103 17 89 19 13
0 331 331 10000000 121 21 13 93 104 18
1 331 332 10000000 122 108 26 90 72 15
1 331 333 10000000 117 92 24 83 22 18
0 334 334 10000000 131 18 13 254 105 21
1 334 335 10000000 122 108 18 88 53 12
1 334 336 10000000 120 98 16 89 18 12
1 334 337 10000000 121 227 92 90 84 72
0 338 338 10000000 127 17 16 97 114 16
1 338 339 10000000 122 105 22 90 57 13
1 338 340 10000000 122 102 21 93 18 13
1 338 341 10000000 120 228 71 95 73 66
0 342 342 10000000 126 17 13 97 110 17
1 342 343 10000000 124 133 31 92 69 16
1 342 344 10000000 118 92 18 89 18 13
1 342 345 10000000 117 221 100 93 83 71
0 346 346 10000000 127 17 13 95 107 19
1 346 347 10000000 120 115 26 90 65 14
1 346 348 10000000 117 84 17 87 17 13
1 346 349 10000000 119 224 69 96 75 68
0 350 350 10000000 125 17 13 107 114 17
1 350 351 10000000 129 118 21 94 65 12
1 350 352 10000000 118 102 19 88 16 12
0 353 353 10000000 119 19 12 101 108 18
1 353 354 10000000 119 111 19 127 61 12
1 353 355 10000000 128 89 16 91 20 12
0 356 356 10000000 124 21 12 96 404 16
1 356 357 10000000 121 107 18 92 57 12
1 356 358 10000000 125 114 18 94 18 12
0 359 359 10000000 122 22 14 91 107 18
1 359 360 10000000 122 96 23 82 69 13
1 359 361 10000000 131 93 19 85 22 13
0 362 362 10000000 126 20 13 94 107 17
1 362 363 10000000 122 121 19 85 65 14
1 362 364 10000000 126 92 16 84 19 12
0 365 365 10000000 121 19 13 91 111 19
1 365 366 10000000 123 125 26 90 68 15
1 365 367 10000000 127 117 31 88 25 18
1 365 368 10000000 123 220 98 84 83 84
0 369 369 10000000 124 18 12 92 104 16
1 369 370 10000000 125 106 19 87 60 13
1 369 371 10000000 126 110 16 82 20 14
1 369 372 10000000 122 216 96 84 86 85
0 373 373 10000000 124 18 12 90 95 18
1 373 374 10000000 220 123 19 96 56 12
1 373 375 10000000 122 97 19 89 20 13
0 376 376 10000000 125 18 12 93 108 22
1 376 377 10000000 125 112 19 89 57 14
1 376 378 10000000 124 92 16 88 18 12
0 379 379 10000000 129 18 13 98 106 17
1 379 380 10000000 129 109 22 96 69 13
1 379 381 10000000 126 99 17 91 18 13
0 382 382 10000000 124 20 13 91 99 19
1 382 383 10000000 126 100 19 87 60 14
1 382 384 10000000 127 92 20 88 18 13
0 385 385 10000000 127 19 13 97 104 61
1 385 386 10000000 129 111 21 90 69 13
1 385 387 10000000 128 97 16 88 19 12
0 388 388 10000000 127 19 13 93 108 18
1 388 389 10000000 121 108 20 87 58 13
1 388 390 10000000 124 96 17 85 19 19
0 391 391 10000000 126 19 15 97 107 17
1 391 392 10000000 164 123 26 168 71 19
1 391 393 10000000 124 92 17 87 18 13
0 394 394 10000000 119 19 20 96 104 16
1 394 395 10000000 123 109 27 89 70 15
1 394 396 10000000 123 94 18 87 18 13
1 394 397 10000000 127 226 96 86 82 83
0 398 398 10000000 123 18 13 95 103 19
1 398 399 10000000 121 112 18 89 59 13
1 398 400 10000000 129 102 18 89 21 13
1 398 401 10000000 123 229 94 87 82 81
0 402 402 10000000 122 19 12 92 102 16
1 402 403 10000000 123 106 19 93 67 13
1 402 404 10000000 121 86 18 83 18 13
0 405 405 10000000 127 17 13 92 106 19
1 405 406 10000000 127 103 19 86 59 13
1 405 407 10000000 122 89 17 80 18 13
0 408 408 10000000 137 18 13 92 94 18
1 408 409 10000000 127 109 19 83 59 12
1 408 410 10000000 130 103 16 87 17 12
1 408 411 10000000 126 255 106 1604 85 84
0 412 412 10000000 134 20 13 91 112 20
1 412 413 10000000 131 117 18 88 63 13
1 412 414 10000000 179 105 25 86 23 13
1 412 415 10000000 123 233 101 84 83 82
0 416 416 10000000 133 16 12 98 98 22
1 416 417 10000000 127 110 18 86 66 12
1 416 418 10000000 124 92 16 85 16 13
0 419 419 10000000 132 17 12 91 105 20
1 419 420 10000000 133 109 18 89 68 13
1 419 421 10000000 130 103 16 88 17 13
0 422 422 10000000 131 17 15 98 109 17
1 422 423 10000000 124 109 18 88 64 13
1 422 424 10000000 132 117 1782 89 17 24
0 425 425 10000000 129 16 13 95 107 18
1 425 426 10000000 122 105 17 88 59 12
1 425 427 10000000 127 99 17 86 19 13
0 428 428 10000000 135 18 13 93 112 19
1 428 429 10000000 124 108 20 85 67 13
1 428 430 10000000 125 97 16 87 17 12
0 431 431 10000000 128 18 13 93 109 19
1 431 432 10000000 129 103 24 86 60 14
1 431 433 10000000 136 233 15 94 18 13
1 431 434 10000000 128 711 330 95 369 287
0 435 435 10000000 131 17 13 98 107 17
1 435 436 10000000 124 101 19 93 63 13
1 435 437 10000000 123 84 15 85 17 13
0 438 438 10000000 140 20 13 93 104 17
1 438 439 10000000 124 103 21 89 58 13
1 438 440 10000000 130 100 19 89 22 13
1 438 441 10000000 121 696 295 87 338 315
0 442 442 10000000 137 16 13 104 112 22
1 442 443 10000000 126 109 20 87 60 12
1 442 444 10000000 127 91 17 88 18 13
0 445 445 10000000 141 17 14 97 102 16
1 445 446 10000000 130 110 17 89 59 13
1 445 447 10000000 130 110 19 94 17 14
0 448 448 10000000 144 18 13 94 119 18
1 448 449 10000000 122 107 18 86 50 12
1 448 450 10000000 125 98 18 83 18 12
0 451 451 10000000 141 17 13 95 275 18
1 451 452 10000000 132 117 20 85 60 14
1 451 453 10000000 134 93 19 81 18 13
0 454 454 10000000 141 18 13 92 113 22
1 454 455 10000000 133 105 22 84 63 13
1 454 456 10000000 129 95 19 80 20 13
0 457 457 10000000 131 16 13 94 105 16
1 457 458 10000000 129 107 21 85 57 14
1 457 459 10000000 130 93 21 84 17 14
1 457 460 10000000 132 695 298 84 345 973
0 461 461 10000000 143 18 15 98 115 18
1 461 462 10000000 130 107 18 85 64 12
1 461 463 10000000 133 98 17 86 18 13
1 461 464 10000000 129 677 296 86 322 321
0 465 465 10000000 148 17 13 98 158 17
1 465 466 10000000 1759 119 18 89 62 16
1 465 467 10000000 131 105 18 677 17 13
0 468 468 10000000 1788 17 13 95 119 19
1 468 469 10000000 135 102 21 88 62 13
1 468 470 10000000 132 104 18 87 20 12
0 471 471 10000000 142 17 13 94 106 18
1 471 472 10000000 132 108 21 87 59 13
1 471 473 10000000 131 98 18 87 17 13
1 471 474 10000000 133 687 293 86 361 340
0 475 475 10000000 133 18 13 94 108 16
1 475 476 10000000 130 115 22 85 57 13
1 475 477 10000000 132 92 17 88 18 13
1 475 478 10000000 125 676 296 85 304 318
0 479 479 10000000 140 16 14 100 122 17
1 479 480 10000000 130 110 22 87 66 15
1 479 481 10000000 139 130 18 165 18 14
0 482 482 10000000 146 18 13 99 128 25
1 482 483 10000000 135 111 19 88 66 13
1 482 484 10000000 127 99 19 87 16 13
0 485 485 10000000 139 17 14 95 108 17
1 485 486 10000000 131 107 20 92 60 14
1 485 487 10000000 132 105 19 89 19 13
0 488 488 10000000 144 17 13 95 106 19
1 488 489 10000000 131 108 19 90 59 13
1 488 490 10000000 130 97 16 89 17 13
0 491 491 10000000 138 17 13 100 107 17
1 491 492 10000000 414 336 18 97 71 13
1 491 493 10000000 141 103 17 91 18 16
0 494 494 10000000 150 17 13 103 114 18
1 494 495 10000000 138 112 20 91 62 13
1 494 496 10000000 126 87 19 88 17 13
0 497 497 10000000 204 19 12 97 111 23
1 497 498 10000000 130 103 19 92 60 14
1 497 499 10000000 139 96 19 88 17 13
0 500 500 10000000 138 32 43 96 106 17
1 500 501 10000000 133 129 27 94 72 16
1 500 502 10000000 127 100 28 102 23 17
0 503 503 10000000 138 17 12 103 107 15
1 503 504 10000000 131 112 17 96 59 13
1 503 505 10000000 129 104 17 90 17 13
0 506 506 10000000 138 18 13 96 102 17
1 506 507 10000000 136 101 22 92 79 14
1 506 508 10000000 135 93 18 90 17 12
0 509 509 10000000 143 16 13 89 105 17
1 509 510 10000000 132 103 19 84 62 13
1 509 511 10000000 126 104 17 82 17 13
0 512 512 10000000 137 17 13 90 105 17
1 512 513 10000000 130 97 18 88 65 13
1 512 514 10000000 137 104 18 83 17 13
0 515 515 10000000 135 17 13 90 101 17
1 515 516 10000000 129 111 17 84 60 12
1 515 517 10000000 136 98 18 85 16 12
0 518 518 10000000 144 17 12 93 105 20
1 518 519 10000000 144 4653 21 109 57 13
1 518 520 10000000 135 100 16 87 17 15
0 521 521 10000000 172 16 12 96 106 18
1 521 522 10000000 130 105 19 87 59 13
1 521 523 10000000 134 92 22 88 17 14
1 521 524 10000000 128 224 98 84 79 72
0 525 525 10000000 146 16 16 100 113 17
1 525 526 10000000 133 109 20 86 63 12
1 525 527 10000000 141 103 16 85 16 12
1 525 528 10000000 130 226 101 85 81 73
0 529 529 10000000 144 16 13 107 108 16
1 529 530 10000000 126 95 20 95 54 13
1 529 531 10000000 132 114 21 96 67 15
1 529 532 10000000 132 112 17 97 62 13
0 533 533 10000000 135 35 24 111 123 89
1 533 534 10000000 129 115 21 102 62 13
1 533 535 10000000 132 105 17 109 18 13
1 533 536 10000000 130 258 103 100 100 97
0 537 537 10000000 147 17 12 113 100 18
1 537 538 10000000 221 124 19 105 59 13
1 537 539 10000000 125 82 16 97 20 12
1 537 540 10000000 125 258 107 99 99 95
0 541 541 10000000 143 72 33 124 113 49
1 541 542 10000000 135 114 27 106 69 18
1 541 543 10000000 126 97 25 97 20 17
0 544 544 10000000 140 22 12 116 99 17
1 544 545 10000000 126 111 32 103 67 14
1 544 546 10000000 130 98 25 103 21 18
0 547 547 10000000 143 20 14 116 109 19
1 547 548 10000000 126 107 19 108 60 14
1 547 549 10000000 127 88 17 100 18 16
1 547 550 10000000 133 219 93 104 82 68
0 551 551 10000000 138 19 12 115 98 15
1 551 552 10000000 134 107 19 104 58 13
1 551 553 10000000 130 97 16 103 17 13
1 551 554 10000000 130 222 94 101 80 69
0 555 555 10000000 137 17 13 114 103 17
1 555 556 10000000 134 102 18 107 59 12
1 555 557 10000000 142 82 20 103 17 13
0 558 558 10000000 148 18 13 120 109 18
1 558 559 10000000 129 99 19 102 59 13
1 558 560 10000000 130 89 19 101 16 14
0 561 561 10000000 135 17 11 114 105 16
1 561 562 10000000 130 114 18 106 65 12
1 561 563 10000000 128 103 17 110 16 18
0 564 564 10000000 143 18 12 131 129 17
1 564 565 10000000 129 105 18 104 57 14
1 564 566 10000000 126 89 18 105 17 13
0 567 567 10000000 144 17 13 98 106 19
1 567 568 10000000 162 105 17 233 58 13
1 567 569 10000000 129 86 17 80 17 13
0 570 570 10000000 140 16 12 92 104 20
1 570 571 10000000 133 115 19 111 58 12
1 570 572 10000000 152 132 19 101 19 13
0 573 573 10000000 136 17 13 93 106 17
1 573 574 10000000 129 109 20 84 63 13
1 573 575 10000000 137 101 18 87 17 12
0 576 576 10000000 142 20 12 93 103 18
1 576 577 10000000 140 108 21 87 65 13
1 576 578 10000000 132 93 17 88 106 13
0 579 579 10000000 132 16 12 90 102 17
1 579 580 10000000 135 107 20 90 55 12
1 579 581 10000000 126 93 18 89 16 13
0 582 582 10000000 142 17 13 95 105 18
1 582 583 10000000 134 113 22 87 63 14
1 582 584 10000000 282 267 46 172 44 16
0 585 585 10000000 143 17 13 95 107 18
1 585 586 10000000 129 111 23 88 61 13
1 585 587 10000000 219 93 17 84 20 13
1 585 588 10000000 132 221 95 85 88 96
0 589 589 10000000 143 19 17 103 107 18
1 589 590 10000000 129 113 21 88 65 13
1 589 591 10000000 129 104 16 89 17 14
1 589 592 10000000 129 246 97 83 92 96
0 593 593 10000000 148 17 15 334 130 18
1 593 594 10000000 136 103 20 99 63 13
1 593 595 10000000 164 475 21 266 132 13
0 596 596 10000000 137 18 15 107 97 18
1 596 597 10000000 129 94 22 100 62 13
1 596 598 10000000 132 110 18 104 61 13
0 599 599 10000000 136 16 12 116 103 18
1 599 600 10000000 247 137 17 104 63 13
1 599 601 10000000 133 105 19 101 17 13
0 602 602 10000000 159 18 14 130 120 20
1 602 603 10000000 128 117 18 101 73 12
1 602 604 10000000 131 103 19 102 25 12
1 602 605 10000000 128 226 95 98 87 91
0 606 606 10000000 165 24 13 143 124 21
1 606 607 10000000 130 106 22 107 57 13
1 606 608 10000000 130 99 21 113 20 13
1 606 609 10000000 131 263 101 279 90 94
0 610 610 10000000 137 19 12 122 102 18
1 610 611 10000000 160 113 25 111 66 15
1 610 612 10000000 129 104 21 110 17 12
1 610 613 10000000 141 271 102 129 88 91
0 614 614 10000000 140 18 13 115 113 19
1 614 615 10000000 134 123 24 119 76 15
1 614 616 10000000 127 93 17 101 18 13
1 614 617 10000000 136 240 98 109 89 92
0 618 618 10000000 135 18 13 118 578 19
1 618 619 10000000 136 534 18 104 68 12
1 618 620 10000000 139 96 18 103 16 12
0 621 621 10000000 159 17 13 265 133 18
1 621 622 10000000 131 111 20 106 64 13
1 621 623 10000000 137 122 20 467 17 129
0 624 624 10000000 159 21 13 129 134 21
1 624 625 10000000 128 114 18 108 67 13
1 624 626 10000000 131 97 18 105 17 13
0 627 627 10000000 149 20 13 127 103 19
1 627 628 10000000 338 123 22 116 61 16
1 627 629 10000000 129 102 21 105 17 12
0 630 630 10000000 145 66 21 116 115 47
1 630 631 10000000 130 115 25 112 74 15
1 630 632 10000000 126 91 20 107 17 13
0 633 633 10000000 143 17 13 124 101 17
1 633 634 10000000 197 197 25 328 120 16
1 633 635 10000000 127 95 16 106 20 12
1 633 636 10000000 128 403 199 132 148 245
0 637 637 10000000 136 17 16 111 105 18
1 637 638 10000000 131 108 24 105 65 15
1 637 639 10000000 132 86 17 102 18 14
1 637 640 10000000 129 410 192 107 875 629
0 641 641 10000000 139 16 13 89 109 18
1 641 642 10000000 137 105 20 84 64 13
1 641 643 10000000 134 99 20 85 19 13
0 644 644 10000000 140 18 14 89 100 20
1 644 645 10000000 138 110 27 84 69 15
1 644 646 10000000 131 92 17 81 17 13
0 647 647 10000000 138 16 16 90 99 17
1 647 648 10000000 134 119 28 86 73 14
1 647 649 10000000 140 111 20 89 16 17
1 647 650 10000000 136 238 100 85 88 88
0 651 651 10000000 178 20 13 110 127 23
1 651 652 10000000 132 108 21 84 60 14
1 651 653 10000000 127 95 16 85 16 13
0 654 654 10000000 137 16 15 97 106 17
1 654 655 10000000 133 113 20 86 66 13
1 654 656 10000000 129 90 15 83 16 12
1 654 657 10000000 316 453 116 88 108 88
0 658 658 10000000 138 16 15 92 97 15
1 658 659 10000000 133 113 27 93 68 14
1 658 660 10000000 137 106 24 86 20 17
0 661 661 10000000 142 17 13 95 106 21
1 661 662 10000000 136 108 20 97 61 13
1 661 663 10000000 142 102 18 89 18 12
0 664 664 10000000 154 16 12 93 105 16
1 664 665 10000000 136 102 22 94 64 12
1 664 666 10000000 131 88 17 83 16 13
0 667 667 10000000 155 19 13 97 96 18
1 667 668 10000000 142 118 25 88 73 14
1 667 669 10000000 134 90 16 88 17 14
0 670 670 10000000 145 17 14 99 97 17
1 670 671 10000000 135 107 32 89 68 15
1 670 672 10000000 128 130 28 84 21 17
1 670 673 10000000 130 246 105 89 88 88
0 674 674 10000000 145 43 54 97 104 16
1 674 675 10000000 129 109 25 92 69 14
1 674 676 10000000 137 112 25 91 20 17
1 674 677 10000000 134 263 97 126 83 76
0 678 678 10000000 144 20 12 102 103 15
1 678 679 10000000 131 104 17 97 68 13
1 678 680 10000000 132 91 16 98 16 12
1 678 681 10000000 129 244 93 95 79 70
0 682 682 10000000 174 20 18 117 137 21
1 682 683 10000000 127 101 20 96 55 12
1 682 684 10000000 134 89 17 90 17 13
0 685 685 10000000 160 23 14 106 109 23
1 685 686 10000000 131 110 27 100 72 14
1 685 687 10000000 266 111 18 98 17 13
1 685 688 10000000 131 242 103 112 86 85
0 689 689 10000000 146 16 13 105 105 18
1 689 690 10000000 135 107 26 98 80 13
1 689 691 10000000 130 99 25 97 19 16
0 692 692 10000000 141 19 13 105 108 19
1 692 693 10000000 131 102 21 99 65 12
1 692 694 10000000 131 93 20 96 17 12
0 695 695 10000000 148 17 13 118 115 21
1 695 696 10000000 130 116 27 100 73 15
1 695 697 10000000 154 262 22 98 20 16
0 698 698 10000000 149 16 13 109 106 21
1 698 699 10000000 129 107 30 97 72 15
1 698 700 10000000 132 95 16 108 17 13
1 698 701 10000000 138 258 101 100 88 85
0 702 702 10000000 146 17 13 110 109 19
1 702 703 10000000 128 105 18 101 61 13
1 702 704 10000000 131 89 16 97 17 13
1 702 705 10000000 137 242 100 101 85 85
0 706 706 10000000 151 16 12 109 111 17
1 706 707 10000000 129 102 21 106 59 12
1 706 708 10000000 139 100 17 96 17 13
1 706 709 10000000 133 261 110 116 88 86
0 710 710 10000000 142 37 59 110 108 18
1 710 711 10000000 142 124 26 104 61 13
1 710 712 10000000 133 617 20 101 18 18
1 710 713 10000000 136 255 102 101 85 86
0 714 714 10000000 139 16 14 89 106 19
1 714 715 10000000 133 96 19 85 54 12
1 714 716 10000000 144 99 18 86 18 14
0 717 717 10000000 145 17 12 90 104 16
1 717 718 10000000 139 103 19 93 57 13
1 717 719 10000000 131 88 17 83 20 12
1 717 720 10000000 136 253 111 88 90 87
0 721 721 10000000 143 16 12 97 107 19
1 721 722 10000000 135 103 30 84 70 14
1 721 723 10000000 132 97 17 86 21 13
0 724 724 10000000 139 16 12 91 102 17
1 724 725 10000000 140 249 104 83 89 93
1 724 726 10000000 501 110 16 90 19 13
0 727 727 10000000 140 17 12 103 102 19
1 727 728 10000000 134 113 19 90 59 14
1 727 729 10000000 134 100 19 89 20 13
0 730 730 10000000 146 19 14 104 103 17
1 730 731 10000000 132 113 20 95 65 14
1 730 732 10000000 134 90 17 89 16 16
0 733 733 10000000 146 18 14 112 112 21
1 733 734 10000000 141 104 20 94 59 12
1 733 735 10000000 132 95 18 93 17 13
0 736 736 10000000 138 20 13 105 108 17
1 736 737 10000000 134 105 25 92 67 14
1 736 738 10000000 135 96 27 94 20 17
0 739 739 10000000 138 26 27 107 110 16
1 739 740 10000000 133 113 28 98 76 17
1 739 741 10000000 134 104 25 91 20 17
1 739 742 10000000 137 289 111 94 106 105
0 743 743 10000000 147 16 14 103 116 17
1 743 744 10000000 140 113 26 96 70 15
1 743 745 10000000 133 96 20 95 16 14
1 743 746 10000000 150 285 123 99 106 102
0 747 747 10000000 144 27 27 104 107 19
1 747 748 10000000 134 116 27 100 74 20
1 747 749 10000000 137 112 29 101 21 18
0 750 750 10000000 147 24 27 178 100 18
1 750 751 10000000 132 106 26 98 71 18
1 750 752 10000000 135 107 29 105 20 17
1 750 753 10000000 177 366 129 141 121 102
0 754 754 10000000 142 17 13 111 104 17
1 754 755 10000000 139 116 27 100 77 15
1 754 756 10000000 133 109 26 103 20 17
1 754 757 10000000 133 265 116 95 103 100
0 758 758 10000000 141 39 71 108 98 17
1 758 759 10000000 131 113 22 100 64 19
1 758 760 10000000 131 90 17 99 17 13
0 761 761 10000000 144 77 43 107 105 29
1 761 762 10000000 133 97 17 100 54 12
1 761 763 10000000 137 90 17 93 16 13
1 761 764 10000000 135 238 108 95 93 98
0 765 765 10000000 149 18 14 110 110 18
1 765 766 10000000 134 104 19 101 56 14
1 765 767 10000000 129 92 16 99 19 12
1 765 768 10000000 132 234 113 94 89 97
0 769 769 10000000 143 34 44 107 104 17
1 769 770 10000000 138 105 18 108 59 13
1 769 771 10000000 133 88 16 96 17 13
0 772 772 10000000 147 15 12 112 99 17
1 772 773 10000000 141 111 19 99 61 14
1 772 774 10000000 129 104 17 101 18 13
0 775 775 10000000 161 19 14 112 118 21
1 775 776 10000000 131 117 25 96 71 14
1 775 777 10000000 131 98 29 98 21 16
0 778 778 10000000 140 20 13 114 89 18
1 778 779 10000000 132 112 25 105 72 17
1 778 780 10000000 133 93 18 94 18 12
0 781 781 10000000 145 16 13 86 102 17
1 781 782 10000000 137 108 32 82 69 15
1 781 783 10000000 141 99 34 81 20 17
0 784 784 10000000 149 21 12 89 102 17
1 784 785 10000000 137 124 31 84 71 17
1 784 786 10000000 135 105 27 82 20 15
0 787 787 10000000 167 21 14 109 134 21
1 787 788 10000000 139 123 23 85 69 13
1 787 789 10000000 181 109 18 87 17 14
0 790 790 10000000 151 17 13 98 110 17
1 790 791 10000000 136 103 18 88 59 13
1 790 792 10000000 137 86 21 82 17 13
0 793 793 10000000 151 17 12 89 104 18
1 793 794 10000000 137 112 18 90 59 14
1 793 795 10000000 144 108 20 86 18 13
0 796 796 10000000 151 18 14 511 120 17
1 796 797 10000000 141 133 27 184 73 15
1 796 798 10000000 152 114 19 88 19 15
0 799 799 10000000 150 17 13 93 112 19
1 799 800 10000000 138 109 17 86 61 14
1 799 801 10000000 139 98 16 87 17 13
0 802 802 10000000 146 17 18 102 110 19
1 802 803 10000000 155 111 18 88 61 13
1 802 804 10000000 134 90 16 89 17 14
0 805 805 10000000 157 16 13 95 107 16
1 805 806 10000000 145 110 18 92 55 13
1 805 807 10000000 136 88 15 85 18 13
0 808 808 10000000 146 20 16 183 109 16
1 808 809 10000000 138 114 25 88 67 15
1 808 810 10000000 141 108 27 92 20 16
0 811 811 10000000 151 18 13 94 115 17
1 811 812 10000000 137 107 19 87 59 13
1 811 813 10000000 137 101 17 89 19 14
0 814 814 10000000 147 16 12 98 103 16
1 814 815 10000000 144 114 26 88 65 14
1 814 816 10000000 141 106 27 90 22 16
0 817 817 10000000 144 23 13 95 105 18
1 817 818 10000000 140 114 27 90 75 15
1 817 819 10000000 139 101 28 90 22 16
0 820 820 10000000 145 17 13 92 108 18
1 820 821 10000000 138 109 19 88 55 13
1 820 822 10000000 144 108 21 95 18 14
0 823 823 10000000 157 17 14 88 108 18
1 823 824 10000000 143 112 31 82 135 15
1 823 825 10000000 151 109 37 84 19 16
0 826 826 10000000 161 18 13 94 106 18
1 826 827 10000000 143 117 28 85 76 21
1 826 828 10000000 139 259 29 192 22 17
0 829 829 10000000 162 20 13 92 102 17
1 829 830 10000000 140 113 27 85 70 17
1 829 831 10000000 137 288 29 80 23 16
0 832 832 10000000 168 29 30 95 111 19
1 832 833 10000000 142 115 27 87 67 15
1 832 834 10000000 140 102 30 87 22 17
0 835 835 10000000 152 39 59 91 105 16
1 835 836 10000000 142 113 18 91 61 13
1 835 837 10000000 137 93 19 83 19 13
0 838 838 10000000 160 35 56 89 107 17
1 838 839 10000000 145 105 19 88 66 13
1 838 840 10000000 140 85 17 84 17 12
0 841 841 10000000 156 38 60 95 104 20
1 841 842 10000000 146 109 19 92 59 13
1 841 843 10000000 140 91 18 86 18 13
0 844 844 10000000 150 25 27 92 98 17
1 844 845 10000000 137 103 19 86 58 13
1 844 846 10000000 139 90 19 85 17 13
0 847 847 10000000 158 26 29 89 102 19
1 847 848 10000000 148 117 29 91 193 19
1 847 849 10000000 143 96 27 83 20 16
0 850 850 10000000 186 34 39 108 137 21
1 850 851 10000000 139 110 24 86 68 14
1 850 852 10000000 140 102 26 90 21 18
0 853 853 10000000 154 28 30 91 102 18
1 853 854 10000000 141 115 30 88 75 17
1 853 855 10000000 138 103 28 89 20 17
0 856 856 10000000 161 28 31 93 101 19
1 856 857 10000000 144 108 27 86 62 14
1 856 858 10000000 139 131 33 86 20 1106
0 859 859 10000000 152 27 27 92 103 17
1 859 860 10000000 148 125 28 89 70 19
1 859 861 10000000 141 112 26 89 24 16
0 862 862 10000000 160 38 64 92 104 20
1 862 863 10000000 139 116 26 87 76 21
1 862 864 10000000 138 156 15 91 17 13
0 865 865 10000000 155 40 62 89 100 18
1 865 866 10000000 155 103 19 81 64 13
1 865 867 10000000 140 98 17 80 17 13
0 868 868 10000000 154 38 60 89 101 18
1 868 869 10000000 140 102 18 83 58 13
1 868 870 10000000 156 101 18 83 20 13
0 871 871 10000000 154 17 13 92 104 18
1 871 872 10000000 160 107 20 86 65 11
1 871 873 10000000 138 96 18 82 16 14
0 874 874 10000000 161 17 12 92 103 17
1 874 875 10000000 140 102 25 86 59 13
1 874 876 10000000 140 94 19 83 18 12
0 877 877 10000000 155 17 12 92 107 17
1 877 878 10000000 145 102 21 87 62 12
1 877 879 10000000 139 92 16 82 17 12
0 880 880 10000000 151 17 12 91 110 16
1 880 881 10000000 150 233 18 87 69 13
1 880 882 10000000 151 93 22 87 18 14
0 883 883 10000000 167 17 14 93 111 19
1 883 884 10000000 144 100 21 87 55 14
1 883 885 10000000 138 83 16 83 16 13
0 886 886 10000000 167 16 14 96 107 21
1 886 887 10000000 142 104 18 86 55 15
1 886 888 10000000 142 92 18 85 17 13
0 889 889 10000000 163 21 14 99 117 20
1 889 890 10000000 139 113 18 85 62 13
1 889 891 10000000 185 150 32 115 23 14
0 892 892 10000000 151 17 13 92 102 17
1 892 893 10000000 139 107 27 88 69 16
1 892 894 10000000 142 111 187 86 21 22
0 895 895 10000000 170 18 13 103 115 20
1 895 896 10000000 140 110 27 93 70 15
1 895 897 10000000 141 101 30 87 21 18
0 898 898 10000000 161 17 12 93 99 17
1 898 899 10000000 149 115 32 88 74 14
1 898 900 10000000 144 103 28 86 21 19
0 901 901 10000000 161 17 13 92 101 21
1 901 902 10000000 142 109 28 92 74 14
1 901 903 10000000 138 89 32 83 20 17
0 904 904 10000000 155 17 13 95 104 19
1 904 905 10000000 145 105 24 87 71 14
1 904 906 10000000 139 97 16 86 19 13
0 907 907 10000000 144 17 13 87 92 16
1 907 908 10000000 142 113 30 83 70 15
1 907 909 10000000 141 106 35 86 20 16
0 910 910 10000000 142 16 13 91 101 18
1 910 911 10000000 141 101 26 87 67 14
1 910 912 10000000 141 109 26 83 22 18
0 913 913 10000000 143 22 14 88 100 19
1 913 914 10000000 146 111 30 87 67 15
1 913 915 10000000 141 81 15 81 16 12
0 916 916 10000000 152 47 62 91 102 15
1 916 917 10000000 145 100 19 88 62 15
1 916 918 10000000 144 99 16 85 17 16
0 919 919 10000000 143 46 65 89 100 17
1 919 920 10000000 146 114 23 86 62 13
1 919 921 10000000 143 91 17 84 16 14
0 922 922 10000000 141 16 13 93 101 18
1 922 923 10000000 147 110 29 89 71 15
1 922 924 10000000 142 105 26 86 21 16
0 925 925 10000000 143 18 12 100 110 16
1 925 926 10000000 142 107 27 92 66 16
1 925 927 10000000 142 101 25 88 20 16
0 928 928 10000000 142 44 42 103 121 83
1 928 929 10000000 150 109 22 95 60 14
1 928 930 10000000 142 92 16 89 16 13
0 931 931 10000000 154 47 47 95 125 86
1 931 932 10000000 148 110 18 87 65 13
1 931 933 10000000 140 92 17 87 17 13
0 934 934 10000000 143 19 13 92 107 18
1 934 935 10000000 150 116 26 90 64 16
1 934 936 10000000 145 93 25 85 23 16
0 937 937 10000000 144 16 12 96 98 17
1 937 938 10000000 144 109 29 89 66 14
1 937 939 10000000 143 94 24 84 20 16
0 940 940 10000000 148 45 68 95 99 16
1 940 941 10000000 513 110 18 97 60 13
1 940 942 10000000 144 100 17 94 20 14
0 943 943 10000000 147 46 71 92 108 18
1 943 944 10000000 146 110 18 126 61 14
1 943 945 10000000 143 96 14 85 16 11
0 946 946 10000000 142 16 13 94 107 18
1 946 947 10000000 147 116 21 94 62 13
1 946 948 10000000 143 103 19 89 18 14
0 949 949 10000000 141 18 14 89 109 18
1 949 950 10000000 145 115 35 89 71 14
1 949 951 10000000 148 100 18 91 20 13
0 952 952 10000000 139 17 12 89 115 19
1 952 953 10000000 145 107 18 81 67 13
1 952 954 10000000 142 79 17 83 20 12
0 955 955 10000000 136 19 12 90 101 17
1 955 956 10000000 142 106 18 85 58 12
1 955 957 10000000 141 87 18 85 17 14
0 958 958 10000000 140 17 15 90 103 19
1 958 959 10000000 147 108 21 88 58 14
1 958 960 10000000 157 144 19 96 19 15
0 961 961 10000000 142 18 14 93 99 17
1 961 962 10000000 147 106 24 86 70 14
1 961 963 10000000 145 93 16 89 17 12
0 964 964 10000000 138 17 16 93 106 18
1 964 965 10000000 145 116 30 90 81 14
1 964 966 10000000 186 98 16 90 17 12
0 967 967 10000000 140 16 15 94 103 16
1 967 968 10000000 339 325 18 91 61 13
1 967 969 10000000 153 94 17 86 17 14
0 970 970 10000000 159 19 13 550 144 21
1 970 971 10000000 144 246 26 87 64 15
1 970 972 10000000 144 120 25 91 20 18
0 973 973 10000000 145 17 13 99 105 19
1 973 974 10000000 142 110 26 90 69 15
1 973 975 10000000 140 95 27 84 21 16
0 976 976 10000000 140 34 53 90 105 18
1 976 977 10000000 148 114 21 90 70 13
1 976 978 10000000 142 90 16 84 18 14
0 979 979 10000000 155 16 14 93 103 17
1 979 980 10000000 141 110 26 94 70 15
1 979 981 10000000 142 86 16 87 17 13
0 982 982 10000000 148 25 28 95 105 21
1 982 983 10000000 152 112 27 89 84 16
1 982 984 10000000 151 127 29 94 20 17
0 985 985 10000000 150 36 53 96 102 16
1 985 986 10000000 143 109 18 89 69 14
1 985 987 10000000 359 116 17 97 17 13
0 988 988 10000000 144 28 32 92 171 17
1 988 989 10000000 141 110 28 88 75 19
1 988 990 10000000 144 100 28 85 21 18
0 991 991 10000000 145 27 32 90 113 18
1 991 992 10000000 144 112 32 86 76 18
1 991 993 10000000 168 107 40 91 22 18
0 994 994 10000000 144 29 196 89 110 19
1 994 995 10000000 140 109 28 84 77 14
1 994 996 10000000 144 96 17 82 19 14
0 997 997 10000000 140 27 33 88 101 18
1 997 998 10000000 144 107 28 85 70 15
1 997 999 10000000 145 104 25 82 25 17
0 1000 1000 10000000 143 30 28 90 97 19
1 1000 1001 10000000 142 112 33 88 68 16
1 1000 1002 10000000 142 99 25 87 24 16
0 1003 1003 10000000 141 40 61 89 101 16
1 1003 1004 10000000 143 292 28 90 69 14
1 1003 1005 10000000 148 88 16 86 20 13
0 1006 1006 10000000 152 40 64 89 136 19
1 1006 1007 10000000 144 109 21 86 71 13
1 1006 1008 10000000 141 659 18 87 21 365
0 1009 1009 10000000 149 38 60 89 93 18
1 1009 1010 10000000 144 107 20 84 53 13
1 1009 1011 10000000 144 103 18 88 18 12
0 1012 1012 10000000 141 39 60 93 103 17
1 1012 1013 10000000 153 114 18 219 60 13
1 1012 1014 10000000 140 89 17 85 18 13
0 1015 1015 10000000 143 17 13 90 106 18
1 1015 1016 10000000 146 101 19 88 60 13
1 1015 1017 10000000 144 91 16 83 17 14
0 1018 1018 10000000 145 37 59 92 99 20
1 1018 1019 10000000 145 100 19 90 61 13
1 1018 1020 10000000 139 87 16 85 17 13
0 1021 1021 10000000 146 16 14 93 97 18
1 1021 1022 10000000 145 105 18 89 58 12
1 1021 1023 10000000 144 92 18 87 16 12
0 1024 1024 10000000 146 37 59 93 105 18
1 1024 1025 10000000 141 106 20 88 62 13
1 1024 1026 10000000 145 84 16 86 16 13
0 1027 1027 10000000 142 17 13 96 107 19
1 1027 1028 10000000 144 110 27 89 65 18
1 1027 1029 10000000 148 102 25 92 21 15
0 1030 1030 10000000 147 17 13 96 110 18
1 1030 1031 10000000 139 2230 30 91 70 16
1 1030 1032 10000000 141 102 24 88 20 17
0 1033 1033 10000000 131 18 12 92 99 17
1 1033 1034 10000000 150 109 19 82 61 12
1 1033 1035 10000000 141 91 17 81 19 14
0 1036 1036 10000000 135 19 14 92 98 18
1 1036 1037 10000000 145 105 21 85 64 13
1 1036 1038 10000000 160 123 18 96 22 13
0 1039 1039 10000000 135 19 13 94 108 20
1 1039 1040 10000000 147 107 19 85 60 13
1 1039 1041 10000000 150 95 17 84 18 16
0 1042 1042 10000000 141 19 13 97 105 17
1 1042 1043 10000000 146 112 19 87 60 13
1 1042 1044 10000000 146 92 16 87 19 14
0 1045 1045 10000000 149 19 13 97 108 21
1 1045 1046 10000000 150 105 27 88 74 18
1 1045 1047 10000000 149 109 27 86 23 16
0 1048 1048 10000000 147 19 14 95 100 21
1 1048 1049 10000000 148 110 35 89 72 18
1 1048 1050 10000000 147 113 31 87 22 18
0 1051 1051 10000000 134 18 13 93 98 20
1 1051 1052 10000000 148 111 19 89 70 13
1 1051 1053 10000000 161 95 19 87 21 13
0 1054 1054 10000000 139 43 59 93 97 16
1 1054 1055 10000000 149 111 17 87 54 12
1 1054 1056 10000000 149 103 22 85 19 15
0 1057 1057 10000000 137 18 14 93 94 18
1 1057 1058 10000000 146 110 27 88 62 15
1 1057 1059 10000000 142 97 27 86 21 16
0 1060 1060 10000000 137 19 12 91 103 16
1 1060 1061 10000000 154 105 17 89 57 13
1 1060 1062 10000000 150 87 17 84 19 16
0 1063 1063 10000000 137 17 14 96 108 16
1 1063 1064 10000000 149 107 28 89 73 14
1 1063 1065 10000000 154 106 27 93 20 18
0 1066 1066 10000000 138 43 61 163 103 16
1 1066 1067 10000000 150 252 82 89 81 73
1 1066 1068 10000000 153 92 19 85 17 13
0 1069 1069 10000000 133 37 58 100 101 17
1 1069 1070 10000000 145 106 18 90 58 13
1 1069 1071 10000000 151 100 17 92 59 13
0 1072 1072 10000000 139 44 61 98 98 18
1 1072 1073 10000000 153 109 20 92 55 14
1 1072 1074 10000000 152 104 17 91 64 20
0 1075 1075 10000000 145 16 14 88 109 18
1 1075 1076 10000000 158 112 18 83 60 13
1 1075 1077 10000000 153 108 30 95 65 14
0 1078 1078 10000000 147 17 11 96 95 16
1 1078 1079 10000000 154 111 27 86 73 14
1 1078 1080 10000000 150 112 26 90 65 14
0 1081 1081 10000000 145 16 12 95 90 17
1 1081 1082 10000000 152 111 26 90 68 14
1 1081 1083 10000000 152 106 27 88 68 17
0 1084 1084 10000000 142 17 12 94 209 16
1 1084 1085 10000000 154 107 27 89 67 15
1 1084 1086 10000000 155 101 28 90 65 16
0 1087 1087 10000000 153 16 13 95 100 17
1 1087 1088 10000000 149 104 28 91 65 14
1 1087 1089 10000000 152 110 25 89 75 14
0 1090 1090 10000000 150 17 12 93 103 17
1 1090 1091 10000000 150 98 18 92 56 15
1 1090 1092 10000000 158 137 22 110 73 19
0 1093 1093 10000000 325 17 12 95 107 18
1 1093 1094 10000000 149 108 26 90 66 14
1 1093 1095 10000000 151 101 18 91 55 12
0 1096 1096 10000000 147 17 14 98 112 18
1 1096 1097 10000000 151 110 24 94 71 14
1 1096 1098 10000000 155 92 17 91 59 13
0 1099 1099 10000000 146 16 12 97 97 15
1 1099 1100 10000000 151 104 19 90 58 12
1 1099 1101 10000000 150 106 20 94 58 16
0 1102 1102 10000000 153 21 12 98 99 17
1 1102 1103 10000000 147 101 21 91 60 14
1 1102 1104 10000000 152 104 28 92 66 15
0 1105 1105 10000000 147 27 28 98 105 17
1 1105 1106 10000000 157 113 25 90 61 14
1 1105 1107 10000000 153 104 25 92 65 15
0 1108 1108 10000000 152 24 28 99 103 22
1 1108 1109 10000000 153 128 28 95 67 15
1 1108 1110 10000000 152 105 25 97 70 14
0 1111 1111 10000000 140 24 27 99 94 21
1 1111 1112 10000000 153 109 28 90 65 17
1 1111 1113 10000000 151 108 28 93 59 14
0 1114 1114 10000000 148 16 13 94 103 17
1 1114 1115 10000000 156 107 31 85 67 17
1 1114 1116 10000000 159 100 29 84 64 14
0 1117 1117 10000000 146 37 58 92 93 49
1 1117 1118 10000000 153 107 19 86 63 13
1 1117 1119 10000000 155 118 20 89 68 13
0 1120 1120 10000000 159 94 61 98 101 15
1 1120 1121 10000000 154 109 30 88 69 15
1 1120 1122 10000000 149 103 17 88 60 13
0 1123 1123 10000000 157 39 64 95 96 16
1 1123 1124 10000000 154 102 23 89 62 13
1 1123 1125 10000000 352 255 20 93 60 14
0 1126 1126 10000000 147 44 70 101 104 17
1 1126 1127 10000000 154 107 20 90 58 13
1 1126 1128 10000000 151 104 18 90 61 13
0 1129 1129 10000000 156 103 67 102 107 17
1 1129 1130 10000000 160 102 18 92 60 13
1 1129 1131 10000000 159 106 17 89 58 13
0 1132 1132 10000000 157 47 74 105 108 18
1 1132 1133 10000000 159 107 18 87 54 13
1 1132 1134 10000000 156 101 20 93 61 13
0 1135 1135 10000000 156 19 13 98 102 17
1 1135 1136 10000000 152 104 26 93 70 14
1 1135 1137 10000000 150 96 26 88 21 16
0 1138 1138 10000000 152 16 13 95 97 18
1 1138 1139 10000000 154 109 18 91 61 13
1 1138 1140 10000000 149 89 20 87 17 13
0 1141 1141 10000000 157 17 13 90 97 17
1 1141 1142 10000000 158 104 29 83 68 14
1 1141 1143 10000000 158 86 16 83 16 13
0 1144 1144 10000000 155 17 13 92 102 17
1 1144 1145 10000000 157 113 27 84 71 14
1 1144 1146 10000000 159 91 16 83 16 12
0 1147 1147 10000000 166 17 12 89 97 17
1 1147 1148 10000000 156 107 27 86 69 15
1 1147 1149 10000000 154 89 18 83 17 13
0 1150 1150 10000000 161 17 12 89 96 18
1 1150 1151 10000000 157 783 28 214 68 17
1 1150 1152 10000000 152 94 25 82 19 16
0 1153 1153 10000000 162 17 12 91 99 16
1 1153 1154 10000000 155 107 26 86 69 14
1 1153 1155 10000000 153 99 25 87 21 17
0 1156 1156 10000000 167 15 12 90 105 17
1 1156 1157 10000000 154 173 25 91 68 15
1 1156 1158 10000000 153 103 25 88 20 21
0 1159 1159 10000000 166 28 33 92 109 19
1 1159 1160 10000000 152 368 180 91 111 111
1 1159 1161 10000000 154 105 27 85 23 16
0 1162 1162 10000000 181 51 68 95 100 17
1 1162 1163 10000000 156 109 20 89 64 13
1 1162 1164 10000000 153 174 26 95 64 13
0 1165 1165 10000000 154 21 17 97 107 33
1 1165 1166 10000000 158 101 26 99 74 14
1 1165 1167 10000000 158 116 27 90 70 17
0 1168 1168 10000000 167 17 13 98 98 18
1 1168 1169 10000000 154 103 24 94 103 14
1 1168 1170 10000000 153 117 28 92 78 16
0 1171 1171 10000000 150 16 12 98 94 17
1 1171 1172 10000000 163 2008 34 96 82 18
1 1171 1173 10000000 153 111 27 92 71 16
0 1174 1174 10000000 159 17 12 97 115 32
1 1174 1175 10000000 157 100 26 91 69 14
1 1174 1176 10000000 164 101 25 91 71 14
0 1177 1177 10000000 164 17 12 87 99 17
1 1177 1178 10000000 156 114 31 84 70 17
1 1177 1179 10000000 155 105 27 84 67 21
0 1180 1180 10000000 163 17 13 94 102 17
1 1180 1181 10000000 160 102 29 87 72 18
1 1180 1182 10000000 163 102 24 89 64 13
0 1183 1183 10000000 168 19 12 96 103 16
1 1183 1184 10000000 162 105 22 91 72 15
1 1183 1185 10000000 158 111 23 93 66 16
0 1186 1186 10000000 164 26 30 98 103 20
1 1186 1187 10000000 158 154 1562 90 73 324
1 1186 1188 10000000 156 103 25 90 69 18
0 1189 1189 10000000 162 25 27 100 103 20
1 1189 1190 10000000 157 115 26 96 68 18
1 1189 1191 10000000 161 108 25 90 65 15
0 1192 1192 10000000 170 28 32 101 114 18
1 1192 1193 10000000 157 121 25 94 73 17
1 1192 1194 10000000 158 96 25 93 69 14
0 1195 1195 10000000 161 27 27 98 98 19
1 1195 1196 10000000 155 109 25 91 68 17
1 1195 1197 10000000 161 112 27 93 65 15
0 1198 1198 10000000 162 21 17 100 111 31
1 1198 1199 10000000 155 100 23 97 66 15
1 1198 1200 10000000 173 116 22 94 60 14
0 1201 1201 10000000 161 16 11 97 90 16
1 1201 1202 10000000 158 95 24 90 65 15
1 1201 1203 10000000 153 103 26 91 68 18
0 1204 1204 10000000 171 17 13 87 97 18
1 1204 1205 10000000 160 113 32 86 70 18
1 1204 1206 10000000 158 119 31 84 67 18
0 1207 1207 10000000 182 98 68 99 105 15
1 1207 1208 10000000 164 107 18 86 62 13
1 1207 1209 10000000 162 120 28 87 69 15
0 1210 1210 10000000 269 16 12 131 129 18
1 1210 1211 10000000 160 114 26 85 63 15
1 1210 1212 10000000 157 91 19 87 17 13
0 1213 1213 10000000 166 16 12 94 96 18
1 1213 1214 10000000 160 108 27 87 68 17
1 1213 1215 10000000 159 96 18 87 16 12
0 1216 1216 10000000 170 26 31 96 98 18
1 1216 1217 10000000 161 103 19 87 53 13
1 1216 1218 10000000 156 85 17 87 17 13
0 1219 1219 10000000 174 26 14 94 106 74
1 1219 1220 10000000 163 131 31 93 76 15
1 1219 1221 10000000 160 115 71 98 26 13
0 1222 1222 10000000 165 26 25 96 98 16
1 1222 1223 10000000 161 111 27 91 63 16
1 1222 1224 10000000 159 97 67 88 26 14
0 1225 1225 10000000 169 83 57 97 95 14
1 1225 1226 10000000 161 232 86 93 76 74
1 1225 1227 10000000 153 82 17 86 17 12
0 1228 1228 10000000 170 17 12 107 100 24
1 1228 1229 10000000 164 106 18 97 58 12
1 1228 1230 10000000 161 115 26 94 70 16
0 1231 1231 10000000 167 17 12 110 99 17
1 1231 1232 10000000 158 117 40 98 63 15
1 1231 1233 10000000 325 140 30 106 77 19
0 1234 1234 10000000 168 16 13 107 91 17
1 1234 1235 10000000 166 101 26 97 65 15
1 1234 1236 10000000 159 168 26 97 70 18
0 1237 1237 10000000 170 17 14 108 98 17
1 1237 1238 10000000 165 114 33 96 62 14
1 1237 1239 10000000 159 109 24 96 64 14
0 1240 1240 10000000 168 17 12 110 105 17
1 1240 1241 10000000 175 108 18 105 62 14
1 1240 1242 10000000 180 334 19 308 174 14
0 1243 1243 10000000 181 16 12 87 99 16
1 1243 1244 10000000 170 104 32 86 68 14
1 1243 1245 10000000 21710 155 34 115 74 17
0 1246 1246 10000000 184 26 30 97 103 35
1 1246 1247 10000000 224 124 447 88 1842 23
1 1246 1248 10000000 402 975 30 174 71 366
0 1249 1249 10000000 198 103 77 235 124 16
1 1249 1250 10000000 169 113 27 87 76 20
1 1249 1251 10000000 168 105 30 88 65 15
0 1252 1252 10000000 175 38 57 99 103 17
1 1252 1253 10000000 158 102 26 88 68 15
1 1252 1254 10000000 164 105 21 90 57 12
0 1255 1255 10000000 185 21 12 102 101 17
1 1255 1256 10000000 165 109 18 91 61 14
1 1255 1257 10000000 164 111 28 93 61 16
0 1258 1258 10000000 180 19 14 98 105 16
1 1258 1259 10000000 165 114 28 92 73 19
1 1258 1260 10000000 164 119 30 96 65 15
0 1261 1261 10000000 170 41 59 100 92 17
1 1261 1262 10000000 165 107 30 92 62 15
1 1261 1263 10000000 166 108 17 94 58 13
0 1264 1264 10000000 180 41 60 102 104 19
1 1264 1265 10000000 165 112 31 96 70 15
1 1264 1266 10000000 166 111 19 92 64 13
0 1267 1267 10000000 173 25 30 100 109 38
1 1267 1268 10000000 166 117 27 92 70 15
1 1267 1269 10000000 163 109 23 92 62 12
0 1270 1270 10000000 187 17 13 88 101 17
1 1270 1271 10000000 163 107 19 82 62 14
1 1270 1272 10000000 169 104 34 84 62 14
0 1273 1273 10000000 175 17 14 93 105 17
1 1273 1274 10000000 160 299 155 90 79 71
1 1273 1275 10000000 161 96 28 85 20 16
0 1276 1276 10000000 175 28 27 94 90 17
1 1276 1277 10000000 166 104 26 90 66 14
1 1276 1278 10000000 170 96 27 89 21 17
0 1279 1279 10000000 174 26 26 95 90 19
1 1279 1280 10000000 161 108 29 89 68 18
1 1279 1281 10000000 176 141 31 95 23 18
0 1282 1282 10000000 168 30 29 95 106 17
1 1282 1283 10000000 166 111 27 95 66 15
1 1282 1284 10000000 188 92 18 87 20 16
0 1285 1285 10000000 174 28 27 101 103 19
1 1285 1286 10000000 173 124 27 96 66 15
1 1285 1287 10000000 163 105 26 92 22 17
0 1288 1288 10000000 173 27 27 96 97 16
1 1288 1289 10000000 162 215 80 89 73 64
1 1288 1290 10000000 157 94 26 86 22 17
0 1291 1291 10000000 184 18 12 103 93 17
1 1291 1292 10000000 180 808 95 106 77 77
1 1291 1293 10000000 165 115 25 97 67 14
0 1294 1294 10000000 176 18 15 112 122 48
1 1294 1295 10000000 169 339 153 103 81 74
1 1294 1296 10000000 165 111 28 103 74 20
0 1297 1297 10000000 172 17 13 113 103 16
1 1297 1298 10000000 159 103 27 101 64 14
1 1297 1299 10000000 166 111 26 101 66 18
0 1300 1300 10000000 173 18 13 118 99 17
1 1300 1301 10000000 169 99 25 108 64 13
1 1300 1302 10000000 163 96 19 103 59 13
0 1303 1303 10000000 183 21 13 114 102 15
1 1303 1304 10000000 168 110 23 103 71 14
1 1303 1305 10000000 163 102 26 102 70 14
0 1306 1306 10000000 184 18 12 113 105 17
1 1306 1307 10000000 163 112 28 103 77 19
1 1306 1308 10000000 163 108 29 105 69 19
0 1309 1309 10000000 189 20 14 88 93 18
1 1309 1310 10000000 165 105 32 82 67 15
1 1309 1311 10000000 165 106 31 86 71 18
0 1312 1312 10000000 207 20 13 100 103 18
1 1312 1313 10000000 167 112 28 89 75 18
1 1312 1314 10000000 165 117 30 89 75 18
0 1315 1315 10000000 183 16 12 96 94 17
1 1315 1316 10000000 167 108 29 89 68 14
1 1315 1317 10000000 167 105 25 91 68 14
0 1318 1318 10000000 216 17 13 108 109 19
1 1318 1319 10000000 165 108 27 93 68 14
1 1318 1320 10000000 167 120 28 96 74 14
0 1321 1321 10000000 220 17 13 107 99 17
1 1321 1322 10000000 171 103 27 96 71 16
1 1321 1323 10000000 172 114 27 96 71 18
0 1324 1324 10000000 187 19 12 109 110 18
1 1324 1325 10000000 166 232 30 103 74 21
1 1324 1326 10000000 168 118 28 100 73 19
0 1327 1327 10000000 227 23 17 107 108 35
1 1327 1328 10000000 170 151 31 98 69 19
1 1327 1329 10000000 167 123 33 102 72 18
0 1330 1330 10000000 196 18 13 110 96 17
1 1330 1331 10000000 169 113 26 100 68 15
1 1330 1332 10000000 175 126 30 102 77 18
0 1333 1333 10000000 655 20 12 106 125 20
1 1333 1334 10000000 166 112 31 100 72 18
1 1333 1335 10000000 173 130 29 104 76 21
0 1336 1336 10000000 209 25 27 103 104 54
1 1336 1337 10000000 167 105 26 99 74 15
1 1336 1338 10000000 169 107 33 98 77 20
0 1339 1339 10000000 183 17 18 113 88 20
1 1339 1340 10000000 169 108 780 108 69 20
1 1339 1341 10000000 164 111 28 110 66 19
0 1342 1342 10000000 189 25 26 115 104 18
1 1342 1343 10000000 165 106 26 104 70 15
1 1342 1344 10000000 169 106 26 102 70 15
0 1345 1345 10000000 189 42 70 116 120 20
1 1345 1346 10000000 167 113 22 110 69 16
1 1345 1347 10000000 169 104 19 108 60 12
0 1348 1348 10000000 214 17 13 114 109 21
1 1348 1349 10000000 165 111 27 102 282 154
1 1348 1350 10000000 172 101 28 106 312 153
0 1351 1351 10000000 182 18 13 88 96 18
1 1351 1352 10000000 167 110 29 83 71 16
1 1351 1353 10000000 163 112 32 86 70 20
0 1354 1354 10000000 179 17 14 87 97 18
1 1354 1355 10000000 166 368 177 84 103 90
1 1354 1356 10000000 170 112 20 84 19 14
0 1357 1357 10000000 372 19 14 87 98 18
1 1357 1358 10000000 165 111 29 84 65 17
1 1357 1359 10000000 163 86 21 90 20 13
0 1360 1360 10000000 180 18 15 91 106 17
1 1360 1361 10000000 171 114 29 88 65 15
1 1360 1362 10000000 165 100 25 88 22 16
0 1363 1363 10000000 190 17 13 89 103 18
1 1363 1364 10000000 164 113 33 86 58 15
1 1363 1365 10000000 165 106 26 89 23 16
0 1366 1366 10000000 182 17 13 90 95 17
1 1366 1367 10000000 164 107 27 85 66 18
1 1366 1368 10000000 160 94 27 82 21 17
0 1369 1369 10000000 184 24 26 90 97 17
1 1369 1370 10000000 162 95 27 86 453 13
1 1369 1371 10000000 165 106 29 87 58 17
0 1372 1372 10000000 186 27 33 93 101 17
1 1372 1373 10000000 170 102 18 90 54 13
1 1372 1374 10000000 161 94 19 88 17 13
0 1375 1375 10000000 179 84 49 93 109 31
1 1375 1376 10000000 171 111 20 86 59 13
1 1375 1377 10000000 166 88 18 86 19 12
0 1378 1378 10000000 185 91 60 94 107 14
1 1378 1379 10000000 169 100 20 90 58 13
1 1378 1380 10000000 186 119 25 109 17 14
0 1381 1381 10000000 180 19 13 93 106 19
1 1381 1382 10000000 165 105 21 91 59 13
1 1381 1383 10000000 163 95 16 85 18 12
0 1384 1384 10000000 183 17 12 91 104 16
1 1384 1385 10000000 162 108 25 98 72 15
1 1384 1386 10000000 159 86 25 87 21 16
0 1387 1387 10000000 182 18 12 91 97 16
1 1387 1388 10000000 164 114 31 94 72 19
1 1387 1389 10000000 182 123 32 109 27 20
0 1390 1390 10000000 188 17 14 92 104 19
1 1390 1391 10000000 166 108 32 89 78 19
1 1390 1392 10000000 161 102 28 86 22 16
0 1393 1393 10000000 179 20 12 86 108 19
1 1393 1394 10000000 173 135 23 84 57 13
1 1393 1395 10000000 168 93 20 80 18 12
0 1396 1396 10000000 179 19 13 87 102 19
1 1396 1397 10000000 174 102 20 83 59 12
1 1396 1398 10000000 165 97 16 83 19 13
0 1399 1399 10000000 178 18 13 96 103 18
1 1399 1400 10000000 171 113 35 85 78 15
1 1399 1401 10000000 179 105 20 83 19 14
0 1402 1402 10000000 195 17 12 88 100 18
1 1402 1403 10000000 168 101 29 84 72 15
1 1402 1404 10000000 159 92 19 81 18 13
0 1405 1405 10000000 171 18 12 91 86 17
1 1405 1406 10000000 168 1694 30 90 66 14
1 1405 1407 10000000 167 101 28 84 23 16
0 1408 1408 10000000 179 18 13 91 172 17
1 1408 1409 10000000 165 119 27 89 70 18
1 1408 1410 10000000 170 118 27 89 22 19
0 1411 1411 10000000 186 19 13 88 93 18
1 1411 1412 10000000 167 116 27 86 68 18
1 1411 1413 10000000 165 118 27 86 22 18
0 1414 1414 10000000 184 22 14 93 112 20
1 1414 1415 10000000 178 120 27 89 70 17
1 1414 1416 10000000 165 97 24 87 23 17
0 1417 1417 10000000 182 17 12 89 100 17
1 1417 1418 10000000 166 109 26 86 73 17
1 1417 1419 10000000 162 95 24 85 20 16
0 1420 1420 10000000 188 17 12 93 106 16
1 1420 1421 10000000 163 120 31 92 72 17
1 1420 1422 10000000 225 98 26 85 24 17
0 1423 1423 10000000 194 16 13 96 114 23
1 1423 1424 10000000 169 117 31 93 69 21
1 1423 1425 10000000 163 95 23 85 20 16
0 1426 1426 10000000 190 17 13 93 102 18
1 1426 1427 10000000 166 114 32 89 75 17
1 1426 1428 10000000 165 96 23 88 19 22
0 1429 1429 10000000 177 17 13 94 104 17
1 1429 1430 10000000 168 117 31 93 72 18
1 1429 1431 10000000 163 99 26 89 20 16
0 1432 1432 10000000 179 20 14 94 138 17
1 1432 1433 10000000 168 121 27 87 75 18
1 1432 1434 10000000 163 102 24 89 24 16
0 1435 1435 10000000 188 19 13 90 110 17
1 1435 1436 10000000 175 115 34 86 72 18
1 1435 1437 10000000 164 96 32 82 24 17
0 1438 1438 10000000 178 18 13 94 101 18
1 1438 1439 10000000 173 114 30 83 65 17
1 1438 1440 10000000 167 100 24 83 20 17
0 1441 1441 10000000 182 19 12 91 112 17
1 1441 1442 10000000 171 123 28 84 63 15
1 1441 1443 10000000 175 94 21 84 21 13
0 1444 1444 10000000 179 18 13 89 104 15
1 1444 1445 10000000 166 117 30 85 70 19
1 1444 1446 10000000 295 110 29 84 23 18
0 1447 1447 10000000 183 20 13 89 110 18
1 1447 1448 10000000 173 112 28 89 71 19
1 1447 1449 10000000 168 107 26 91 21 16
0 1450 1450 10000000 195 20 12 94 111 16
1 1450 1451 10000000 178 120 29 92 73 19
1 1450 1452 10000000 165 165 28 12402 20 18
0 1453 1453 10000000 175 18 12 92 100 17
1 1453 1454 10000000 167 126 28 88 74 18
1 1453 1455 10000000 171 126 29 89 21 18
0 1456 1456 10000000 186 19 13 95 103 17
1 1456 1457 10000000 168 116 29 85 65 18
1 1456 1458 10000000 166 105 25 90 23 17
0 1459 1459 10000000 191 19 13 91 109 17
1 1459 1460 10000000 175 114 26 87 71 16
1 1459 1461 10000000 165 94 24 85 21 18
0 1462 1462 10000000 182 19 13 91 107 19
1 1462 1463 10000000 167 115 26 91 65 14
1 1462 1464 10000000 165 108 27 89 23 18
0 1465 1465 10000000 180 20 12 92 111 16
1 1465 1466 10000000 167 129 30 91 73 18
1 1465 1467 10000000 164 99 24 85 24 17
0 1468 1468 10000000 177 17 12 91 107 17
1 1468 1469 10000000 167 119 27 90 69 18
1 1468 1470 10000000 173 102 25 87 21 17
0 1471 1471 10000000 174 19 13 91 108 18
1 1471 1472 10000000 168 121 27 90 69 18
1 1471 1473 10000000 164 103 25 87 20 17
0 1474 1474 10000000 178 20 12 93 93 18
1 1474 1475 10000000 169 114 28 86 66 18
1 1474 1476 10000000 163 94 25 84 22 17
0 1477 1477 10000000 175 18 12 87 140 17
1 1477 1478 10000000 163 119 33 87 71 17
1 1477 1479 10000000 159 102 36 82 21 16
0 1480 1480 10000000 175 26 30 88 99 18
1 1480 1481 10000000 162 114 29 82 72 14
1 1480 1482 10000000 163 103 16 90 18 12
0 1483 1483 10000000 174 27 28 91 101 18
1 1483 1484 10000000 160 127 30 88 72 17
1 1483 1485 10000000 165 98 28 84 23 17
0 1486 1486 10000000 184 30 32 96 102 16
1 1486 1487 10000000 173 114 28 90 68 14
1 1486 1488 10000000 173 101 18 93 19 13
0 1489 1489 10000000 173 26 29 99 97 17
1 1489 1490 10000000 161 122 28 92 70 17
1 1489 1491 10000000 166 117 28 96 23 18
0 1492 1492 10000000 176 21 17 94 108 41
1 1492 1493 10000000 162 115 27 91 66 18
1 1492 1494 10000000 165 119 25 90 23 17
0 1495 1495 10000000 175 94 129 94 97 17
1 1495 1496 10000000 168 111 28 91 66 18
1 1495 1497 10000000 169 111 27 92 73 14
