0 0 0 10000000 32 32 1 1 1 1 13 1 13 1 13.000000 5 32 32 1 1 1 1 13 1 13 1 13.000000 2
1 0 1 10000000 32 32 16 16 16 2 238 1 238 2 238.000000 9 32 32 16 16 16 2 238 1 238 1 238.000000 4
1 0 2 10000000 32 32 1 1 1 2 13 1 13 1 13.000000 5 32 32 1 1 1 1 13 0 13 0 13.000000 2
1 0 3 10000000 32 32 32 32 32 3 528 1 528 2 528.000000 13 32 32 32 32 32 4 528 1 528 2 528.000000 8
0 4 4 10000000 32 32 1 1 1 2 32 1 32 0 32.000000 4 33 48 1 1 1 0 33 0 33 1 33.000000 2
1 4 5 10000000 32 32 13 13 13 2 223 1 223 1 223.000000 8 33 48 13 13 13 1 236 1 236 1 236.000000 4
1 4 6 10000000 32 32 1 1 1 1 32 0 32 0 32.000000 4 33 48 1 1 1 1 33 1 33 1 33.000000 2
1 4 7 10000000 32 32 32 32 32 2 528 1 528 2 528.000000 12 33 48 32 32 32 2 560 2 560 1 560.000000 9
0 8 8 10000000 32 32 1 1 1 2 31 0 31 1 31.000000 5 34 61 1 1 1 1 33 1 33 0 33.000000 1
1 8 9 10000000 32 32 13 13 13 2 206 2 206 1 206.000000 9 34 61 13 13 13 1 232 2 232 1 232.000000 3
1 8 10 10000000 32 32 1 1 1 1 31 1 31 0 31.000000 4 34 61 1 1 1 1 33 1 33 1 33.000000 2
1 8 11 10000000 32 32 32 32 32 3 528 1 528 2 528.000000 14 34 61 32 32 32 3 592 1 592 2 592.000000 8
0 12 12 10000000 32 32 1 1 1 1 3 1 3 1 3.000000 5 35 74 1 1 1 0 6 0 6 0 6.000000 1
1 12 13 10000000 32 32 10 10 10 2 117 1 117 1 117.000000 7 35 74 10 10 10 1 147 0 147 1 147.000000 3
1 12 14 10000000 32 32 1 1 1 2 3 1 3 0 3.000000 5 35 74 1 1 1 1 6 1 6 1 6.000000 2
1 12 15 10000000 32 32 29 29 29 2 452 2 452 2 452.000000 13 35 74 29 29 29 2 539 1 539 2 539.000000 8
0 16 16 10000000 32 32 1 1 1 3 2 1 2 0 2.000000 5 35 83 1 1 1 0 5 0 5 1 5.000000 2
1 16 17 10000000 32 32 10 10 10 2 117 1 117 2 117.000000 8 35 83 10 10 10 2 147 2 147 1 147.000000 3
1 16 18 10000000 32 32 1 1 1 2 2 0 2 0 2.000000 6 35 83 1 1 1 0 5 0 5 1 5.000000 2
1 16 19 10000000 32 32 28 28 28 2 449 2 449 1 449.000000 11 35 83 28 28 28 1 533 2 533 1 533.000000 8
0 20 20 10000000 32 89 1 5 5 0 7 0 7 1 7.000000 5 32 32 1 1 1 2 7 0 7 1 7.000000 1
1 20 21 10000000 32 89 9 9 9 2 148 1 934 1 22445344243607855104.000000 8 32 32 9 9 9 2 148 1 148 1 148.000000 3
1 20 22 10000000 32 89 1 1 1 2 7 1 91 1 96889010407.000000 6 32 32 1 1 1 1 7 0 7 0 7.000000 1
1 20 23 10000000 32 89 27 30 60 2 447 2 1320 1 3971275384165636096.000000 13 32 32 30 30 30 3 465 1 465 2 465.000000 8
0 24 24 10000000 32 89 1 1 1 2 28 1 28 1 28.000000 5 33 41 1 1 1 1 29 0 29 0 29.000000 1
1 24 25 10000000 32 89 5 20 29 3 117 1 741 1 7378599760963305472.000000 7 33 41 20 20 20 1 258 1 258 1 258.000000 5
1 24 26 10000000 32 89 4 14 16 2 80 1 320 1 302971995602720.000000 7 33 41 14 14 14 2 172 1 172 1 172.000000 5
1 24 27 10000000 32 89 31 31 76 2 497 2 1457 2 10554951620960862208.000000 15 33 41 31 31 31 1 528 2 528 2 528.000000 8
0 28 28 10000000 32 89 1 6 6 2 5 0 5 0 5.000000 8 35 47 1 1 1 0 8 0 8 0 8.000000 1
1 28 29 10000000 32 89 14 20 29 2 224 1 1235 1 22630225684940234752.000000 11 35 47 20 20 20 1 318 1 318 1 318.000000 5
1 28 30 10000000 32 89 1 1 1 2 5 2 65 1 1220703125.000000 7 35 47 1 1 1 3 8 1 8 0 8.000000 2
1 28 31 10000000 32 89 29 31 74 4 492 1 1671 1 79766807808319164514304.000000 13 35 47 31 31 31 2 590 2 590 2 590.000000 8
0 32 32 10000000 32 89 1 1 1 2 26 0 26 1 26.000000 5 36 61 1 5 3 1 30 1 30 1 30.000000 2
1 32 33 10000000 32 89 10 23 34 2 214 1 1096 1 16491137203786948608.000000 9 36 61 23 23 23 2 402 2 402 2 402.000000 6
1 32 34 10000000 32 89 1 1 1 1 26 1 338 0 2481152873203736576.000000 5 36 61 1 1 1 1 30 1 30 1 30.000000 2
1 32 35 10000000 32 89 26 30 59 4 448 2 1513 2 22173738504315133952.000000 13 36 61 30 30 30 3 585 2 585 2 585.000000 8
0 36 36 10000000 32 89 1 5 5 2 7 0 7 1 7.000000 7 37 71 1 5 5 3 12 1 12 0 12.000000 2
1 36 37 10000000 32 89 7 7 7 1 69 1 345 1 141515917523049.000000 7 37 71 7 7 7 2 104 0 104 0 104.000000 3
1 36 38 10000000 32 89 1 1 1 2 7 1 91 2 96889010407.000000 5 37 71 1 1 1 1 12 1 12 0 12.000000 2
1 36 39 10000000 32 89 23 27 56 3 363 1 1518 1 3022498615406483734528.000000 14 37 71 27 27 27 2 521 1 521 2 521.000000 7
0 40 40 10000000 32 89 1 1 1 2 21 0 21 1 21.000000 7 37 69 1 1 1 0 26 1 26 1 26.000000 1
1 40 41 10000000 32 89 12 16 21 3 131 1 716 1 103024439842381920.000000 9 37 69 16 16 16 2 228 1 228 2 228.000000 4
1 40 42 10000000 32 89 2 11 11 3 34 0 442 1 154775252845711712.000000 11 37 69 11 11 11 1 146 1 146 1 146.000000 3
1 40 43 10000000 32 89 26 30 59 3 448 1 1474 1 11220083198186887168.000000 12 37 69 30 30 30 2 615 1 615 1 615.000000 8
0 44 44 10000000 32 89 1 4 4 1 13 1 13 1 13.000000 5 38 76 1 1 1 1 19 1 19 1 19.000000 2
1 44 45 10000000 32 89 16 23 49 7 249 3 1284 2 11497451919114588160.000000 20 38 76 23 23 23 6 424 1 424 1 424.000000 6
1 44 46 10000000 32 89 1 10 10 2 21 0 273 0 154472377739119456.000000 7 38 76 10 10 10 1 138 1 138 1 138.000000 4
1 44 47 10000000 32 89 24 28 57 4 405 1 1542 1 131994197819969683456.000000 13 38 76 28 28 28 2 590 2 590 2 590.000000 7
0 48 48 10000000 32 89 1 1 1 3 21 0 21 0 21.000000 13 40 82 1 1 1 3 29 1 29 0 29.000000 1
1 48 49 10000000 32 89 12 17 21 2 141 1 768 2 104595985055571680.000000 9 40 82 17 17 17 1 295 1 295 1 295.000000 5
1 48 50 10000000 32 89 2 11 11 2 34 1 442 1 154775252845711712.000000 5 40 82 11 11 11 2 179 1 179 1 179.000000 3
1 48 51 10000000 32 89 23 27 56 3 368 1 1106 2 125826029589582384.000000 12 40 82 27 27 27 1 601 2 601 1 601.000000 7
0 52 52 10000000 32 89 1 2 2 1 14 1 14 0 14.000000 6 40 82 1 1 1 0 22 1 22 0 22.000000 2
1 52 53 10000000 32 89 6 6 6 4 69 1 465 2 14408177660276468.000000 7 40 82 6 6 6 4 117 2 117 1 117.000000 3
1 52 54 10000000 32 89 9 20 33 3 133 1 805 1 1208925820408343962845184.000000 8 40 82 20 20 20 2 411 1 411 1 411.000000 5
1 52 55 10000000 32 89 26 29 59 2 429 1 1629 2 6136817444887919067136.000000 13 40 82 29 29 29 2 671 1 671 1 671.000000 7
0 56 56 10000000 32 89 1 1 1 5 28 0 28 1 28.000000 7 44 91 1 1 1 0 40 1 40 0 40.000000 2
1 56 57 10000000 32 89 7 16 19 3 121 1 769 1 11750744832343367680.000000 7 44 91 16 16 16 2 387 1 387 1 387.000000 4
1 56 58 10000000 32 89 3 14 15 1 65 2 509 1 36893488148639809536.000000 8 44 91 14 14 14 1 326 1 326 1 326.000000 4
1 56 59 10000000 32 89 26 29 62 3 445 1 1459 2 17428156748186980352.000000 13 44 91 29 29 29 2 805 1 805 2 805.000000 7
0 60 60 10000000 32 89 2 6 8 2 16 0 16 1 16.000000 6 36 91 1 2 2 1 19 0 38 1 361.000000 1
1 60 61 10000000 32 89 8 19 29 4 127 1 679 1 1644588497123885056.000000 8 36 91 19 27 39 2 301 1 301 2 301.000000 5
1 60 62 10000000 32 89 7 18 28 3 104 1 380 1 154472377739127712.000000 8 36 91 18 26 38 1 279 2 279 1 279.000000 5
1 60 63 10000000 32 89 27 29 63 3 441 2 1686 1 11797821561625409536.000000 11 36 91 29 30 49 2 562 1 587 2 16182.000000 8
0 64 64 10000000 32 98 3 10 12 1 26 1 26 1 26.000000 6 32 81 1 3 3 1 22 0 22 1 22.000000 1
1 64 65 10000000 32 98 10 16 22 2 163 1 1366 1 36923281914616512512.000000 11 32 81 16 20 22 2 262 1 262 1 262.000000 5
1 64 66 10000000 32 98 1 1 1 1 22 0 286 0 282810057883082752.000000 6 32 81 1 1 1 1 22 0 22 1 22.000000 2
1 64 67 10000000 32 98 25 29 68 2 405 2 1546 2 24772424189708996608.000000 13 32 81 29 31 64 2 466 2 515 2 6742.000000 8
0 68 68 10000000 32 98 8 13 22 1 32 1 35 1 34.000000 7 33 90 1 9 4 1 9 1 9 0 9.000000 1
1 68 69 10000000 32 98 7 20 32 2 96 1 707 1 1490122533434942976.000000 6 33 90 20 29 39 2 323 1 323 2 323.000000 5
1 68 70 10000000 32 98 9 19 23 2 125 1 813 1 5900253629482899.000000 8 33 90 19 27 52 1 285 1 285 1 285.000000 5
1 68 71 10000000 32 98 27 30 83 3 425 2 1819 1 18099560524562935808.000000 12 33 90 30 31 79 3 505 1 597 2 564005.000000 9
0 72 72 10000000 32 98 4 11 13 3 24 1 24 1 24.000000 8 34 100 1 6 4 1 19 0 19 1 19.000000 1
1 72 73 10000000 32 98 12 12 12 3 158 1 1204 2 250412339597320576.000000 10 34 100 12 18 27 2 182 1 182 1 182.000000 3
1 72 74 10000000 32 98 12 24 44 2 200 1 1222 1 6515186305629060096.000000 13 34 100 24 27 55 4 419 1 419 1 419.000000 6
1 72 75 10000000 32 98 23 28 61 2 323 1 1339 2 10342648478506983424.000000 11 34 100 28 29 74 2 477 1 515 2 6753.000000 8
0 76 76 10000000 32 98 1 1 1 2 32 1 32 3 32.000000 6 35 111 1 1 1 0 35 0 35 0 35.000000 1
1 76 77 10000000 32 98 8 23 34 2 160 1 1617 1 13389217937257816064.000000 8 35 111 23 28 53 2 427 1 427 1 427.000000 6
1 76 78 10000000 32 98 12 24 35 8 180 2 1033 1 36893490980569899008.000000 10 35 111 24 27 54 2 441 1 441 2 441.000000 6
1 76 79 10000000 32 98 28 30 84 3 446 2 1726 2 11899244855379992576.000000 14 35 111 30 31 74 2 565 1 695 2 49126435.000000 8
0 80 80 10000000 32 98 4 11 17 2 12 1 12 1 12.000000 5 36 127 1 9 6 1 9 0 9 0 9.000000 1
1 80 81 10000000 32 98 13 17 22 2 208 1 1494 1 8141373210631021568.000000 9 36 127 17 26 30 1 314 1 314 1 314.000000 5
1 80 82 10000000 32 98 1 10 10 2 28 0 364 1 6502111422497947648.000000 6 36 127 10 25 23 2 168 1 168 1 168.000000 3
1 80 83 10000000 32 98 20 24 62 2 311 1 1654 1 27536472107155116032.000000 11 36 127 24 30 55 2 462 1 462 1 462.000000 7
0 84 84 10000000 32 98 1 4 4 2 16 0 16 1 16.000000 5 37 135 1 1 1 0 21 0 21 0 21.000000 2
1 84 85 10000000 32 98 7 21 20 2 137 2 1073 1 1251344232352755456.000000 10 37 135 21 29 38 3 424 1 424 1 424.000000 6
1 84 86 10000000 32 98 6 16 19 1 81 1 693 1 1127549188832899.000000 9 37 135 16 26 33 4 301 2 301 1 301.000000 8
1 84 87 10000000 32 98 26 29 73 3 410 1 1808 1 19189315829189185536.000000 15 37 135 29 30 73 4 592 1 726 1 363653938.000000 8
0 88 88 10000000 32 98 1 2 2 1 25 1 25 1 25.000000 7 38 139 1 1 1 0 31 1 31 1 31.000000 1
1 88 89 10000000 32 98 7 22 44 1 122 1 919 1 10261103831297566720.000000 7 38 139 22 30 39 2 485 2 485 1 485.000000 6
1 88 90 10000000 32 98 13 27 57 2 224 2 1209 1 36893585430443941888.000000 9 38 139 27 30 56 2 594 1 615 2 2988.000000 7
1 88 91 10000000 32 98 30 31 87 4 476 1 1759 2 16482665579119108096.000000 13 38 139 31 31 72 2 683 1 973 1 100385842855.000000 9
0 92 92 10000000 32 98 8 13 22 2 32 1 35 2 34.000000 8 39 144 1 15 5 0 15 1 15 0 15.000000 1
1 92 93 10000000 32 98 12 16 24 2 177 2 1432 1 36966171620074217472.000000 9 39 144 16 17 25 1 358 1 358 1 358.000000 5
1 92 94 10000000 32 98 1 1 1 2 5 0 65 0 1220703125.000000 7 39 144 1 10 7 0 12 1 12 0 12.000000 2
1 92 95 10000000 32 98 8 22 33 1 89 1 946 1 11750744864385355776.000000 8 39 144 22 27 49 2 467 1 467 2 467.000000 6
0 96 96 10000000 32 98 1 2 2 4 22 1 22 0 22.000000 4 40 145 1 1 1 0 30 1 30 1 30.000000 2
1 96 97 10000000 32 98 7 23 20 2 124 0 958 1 2855992800770123776.000000 11 40 145 23 28 50 1 523 2 523 1 523.000000 7
1 96 98 10000000 32 98 1 1 1 1 22 1 286 1 282810057883082752.000000 6 40 145 1 1 1 1 30 1 30 1 30.000000 1
1 96 99 10000000 32 98 16 24 29 4 258 1 1711 1 16637073232754677760.000000 15 40 145 24 29 48 3 557 1 557 2 557.000000 7
0 100 100 10000000 32 98 1 1 1 2 30 1 30 0 30.000000 9 41 154 1 1 1 1 39 1 39 1 39.000000 1
1 100 101 10000000 32 98 6 6 6 3 83 1 848 1 42645567821370184.000000 8 41 154 6 15 18 1 137 1 137 1 137.000000 3
1 100 102 10000000 32 98 2 2 2 2 35 0 365 1 590491220703125.000000 6 41 154 2 11 8 1 53 1 53 1 53.000000 2
1 100 103 10000000 32 98 8 24 21 4 134 1 1117 1 16025157968856678400.000000 8 41 154 24 28 42 1 575 2 575 1 575.000000 7
0 104 104 10000000 32 98 7 13 28 2 37 2 38 2 37.000000 7 42 161 1 17 7 1 28 0 28 1 28.000000 3
1 104 105 10000000 32 98 7 21 30 2 124 2 956 1 4851703005897515008.000000 8 42 161 21 28 48 1 528 1 528 1 528.000000 5
1 104 106 10000000 32 98 14 27 58 3 246 1 1363 1 38383607099953070080.000000 11 42 161 27 30 54 2 702 4 735 1 15332.000000 7
1 104 107 10000000 32 98 20 25 54 3 308 2 1311 2 154018962325212320.000000 10 42 161 25 29 52 3 634 2 634 1 634.000000 7
0 108 108 10000000 32 98 5 12 23 2 23 1 23 1 23.000000 8 43 171 1 15 8 0 22 0 22 0 22.000000 1
1 108 109 10000000 32 98 8 21 22 3 152 2 1548 1 11936169833696911360.000000 9 43 171 21 28 36 5 562 1 562 1 562.000000 5
1 108 110 10000000 32 98 13 24 44 3 202 1 1140 1 1490425723723849216.000000 9 43 171 24 29 39 2 636 1 636 2 636.000000 6
1 108 111 10000000 32 98 24 26 59 3 352 1 1442 2 11080521766989230080.000000 16 43 171 26 28 52 4 669 1 669 1 669.000000 7
0 112 112 10000000 32 98 9 15 27 2 45 0 51 1 53.000000 85 33 167 1 10 9 0 10 1 10 0 10.000000 1
1 112 113 10000000 32 98 16 19 25 2 250 3 1648 1 19189315829189185536.000000 11 33 167 19 28 101 3 294 1 319 2 976.000000 5
1 112 114 10000000 32 98 13 26 56 4 226 1 1347 2 43395604135246266368.000000 9 33 167 26 29 119 1 451 1 859 1 282648538217.000000 9
1 112 115 10000000 32 98 23 26 57 3 349 2 1611 2 5691306685214666752.000000 13 33 167 26 29 139 3 409 1 781 1 13911939175.000000 8
0 116 116 10000000 32 104 3 22 17 1 6 1 6 1 6.000000 6 32 140 1 3 3 0 3 0 3 0 3.000000 1
1 116 117 10000000 32 104 7 22 19 2 117 1 998 1 1161511712547506688.000000 8 32 140 22 29 132 3 254 1 351 1 51948.000000 7
1 116 118 10000000 32 104 15 27 60 3 238 1 790 1 1953088083257350.000000 11 32 140 27 30 123 2 428 1 777 2 7269556.000000 8
1 116 119 10000000 32 104 26 31 83 2 439 1 2071 1 52986812796315361280.000000 14 32 140 31 31 153 2 473 1 1058 2 39796487.000000 9
0 120 120 10000000 32 104 4 22 28 2 10 1 10 2 10.000000 6 33 145 1 5 5 1 5 0 5 1 5.000000 1
1 120 121 10000000 32 104 14 29 48 2 246 2 1455 1 52986812796209029120.000000 11 33 145 29 30 141 3 449 2 906 2 14191411.000000 9
1 120 122 10000000 32 104 16 27 62 2 242 1 825 1 1953088083258284.000000 10 33 145 27 29 113 4 455 1 845 1 12037449.000000 9
1 120 123 10000000 32 104 20 30 61 2 328 1 1565 1 40967957929456607232.000000 11 33 145 30 30 140 2 490 2 1052 1 40107828.000000 9
0 124 124 10000000 32 104 16 22 64 4 159 1 295 2 5413.000000 12 34 157 1 18 8 1 30 0 30 0 30.000000 1
1 124 125 10000000 32 104 12 19 32 1 150 1 884 1 103024440252720592.000000 12 34 157 19 26 119 2 216 1 281 2 9246.000000 6
1 124 126 10000000 32 104 21 28 66 2 325 2 1052 1 1953088083291747.000000 11 34 157 28 30 116 2 486 2 964 1 35186318.000000 9
1 124 127 10000000 32 104 17 29 67 1 248 1 1214 1 52836718162154258432.000000 13 34 157 29 30 129 2 492 1 987 2 26788914.000000 9
0 128 128 10000000 32 104 8 22 46 2 63 1 74 1 83.000000 6 35 164 1 11 10 1 23 0 23 0 23.000000 1
1 128 129 10000000 32 104 11 23 36 1 191 1 1236 1 11772659461361858560.000000 8 35 164 23 28 114 2 357 1 550 2 1385507.000000 7
1 128 130 10000000 32 104 21 29 74 4 341 2 1078 2 1953088083299045.000000 12 35 164 29 30 114 2 565 1 1176 1 199739799.000000 8
1 128 131 10000000 32 104 27 30 85 3 424 2 1825 2 14317279868663271424.000000 16 35 164 30 31 118 3 561 1 1216 2 1385640737.000000 10
0 132 132 10000000 32 104 1 22 8 2 1 0 1 1 1.000000 3 36 167 1 5 5 0 5 1 5 0 5.000000 7
1 132 133 10000000 32 104 8 25 22 2 156 1 1091 1 2368817776174014976.000000 9 36 167 25 28 105 2 420 2 698 1 927530.000000 8
1 132 134 10000000 32 104 22 29 75 2 342 1 1149 1 1953088111906116.000000 12 36 167 29 30 104 2 594 2 1169 1 261036738.000000 9
1 132 135 10000000 32 104 28 30 83 2 443 1 1706 1 102799659296623632.000000 14 36 167 30 31 108 1 591 1 1213 2 2201957453.000000 9
0 136 136 10000000 32 104 1 3 3 1 19 0 19 1 19.000000 5 37 174 1 1 1 1 24 1 24 0 24.000000 1
1 136 137 10000000 32 104 1 18 7 1 30 1 390 0 15943230000000000000.000000 5 37 174 18 25 102 2 290 1 352 2 12484.000000 6
1 136 138 10000000 32 104 25 30 82 3 397 1 1284 1 1953088100498061.000000 12 37 174 30 31 103 3 639 1 1293 2 13883151697.000000 9
1 136 139 10000000 32 104 17 29 57 2 241 1 972 1 102799659046482672.000000 11 37 174 29 29 116 2 565 1 1078 2 2188903443.000000 10
0 140 140 10000000 32 104 2 22 15 1 3 0 3 1 3.000000 4 38 177 1 9 4 1 8 1 8 1 8.000000 1
1 140 141 10000000 32 104 7 21 20 3 100 1 786 1 958408339376006784.000000 12 38 177 21 26 83 3 378 1 508 1 23170.000000 7
1 140 142 10000000 32 104 22 28 71 2 331 1 1136 2 1953088111904965.000000 11 38 177 28 30 94 2 611 2 1009 1 20286349.000000 8
1 140 143 10000000 32 104 26 31 80 3 415 1 1872 1 52836847896739708928.000000 13 38 177 31 31 111 2 659 1 1337 2 379385530267.000000 9
0 144 144 10000000 32 104 2 7 5 2 26 1 26 1 26.000000 6 39 181 1 9 3 0 24 1 24 1 24.000000 2
1 144 145 10000000 32 104 7 24 25 1 184 1 1306 1 22481861780394356736.000000 8 39 181 24 26 93 3 529 1 771 1 2203137.000000 7
1 144 146 10000000 32 104 22 28 71 2 331 2 1136 2 1953088111904965.000000 11 39 181 28 30 88 2 639 2 1018 1 36179221.000000 8
1 144 147 10000000 32 104 30 31 85 3 490 1 2011 1 8014142170967774208.000000 15 39 181 31 31 93 1 714 1 1413 2 1549927870000.000000 9
0 148 148 10000000 32 104 6 21 33 3 45 1 50 2 53.000000 10 40 188 1 14 9 2 29 0 29 0 29.000000 3
1 148 149 10000000 32 104 12 28 41 2 226 1 1348 1 26240379066498170880.000000 7 40 188 28 29 94 1 620 2 993 1 36157366.000000 9
1 148 150 10000000 32 104 22 28 71 3 331 1 1136 2 1953088111904965.000000 11 40 188 28 30 80 2 667 2 1072 1 63197437.000000 9
1 148 151 10000000 32 104 24 30 71 2 379 2 1625 2 10343705545262577664.000000 12 40 188 30 30 84 2 706 1 1309 1 1000172056112.000000 8
0 152 152 10000000 32 104 3 19 26 2 11 1 11 0 11.000000 6 41 194 1 12 12 0 14 1 14 0 14.000000 1
1 152 153 10000000 32 104 6 24 32 1 98 1 794 1 15985282985639862272.000000 7 41 194 24 26 75 2 559 1 825 1 10123171.000000 7
1 152 154 10000000 32 104 4 16 18 3 73 1 773 1 36893488230852214784.000000 10 41 194 16 20 45 2 396 1 416 1 1386.000000 5
1 152 155 10000000 32 104 28 30 71 2 437 2 1643 2 11750744901195810816.000000 14 41 194 30 30 78 2 735 1 1330 2 3138697672007.000000 9
0 156 156 10000000 32 104 1 3 3 1 23 1 23 1 23.000000 7 42 210 1 1 1 1 33 0 33 1 33.000000 1
1 156 157 10000000 32 104 9 24 24 3 162 1 1192 1 14317279869382402048.000000 9 42 210 24 27 77 2 538 2 828 1 19650164.000000 8
1 156 158 10000000 32 104 23 28 72 2 354 2 1174 2 1953088100488362.000000 11 42 210 28 30 74 2 723 1 1180 2 171600661.000000 9
1 156 159 10000000 32 104 29 32 100 2 475 2 2015 2 52986812796294807552.000000 15 42 210 32 32 80 1 848 2 1686 2 65610908489242.000000 10
0 160 160 10000000 32 104 3 19 26 2 11 1 11 1 11.000000 6 43 217 1 14 14 0 16 0 16 0 16.000000 1
1 160 161 10000000 32 104 9 27 26 1 210 1 1383 1 26353953361748525056.000000 8 43 217 27 27 77 2 696 1 1006 2 4866020.000000 8
1 160 162 10000000 32 104 23 28 72 6 354 1 1174 1 1953088100488362.000000 12 43 217 28 30 69 2 751 1 1153 2 17080995.000000 8
1 160 163 10000000 32 104 27 32 86 2 443 1 1826 1 8014142170903152640.000000 13 43 217 32 31 85 2 853 2 1587 2 25090293395729.000000 10
0 164 164 10000000 32 104 15 24 62 1 140 1 264 1 3770.000000 9 33 209 1 16 9 0 20 1 20 1 20.000000 1
1 164 165 10000000 32 104 8 24 20 3 170 1 1203 1 6555622655241204736.000000 9 33 209 24 30 183 2 351 1 786 1 2227752101.000000 8
1 164 166 10000000 32 104 26 30 83 1 420 1 1490 1 1953088982377588.000000 12 33 209 30 32 175 2 519 1 1721 2 24431733966853.000000 10
1 164 167 10000000 32 104 26 32 85 2 418 1 1929 1 20003140984840097792.000000 13 33 209 32 32 188 2 533 1 1860 2 25687137935771.000000 11
0 168 168 10000000 32 144 8 26 83 1 35 0 52 1 85.000000 8 32 160 1 8 5 0 10 1 10 1 10.000000 0
1 168 169 10000000 32 144 12 28 63 2 251 1 1152 1 37681150931209707520.000000 12 32 160 28 32 149 2 444 1 1087 1 21031656.000000 8
1 168 170 10000000 32 144 27 31 125 2 430 1 1951 2 504036385717591168.000000 15 32 160 31 32 157 2 504 1 1443 1 367980110.000000 10
1 168 171 10000000 32 144 26 30 126 3 423 1 2338 1 36953092795152949248.000000 14 32 160 30 32 156 5 478 1 1300 2 122219434.000000 10
0 172 172 10000000 32 144 6 26 63 3 21 1 26 1 27.000000 8 33 173 1 7 7 1 7 1 14 1 49.000000 1
1 172 173 10000000 32 144 8 17 39 2 123 1 746 1 10320233357733992448.000000 8 33 173 17 31 110 1 234 1 336 1 6662.000000 5
1 172 174 10000000 32 144 28 31 130 3 436 2 1962 2 504036385716641088.000000 16 33 173 31 32 149 2 535 2 1502 2 652463123.000000 10
1 172 175 10000000 32 144 29 32 130 3 512 2 2324 1 37681150931380912128.000000 16 33 173 32 32 152 2 560 2 1656 1 7043930522.000000 10
0 176 176 10000000 32 144 8 26 77 2 46 1 63 1 96.000000 8 34 186 1 10 8 1 17 1 34 0 289.000000 1
1 176 177 10000000 32 144 13 27 66 1 291 1 1302 2 37681150931213844480.000000 8 34 186 27 32 133 1 479 1 1043 1 19780399.000000 8
1 176 178 10000000 32 144 24 29 113 5 365 2 1677 2 504036430340573952.000000 18 34 186 29 32 139 4 512 2 1251 1 132476092.000000 9
1 176 179 10000000 32 144 31 32 138 3 520 2 2587 2 37247302956938346496.000000 15 34 186 32 32 145 2 592 1 1707 1 41788889386.000000 10
0 180 180 10000000 32 144 11 26 98 2 75 1 115 1 555.000000 8 35 204 1 14 6 0 24 1 72 0 13824.000000 1
1 180 181 10000000 32 144 9 20 52 2 134 1 666 1 880584338465365632.000000 13 35 204 20 27 125 2 280 1 469 1 539910.000000 6
1 180 182 10000000 32 144 2 11 9 1 19 0 238 1 10282429536481.000000 6 35 204 11 27 103 1 91 1 116 1 381.000000 4
1 180 183 10000000 32 144 21 30 116 3 372 1 1961 1 4056651161252203520.000000 14 35 204 30 32 138 3 568 1 1486 1 2916750028.000000 9
0 184 184 10000000 32 144 13 27 93 3 123 1 190 2 2205.000000 9 36 212 1 17 8 1 31 1 93 0 29791.000000 1
1 184 185 10000000 32 144 8 24 24 2 176 1 810 1 10356057669620283392.000000 9 36 212 24 28 122 3 422 1 798 2 5158192.000000 8
1 184 186 10000000 32 144 29 31 131 2 463 1 2066 2 504036385703284416.000000 16 36 212 31 32 130 1 628 2 1666 1 92093123574.000000 10
1 184 187 10000000 32 144 28 31 127 7 479 2 2532 2 10410723501142654976.000000 23 36 212 31 32 132 3 624 1 1662 1 92093123570.000000 10
0 188 188 10000000 32 144 4 26 34 2 27 1 28 0 27.000000 8 37 222 1 10 6 2 26 0 78 0 17576.000000 1
1 188 189 10000000 32 144 13 27 70 1 280 2 1266 1 37681150931210403840.000000 9 37 222 27 31 113 2 560 2 1097 1 13103642.000000 8
1 188 190 10000000 32 144 2 11 9 4 19 1 238 0 10282429536481.000000 6 37 222 11 25 93 1 113 1 140 1 421.000000 4
1 188 191 10000000 32 144 7 16 35 2 76 1 376 1 802630873702450.000000 8 37 222 16 26 98 2 214 1 304 1 18724.000000 5
0 192 192 10000000 32 144 1 3 3 5 26 1 26 1 26.000000 8 38 228 1 1 1 0 32 1 128 1 1048576.000000 1
1 192 193 10000000 32 144 13 28 65 2 236 1 1158 1 37424929147419926528.000000 9 38 228 28 30 119 2 593 2 1258 1 421798067.000000 9
1 192 194 10000000 32 144 29 31 131 2 463 1 2066 1 504036385703284416.000000 14 38 228 31 32 122 2 690 2 1776 2 579460124372.000000 11
1 192 195 10000000 32 144 20 28 91 3 332 2 1790 1 37247302930706890752.000000 12 38 228 28 31 114 3 606 1 1291 2 423994684.000000 9
0 196 196 10000000 32 144 1 2 2 1 29 1 29 0 29.000000 5 39 236 1 1 1 1 36 0 144 0 1679616.000000 2
1 196 197 10000000 32 144 9 20 52 2 134 1 666 1 880584338465365632.000000 8 39 236 20 26 99 2 360 1 594 1 394682.000000 7
1 196 198 10000000 32 144 30 31 132 2 492 2 2175 2 504036385722899328.000000 14 39 236 31 32 113 1 721 2 1781 2 2577831705839.000000 10
1 196 199 10000000 32 144 26 31 121 2 471 1 2313 2 10410723349081569280.000000 13 39 236 31 32 112 1 723 1 1785 2 2577831705959.000000 10
0 200 200 10000000 32 144 1 1 1 3 31 1 31 1 31.000000 12 40 239 1 7 2 3 39 4 156 0 2313441.000000 1
1 200 201 10000000 32 144 7 22 25 2 142 1 718 1 2517673220639793152.000000 9 40 239 22 28 90 2 452 1 649 2 73240.000000 6
1 200 202 10000000 32 144 30 31 132 2 492 2 2175 2 504036385722899328.000000 18 40 239 31 32 100 2 752 1 1630 2 10065681752760.000000 10
1 200 203 10000000 32 144 21 28 94 3 369 1 1914 1 24771361087890948096.000000 13 40 239 28 30 97 2 659 1 1157 2 3497072905.000000 8
0 204 204 10000000 32 163 13 30 108 1 104 1 144 2 1674.000000 7 32 156 1 13 5 1 19 0 380 0 37589973457545959724548096.000000 1
1 204 205 10000000 32 163 2 19 13 1 59 1 59 1 59.000000 6 32 156 19 31 121 1 241 2 501 1 13969.000000 6
1 204 206 10000000 32 163 29 32 147 2 486 2 2695 2 616783814668.000000 95 32 156 32 32 156 2 528 1 1706 1 26289961686.000000 11
1 204 207 10000000 32 163 21 32 118 2 390 1 2013 2 16724090038352.000000 14 32 156 32 32 158 6 521 2 1690 2 26289957691.000000 10
0 208 208 10000000 32 163 27 31 145 2 414 1 1036 2 336319336.000000 14 33 156 1 28 19 0 33 1 627 1 71082854184959978968417566720.000000 2
1 208 209 10000000 32 163 13 23 72 2 198 2 1037 1 294151958532.000000 12 33 156 23 32 123 2 317 1 775 2 124769.000000 7
1 208 210 10000000 32 163 27 31 142 2 451 2 2533 2 8239707047523.000000 17 33 156 31 32 142 3 528 1 1661 2 26289428200.000000 10
1 208 211 10000000 32 163 22 31 119 2 401 1 2180 1 2390767994791.000000 11 33 156 31 32 142 2 528 1 1662 2 26289429674.000000 10
0 212 212 10000000 32 163 10 30 84 1 71 1 88 1 325.000000 8 34 169 1 12 4 1 20 0 380 0 5242880000000000000000000.000000 1
1 212 213 10000000 32 163 9 20 51 2 133 1 602 1 26577199693.000000 14 34 169 20 31 111 2 270 1 585 1 28596.000000 7
1 212 214 10000000 32 163 29 32 147 4 486 2 2695 2 616783814668.000000 14 34 169 32 32 136 2 592 1 1866 2 142446368288.000000 11
1 212 215 10000000 32 163 29 33 151 2 501 1 2436 2 297722861221.000000 15 34 169 33 32 140 2 615 2 2015 1 302837308655.000000 11
0 216 216 10000000 32 163 10 30 85 2 81 1 98 1 335.000000 9 35 179 1 13 10 0 20 0 380 0 5242880000000000000000000.000000 2
1 216 217 10000000 32 163 12 24 65 2 158 1 778 1 62582804872.000000 9 35 179 24 32 115 2 384 2 937 1 10229978.000000 8
1 216 218 10000000 32 163 29 32 147 5 486 3 2695 1 616783814668.000000 16 35 179 32 32 132 2 624 2 1936 2 31142741464.000000 10
1 216 219 10000000 32 163 29 33 149 3 498 1 2679 2 27299381089322.000000 15 35 179 33 32 136 2 648 1 2094 2 65898874556.000000 10
0 220 220 10000000 32 163 8 30 78 2 45 2 48 2 45.000000 8 36 196 1 12 8 1 16 1 304 0 75557863725914323419136.000000 2
1 220 221 10000000 32 163 7 20 33 2 116 1 565 1 1125899927591994.000000 8 36 196 20 30 103 1 311 1 618 1 44581.000000 7
1 220 222 10000000 32 163 30 32 153 3 498 1 2731 2 616783816396.000000 16 36 196 32 32 128 2 656 1 1984 2 65827463118.000000 10
1 220 223 10000000 32 163 22 29 110 2 361 2 1866 2 1149547810447.000000 13 36 196 29 31 122 2 566 1 1567 2 6285142652.000000 10
0 224 224 10000000 32 163 3 30 36 4 7 1 7 1 7.000000 6 37 198 1 8 7 1 9 1 171 1 1350851717672992000.000000 1
1 224 225 10000000 32 163 7 16 32 2 85 2 454 1 420707235459671.000000 8 37 198 16 28 82 1 252 2 383 1 2676.000000 5
1 224 226 10000000 32 163 30 32 153 3 498 2 2731 2 616783816396.000000 15 37 198 32 32 115 2 688 2 1843 2 11708991312.000000 10
1 224 227 10000000 32 163 32 32 163 3 528 1 2746 2 4598660757020.000000 16 37 198 32 32 115 2 688 1 1843 2 11708991312.000000 11
0 228 228 10000000 32 163 1 8 5 2 10 1 10 0 10.000000 4 38 207 1 1 1 0 16 1 304 1 75557863725914323419136.000000 1
1 228 229 10000000 32 163 8 28 52 2 170 1 791 1 5427401960.000000 9 38 207 28 30 104 2 578 2 1332 1 861777782.000000 9
1 228 230 10000000 32 163 30 32 153 2 498 2 2731 2 616783816396.000000 15 38 207 32 32 109 2 720 1 1883 1 9044545964.000000 10
1 228 231 10000000 32 163 27 32 137 1 466 2 2505 2 16839520897190.000000 13 38 207 32 32 110 1 715 1 1873 2 9044545669.000000 10
0 232 232 10000000 32 163 10 30 79 3 106 1 123 1 360.000000 9 39 220 1 17 4 1 34 0 646 1 125342809160496616659514032128.000000 1
1 232 233 10000000 32 163 9 24 39 5 133 2 562 1 4734753109.000000 26 39 220 24 28 95 5 483 1 915 2 100277493.000000 8
1 232 234 10000000 32 163 30 32 153 2 498 1 2731 1 616783816396.000000 25 39 220 32 32 106 2 752 1 1911 1 16397937944.000000 10
1 232 235 10000000 32 163 30 32 157 3 518 1 2591 1 2082194643262.000000 16 39 220 32 32 106 3 752 1 1911 2 16397937944.000000 11
0 236 236 10000000 32 163 10 30 85 2 81 1 98 1 335.000000 7 40 239 1 18 13 1 25 0 475 0 363797880709171286976233472.000000 1
1 236 237 10000000 32 163 12 24 65 2 214 1 1136 1 583676792092.000000 10 40 239 24 28 93 1 515 2 946 1 19903551.000000 8
1 236 238 10000000 32 163 30 32 153 2 498 1 2731 2 616783816396.000000 14 40 239 32 32 103 3 784 1 1952 2 14286982090.000000 10
1 236 239 10000000 32 163 26 29 135 3 412 2 2247 1 406165389636.000000 12 40 239 29 30 100 2 676 1 1522 1 745563124.000000 9
0 240 240 10000000 32 163 11 30 87 3 103 1 132 0 1419.000000 8 41 235 1 19 7 0 31 0 589 0 21670662219970397865865379840.000000 2
1 240 241 10000000 32 163 9 23 43 2 134 1 539 1 713869482.000000 8 41 235 23 27 91 2 504 1 901 2 19844630.000000 7
1 240 242 10000000 32 163 31 32 156 3 504 2 2605 1 604084097110.000000 17 41 235 32 32 103 3 816 1 2055 2 33346287874.000000 9
1 240 243 10000000 32 163 28 30 140 4 474 2 2420 1 33030700990.000000 13 41 235 30 31 100 2 752 1 1709 1 2311272978.000000 9
0 244 244 10000000 32 163 1 2 2 3 24 0 24 1 24.000000 7 42 242 1 1 1 1 34 1 646 0 125342809160496616659514032128.000000 1
1 244 245 10000000 32 163 10 29 50 2 230 1 1207 1 26578892347478.000000 13 42 242 29 30 91 2 741 2 1697 1 2311272909.000000 9
1 244 246 10000000 32 163 32 32 163 3 528 1 2629 2 604084097134.000000 15 42 242 32 32 95 2 848 1 2070 1 72195359690.000000 10
1 244 247 10000000 32 163 31 32 161 2 526 2 2509 2 317705453060.000000 17 42 242 32 32 95 3 848 1 2070 2 72195359690.000000 10
0 248 248 10000000 32 163 7 30 65 4 44 1 44 1 44.000000 8 43 243 1 17 13 1 23 1 23 1 23.000000 1
1 248 249 10000000 32 163 13 28 76 3 261 1 1405 2 16703115274517.000000 11 43 243 28 29 77 2 735 1 1345 1 1513011141.000000 9
1 248 250 10000000 32 163 32 32 163 4 528 1 2629 2 604084097134.000000 17 43 243 32 32 81 3 880 1 1822 2 21917276804.000000 11
1 248 251 10000000 32 163 30 32 158 3 519 2 2831 2 169768144875.000000 18 43 243 32 32 81 3 880 2 1822 2 21917276804.000000 10
0 252 252 10000000 32 163 17 31 140 2 163 1 263 1 21593.000000 9 33 229 1 18 4 1 32 1 128 1 1048576.000000 1
1 252 253 10000000 32 163 8 28 45 2 151 1 679 1 3171334599.000000 8 33 229 28 32 212 3 435 2 1348 1 94012707797.000000 10
1 252 254 10000000 32 163 32 32 163 2 528 2 2629 2 604084097134.000000 16 33 229 32 32 212 2 560 2 2153 2 110223484628892.000000 12
1 252 255 10000000 32 163 27 32 138 4 468 2 2510 2 1136113874280.000000 14 33 229 32 32 214 1 555 1 2145 2 110223484628749.000000 12
0 256 256 10000000 32 163 5 30 56 1 15 1 15 3 15.000000 9 34 233 1 7 7 1 7 0 28 0 2401.000000 1
1 256 257 10000000 32 163 12 26 72 2 226 2 1184 1 583676892094.000000 10 34 233 26 32 186 1 417 1 1114 2 1879264143.000000 9
1 256 258 10000000 32 163 32 32 163 3 528 2 2629 2 604084097134.000000 16 34 233 32 32 197 3 592 1 2212 2 64016066825778.000000 12
1 256 259 10000000 32 163 26 32 133 1 447 1 2361 1 16902159476309.000000 13 34 233 32 32 199 3 587 2 2204 2 64016066825629.000000 11
0 260 260 10000000 32 163 14 31 128 1 126 1 180 1 4882.000000 9 35 251 1 17 4 1 35 0 140 1 1500625.000000 0
1 260 261 10000000 32 163 9 29 58 1 210 1 1086 1 41441004961366.000000 75 35 251 29 32 190 2 532 2 1692 1 954598408008.000000 11
1 260 262 10000000 32 163 32 32 163 2 528 2 2629 2 604084097134.000000 16 35 251 32 32 193 1 624 2 2361 2 300136995839318.000000 11
1 260 263 10000000 32 163 27 33 141 2 469 1 2399 1 1140806810051.000000 14 35 251 33 32 196 2 648 2 2597 1 3030802666453876.000000 11
0 264 264 10000000 32 163 11 30 106 1 79 1 101 1 351.000000 9 36 232 1 15 13 0 19 1 76 0 130321.000000 1
1 264 265 10000000 32 163 8 27 46 2 183 1 848 1 9371832683.000000 7 36 232 27 32 163 1 511 2 1369 2 46871853195.000000 9
1 264 266 10000000 32 163 32 32 163 3 528 2 2629 2 604084097134.000000 16 36 232 32 32 175 2 656 2 2354 2 401051792142972.000000 11
1 264 267 10000000 32 163 29 33 150 3 480 2 2543 2 63432999441338.000000 15 36 232 33 32 178 2 681 1 2583 2 3551832985460613.000000 12
0 268 268 10000000 32 163 1 30 13 2 1 1 1 1 1.000000 2 37 246 1 7 5 1 6 1 24 0 1296.000000 5
1 268 269 10000000 32 163 10 30 57 1 237 2 1265 1 63423520443067.000000 8 37 246 30 32 168 2 619 2 1942 2 38284030183527.000000 11
1 268 270 10000000 32 163 32 32 163 3 528 1 2629 2 604084097134.000000 16 37 246 32 32 170 2 688 1 2429 1 3520991821887300.000000 11
1 268 271 10000000 32 163 23 31 136 2 403 2 2199 2 5381264621133.000000 13 37 246 31 32 170 2 641 1 2166 2 396813775655879.000000 11
0 272 272 10000000 32 163 1 1 1 3 29 0 29 1 29.000000 6 38 256 1 1 1 1 35 1 140 0 1500625.000000 2
1 272 273 10000000 32 163 8 24 47 2 156 1 722 1 4097485162.000000 8 38 256 24 30 153 2 457 1 1011 2 8674660459.000000 8
1 272 274 10000000 32 163 32 32 163 2 528 2 2629 2 604084097134.000000 15 38 256 32 32 162 2 720 1 2470 2 12301415554270952.000000 11
1 272 275 10000000 32 163 27 32 138 2 468 2 2285 2 39626087952.000000 15 38 256 32 31 162 2 715 2 2462 2 12301415554270780.000000 11
0 276 276 10000000 32 170 14 32 124 2 110 1 151 1 428.000000 10 32 196 1 14 8 1 19 0 228 0 2213314919066161.000000 2
1 276 277 10000000 32 170 9 14 53 3 85 1 392 1 109415867.000000 9 32 196 14 32 147 2 109 1 204 1 2151.000000 4
1 276 278 10000000 32 170 32 32 170 6 528 3 2763 2 184754817608.000000 19 32 196 32 32 196 3 528 2 1970 2 322776219042.000000 12
1 276 279 10000000 32 170 28 30 151 2 450 2 2527 2 1203148565270.000000 14 32 196 30 32 190 2 478 1 1619 2 19188822470.000000 11
0 280 280 10000000 32 170 4 32 61 1 10 0 11 0 10.000000 6 33 203 1 5 5 0 5 0 5 0 5.000000 0
1 280 281 10000000 32 170 11 19 71 2 150 1 729 1 947731814.000000 12 33 203 19 31 159 2 212 2 416 1 7218.000000 7
1 280 282 10000000 32 170 32 32 170 3 528 1 2763 2 184754817608.000000 19 33 203 32 32 185 2 560 2 2000 1 231599521108.000000 11
1 280 283 10000000 32 170 29 30 160 3 469 1 2653 1 836504316217.000000 14 33 203 30 31 182 2 501 2 1625 1 10766432053.000000 9
0 284 284 10000000 32 170 13 32 147 2 84 1 114 5 260.000000 9 34 216 1 15 11 1 15 0 15 0 15.000000 1
1 284 285 10000000 32 170 9 29 58 2 179 1 847 1 22346097619.000000 8 34 216 29 31 186 2 492 2 1520 1 10111662690.000000 10
1 284 286 10000000 32 170 32 32 170 2 528 2 2763 2 184754817608.000000 16 34 216 32 32 182 1 592 1 2128 2 1312662403584.000000 12
1 284 287 10000000 32 170 31 31 163 2 497 1 2723 2 1197314174599.000000 16 34 216 31 32 181 2 559 1 1913 2 230659864927.000000 11
0 288 288 10000000 32 170 23 32 150 2 302 1 628 2 40612906.000000 13 35 217 1 26 5 0 31 1 31 0 31.000000 1
1 288 289 10000000 32 170 10 27 44 1 231 2 1135 1 19961920583.000000 9 35 217 27 31 150 2 495 2 1350 1 2111148483.000000 10
1 288 290 10000000 32 170 32 32 170 3 528 3 2763 2 184754817608.000000 16 35 217 32 32 165 2 624 1 2172 2 1436342603038.000000 11
1 288 291 10000000 32 170 30 30 157 2 475 2 2655 2 539757588769.000000 14 35 217 30 32 161 2 565 1 1786 2 109046532739.000000 9
0 292 292 10000000 32 170 9 32 103 2 46 1 60 0 106.000000 8 36 223 1 13 5 1 16 0 16 0 16.000000 1
1 292 293 10000000 32 170 10 18 66 1 132 1 632 1 642496222.000000 12 36 223 18 30 130 2 245 1 461 2 37907.000000 7
1 292 294 10000000 32 170 31 32 167 2 507 1 2693 1 152275257285.000000 16 36 223 32 32 156 3 656 2 2230 2 2511378234796.000000 11
1 292 295 10000000 32 170 20 29 116 4 383 2 1970 2 24908320275.000000 12 36 223 29 32 152 2 565 2 1675 1 104092796155.000000 10
0 296 296 10000000 32 170 1 3 2 2 10 0 10 0 10.000000 5 37 221 1 1 1 0 15 0 15 0 15.000000 1
1 296 297 10000000 32 170 6 15 33 2 48 1 207 1 979360.000000 8 37 221 15 29 108 1 195 1 319 2 2725.000000 5
1 296 298 10000000 32 170 31 32 167 2 507 2 2693 2 152275257285.000000 14 37 221 32 32 141 2 688 1 2296 2 6630463922888.000000 11
1 296 299 10000000 32 170 9 19 50 2 107 1 470 1 918883041.000000 8 37 221 19 29 117 2 321 1 634 1 1866213.000000 7
0 300 300 10000000 32 170 2 31 35 1 5 0 5 1 5.000000 6 38 231 1 8 8 0 9 1 9 0 9.000000 1
1 300 301 10000000 32 170 7 21 42 2 135 1 629 1 4722144883.000000 7 38 231 21 30 110 2 394 1 794 2 46299934.000000 7
1 300 302 10000000 32 170 31 32 167 2 507 1 2693 2 152275257285.000000 15 38 231 32 32 135 1 720 1 2281 2 10688844145804.000000 11
1 300 303 10000000 32 170 26 28 143 2 421 2 2472 2 417880593141.000000 12 38 231 28 32 130 2 594 2 1588 2 30925781426.000000 9
0 304 304 10000000 32 170 6 32 63 2 35 0 42 1 57.000000 7 39 236 1 13 11 1 16 0 16 0 16.000000 1
1 304 305 10000000 32 170 7 19 31 2 83 1 358 1 40265211.000000 8 39 236 19 29 112 1 329 2 608 1 17335471.000000 7
1 304 306 10000000 32 170 31 32 167 2 507 1 2693 2 152275257285.000000 18 39 236 32 32 125 5 752 2 2317 2 35719302541356.000000 10
1 304 307 10000000 32 170 23 28 128 3 367 1 2034 2 67696083533.000000 14 39 236 28 32 120 2 622 1 1687 2 70447048092.000000 9
0 308 308 10000000 32 170 13 32 86 3 150 1 207 2 1270.000000 11 40 230 1 21 10 0 29 1 29 0 29.000000 0
1 308 309 10000000 32 170 8 19 30 1 138 1 661 1 3187194540.000000 8 40 230 19 29 88 2 381 2 697 1 44085115.000000 6
1 308 310 10000000 32 170 31 32 167 2 507 1 2693 2 152275257285.000000 14 40 230 32 32 112 3 784 1 2288 1 2132826407064.000000 10
1 308 311 10000000 32 170 27 29 147 2 444 1 2555 1 1812919918094.000000 18 40 230 29 32 108 1 681 1 1887 1 313367597695.000000 9
0 312 312 10000000 32 170 4 32 46 1 22 0 24 1 24.000000 6 41 242 1 13 9 0 17 1 17 1 17.000000 2
1 312 313 10000000 32 170 10 27 46 2 233 1 1144 1 19963505713.000000 9 41 242 27 29 101 2 659 1 1612 2 15575723041.000000 9
1 312 314 10000000 32 170 31 32 167 2 507 2 2693 1 152275257285.000000 17 41 242 32 32 104 2 816 1 2246 2 330337216432.000000 11
1 312 315 10000000 32 170 30 31 160 2 476 2 2584 2 31668047082.000000 16 41 242 31 32 103 1 776 1 2134 2 198646042634.000000 11
0 316 316 10000000 32 170 7 32 48 4 59 1 75 1 153.000000 8 42 244 1 17 6 0 26 1 26 0 26.000000 1
1 316 317 10000000 32 170 8 19 43 3 100 0 506 1 1156132410.000000 9 42 244 19 28 72 2 416 1 781 1 217415386.000000 7
1 316 318 10000000 32 170 31 32 167 2 507 2 2693 2 152275257285.000000 15 42 244 32 32 95 2 848 2 2204 2 444250915038.000000 10
1 316 319 10000000 32 170 28 29 144 2 434 2 2453 2 292354693472.000000 15 42 244 29 32 90 1 737 2 1835 2 108414121547.000000 10
0 320 320 10000000 32 170 1 26 17 1 7 0 7 4 7.000000 4 43 257 1 1 1 1 18 1 18 0 18.000000 1
1 320 321 10000000 32 170 8 21 39 2 129 1 630 1 2923652673.000000 8 43 257 21 30 82 1 474 1 981 1 182626140.000000 7
1 320 322 10000000 32 170 31 32 167 2 507 2 2693 1 152275257285.000000 17 43 257 32 32 90 2 880 2 2177 2 534022972954.000000 10
1 320 323 10000000 32 170 13 20 65 1 167 1 797 1 21945223183.000000 12 43 257 20 29 69 1 489 1 934 1 106180557.000000 8
0 324 324 10000000 32 170 18 32 131 3 183 1 300 1 4543.000000 10 33 248 1 19 4 0 28 1 140 0 17210368.000000 1
1 324 325 10000000 32 170 7 19 36 1 101 1 439 1 444027571.000000 7 33 248 19 32 185 1 258 1 542 1 505716.000000 7
1 324 326 10000000 32 170 31 32 167 3 507 1 2693 2 152275257285.000000 15 33 248 32 32 228 2 560 1 2391 2 121768976989714.000000 11
1 324 327 10000000 32 170 29 30 150 2 468 1 2674 2 19751641376426.000000 17 33 248 30 32 225 2 505 2 1931 2 4454478728363.000000 10
0 328 328 10000000 32 170 1 2 2 1 26 1 26 1 26.000000 5 34 264 1 1 1 0 28 1 140 1 17210368.000000 2
1 328 329 10000000 32 170 8 20 39 1 126 2 580 1 1991768412.000000 9 34 264 20 31 188 1 298 2 655 1 5465274.000000 7
1 328 330 10000000 32 170 31 32 167 2 507 1 2693 1 152275257285.000000 18 34 264 32 32 224 1 592 1 2567 2 744602499666344.000000 11
1 328 331 10000000 32 170 31 31 163 2 497 2 2714 2 823871461013.000000 17 34 264 31 32 223 2 559 1 2304 2 31517669183291.000000 11
0 332 332 10000000 32 170 24 32 148 2 332 2 688 1 40953008.000000 14 35 267 1 27 5 1 34 0 136 1 1336336.000000 1
1 332 333 10000000 32 170 8 15 39 3 79 1 385 1 457662971.000000 8 35 267 15 31 154 1 186 1 331 2 34572.000000 5
1 332 334 10000000 32 170 31 32 167 2 507 2 2693 2 152275257285.000000 14 35 267 32 32 206 2 624 1 2545 2 3947414684298340.000000 12
1 332 335 10000000 32 170 30 30 157 2 475 1 2599 1 90051378719.000000 16 35 267 30 32 203 2 565 2 2060 1 4951228839025.000000 11
0 336 336 10000000 32 170 3 32 48 1 6 0 6 0 6.000000 4 36 286 1 7 7 1 7 0 28 1 2401.000000 1
1 336 337 10000000 32 170 7 19 32 2 116 1 531 1 6139104704.000000 8 36 286 19 30 161 1 302 1 632 2 8001944.000000 6
1 336 338 10000000 32 170 31 32 167 13 507 2 2693 2 152275257285.000000 27 36 286 32 32 203 5 656 1 2711 1 11651422947316872.000000 13
1 336 339 10000000 32 170 23 31 112 2 375 2 2046 2 96959364059.000000 11 36 286 31 31 216 2 598 1 2355 2 654048442297254.000000 11
0 340 340 10000000 32 170 2 32 31 4 3 1 3 1 3.000000 6 37 284 1 7 7 0 7 0 28 0 2401.000000 2
1 340 341 10000000 32 170 7 20 28 2 117 1 521 1 2578870039.000000 6 37 284 20 30 148 2 347 1 746 1 33012003.000000 7
1 340 342 10000000 32 170 31 32 167 4 507 2 2693 2 152275257285.000000 16 37 284 32 32 185 2 688 2 2744 2 18181499941204068.000000 11
1 340 343 10000000 32 170 23 29 109 1 411 2 2398 2 1980910621301.000000 13 37 284 29 32 161 2 640 2 2144 1 3261148838912.000000 10
0 344 344 10000000 32 170 5 32 76 2 16 1 18 0 18.000000 8 38 287 1 11 10 0 12 1 48 1 20736.000000 2
1 344 345 10000000 32 170 8 21 40 1 126 1 613 1 2003402132.000000 7 38 287 21 29 167 1 356 2 781 1 9347444.000000 7
1 344 346 10000000 32 170 31 32 167 4 507 2 2693 2 152275257285.000000 18 38 287 32 32 175 4 720 1 2743 1 18350711784228720.000000 11
1 344 347 10000000 32 170 18 27 90 2 303 1 1447 1 22782477083.000000 13 38 287 27 31 150 2 597 2 1791 1 107453793809.000000 9
0 348 348 10000000 32 159 9 32 107 5 47 1 89 1 1321.000000 7 32 143 1 9 4 0 11 1 33 1 1331.000000 1
1 348 349 10000000 32 159 9 25 36 2 206 1 1164 1 2077740861032.000000 9 32 143 25 32 118 2 419 1 1054 2 535663.000000 8
1 348 350 10000000 32 159 31 31 154 3 507 1 2551 2 49703360314295.000000 18 32 143 31 32 140 3 507 1 1462 1 3297319.000000 10
1 348 351 10000000 32 159 21 23 107 3 279 2 1293 1 19692967677.000000 12 32 143 23 32 123 1 300 1 713 2 95238.000000 7
0 352 352 10000000 32 159 12 32 100 2 99 1 192 1 34533.000000 9 33 147 1 13 8 1 24 0 96 1 331776.000000 1
1 352 353 10000000 32 159 11 20 67 4 134 1 700 2 40461740152.000000 12 33 147 20 32 107 4 235 2 551 3 42195.000000 6
1 352 354 10000000 32 159 31 31 154 3 507 1 2551 1 49703360314295.000000 15 33 147 31 32 129 2 538 2 1552 2 49506192.000000 10
1 352 355 10000000 32 159 13 23 58 2 209 1 987 1 505015353967.000000 10 33 147 23 32 116 2 329 1 786 1 139235.000000 7
0 356 356 10000000 32 159 10 32 122 2 53 1 111 1 8245.000000 7 34 163 1 12 5 0 15 1 60 0 50625.000000 1
1 356 357 10000000 32 159 7 24 41 2 120 1 838 1 35841101216418.000000 8 34 163 24 32 110 2 402 1 976 2 185510.000000 8
1 356 358 10000000 32 159 31 31 154 4 507 2 2551 2 49703360314295.000000 18 34 163 31 32 127 4 569 1 1648 1 4308905601.000000 11
1 356 359 10000000 32 159 13 23 60 3 235 1 1030 1 1113392713991.000000 9 34 163 23 32 98 1 423 2 1004 1 240339.000000 7
0 360 360 10000000 32 159 17 32 96 3 183 1 402 2 785921.000000 13 35 157 1 20 3 2 23 1 69 1 12167.000000 1
1 360 361 10000000 32 159 8 19 38 1 102 1 608 1 18123073118.000000 11 35 157 19 32 72 3 329 1 728 1 54619.000000 6
1 360 362 10000000 32 159 31 31 154 5 507 2 2551 2 49703360314295.000000 15 35 157 31 32 110 4 600 1 1691 2 33407510.000000 10
1 360 363 10000000 32 159 24 29 126 3 361 2 1910 2 1101541328813.000000 16 35 157 29 32 106 2 548 2 1493 1 6226192.000000 9
0 364 364 10000000 32 159 3 33 35 2 14 1 14 1 14.000000 7 36 152 1 7 6 0 11 1 33 1 1331.000000 1
1 364 365 10000000 32 159 10 18 61 1 133 1 693 1 28238906135.000000 11 36 152 18 30 72 1 250 1 581 1 33172.000000 6
1 364 366 10000000 32 159 31 31 154 4 507 2 2551 2 49703360314295.000000 15 36 152 31 32 100 2 631 2 1736 2 42986069.000000 10
1 364 367 10000000 32 159 22 28 113 3 336 2 1820 1 406837237318.000000 13 36 152 28 32 93 2 552 2 1469 1 5945694.000000 9
0 368 368 10000000 32 159 11 32 77 1 115 1 230 1 64425.000000 8 37 159 1 16 5 1 32 0 96 0 32768.000000 1
1 368 369 10000000 32 159 8 16 41 1 78 1 454 1 11069216402.000000 8 37 159 16 30 61 2 231 1 510 2 21001.000000 5
1 368 370 10000000 32 159 31 31 154 4 507 1 2551 1 49703360314295.000000 17 37 159 31 32 93 3 662 2 1747 2 17045234.000000 10
1 368 371 10000000 32 159 26 30 128 2 402 3 2053 1 1114478503862.000000 14 37 159 30 32 91 2 625 1 1617 2 9284283.000000 9
0 372 372 10000000 32 159 13 32 85 4 120 1 253 2 254946.000000 14 38 161 1 19 8 5 23 1 69 0 12167.000000 1
1 372 373 10000000 32 159 6 19 30 1 101 1 546 1 500858791047.000000 9 38 161 19 30 57 2 386 1 787 2 56384.000000 6
1 372 374 10000000 32 159 31 31 154 3 507 2 2551 1 49703360314295.000000 15 38 161 31 32 86 2 693 2 1646 1 28431997.000000 10
1 372 375 10000000 32 159 19 28 101 2 264 3 1399 1 702005626874.000000 12 38 161 28 31 80 2 594 1 1376 2 4199804.000000 9
0 376 376 10000000 32 159 1 30 12 2 2 1 2 1 2.000000 6 39 164 1 1 1 1 9 1 27 1 729.000000 2
1 376 377 10000000 32 159 13 23 62 3 200 2 1021 1 394704641490.000000 11 39 164 23 29 66 4 452 1 959 1 129188.000000 7
1 376 378 10000000 32 159 31 31 154 2 507 1 2551 1 49703360314295.000000 15 39 164 31 32 79 2 724 1 1680 2 47932356.000000 10
1 376 379 10000000 32 159 18 26 101 3 298 1 1398 2 1101230175528.000000 11 39 164 26 32 70 2 564 1 1269 2 1273878.000000 8
0 380 380 10000000 32 159 1 27 16 2 5 1 5 0 5.000000 5 40 179 1 1 1 0 13 1 39 1 2197.000000 1
1 380 381 10000000 32 159 6 15 29 1 75 1 399 1 17003351569.000000 8 40 179 15 29 36 1 261 1 497 1 14405.000000 5
1 380 382 10000000 32 159 31 31 154 5 507 2 2551 2 49703360314295.000000 18 40 179 31 32 73 1 755 1 1678 2 17623391.000000 9
1 380 383 10000000 32 159 19 26 104 4 301 2 1494 1 660755749781.000000 12 40 179 26 32 64 2 590 1 1334 2 2108454.000000 9
0 384 384 10000000 32 159 1 3 3 1 29 1 29 1 29.000000 5 41 186 1 11 3 0 38 1 114 0 54872.000000 2
1 384 385 10000000 32 159 8 22 35 2 176 1 938 1 505710386996.000000 8 41 186 22 26 50 1 530 2 1127 1 196692.000000 8
1 384 386 10000000 32 159 3 11 8 2 83 1 516 1 382389393281.000000 5 41 186 11 24 20 4 233 1 415 1 8825.000000 4
1 384 387 10000000 32 159 8 24 43 1 132 1 737 1 56392506798.000000 7 41 186 24 29 55 1 531 2 1122 1 223703.000000 8
0 388 388 10000000 32 159 1 22 10 1 6 1 6 0 6.000000 3 42 199 1 1 1 1 16 1 48 0 4096.000000 1
1 388 389 10000000 32 159 5 22 33 2 74 2 335 1 11020851284.000000 5 42 199 22 30 47 2 523 1 1119 2 230961.000000 7
1 388 390 10000000 32 159 29 31 145 2 475 2 2599 2 14689402370125.000000 14 42 199 31 32 64 2 817 2 1662 2 1110243.000000 10
1 388 391 10000000 32 159 15 28 74 2 272 2 1215 1 856186194550.000000 13 42 199 28 30 62 1 681 1 1414 2 580851.000000 9
0 392 392 10000000 32 159 1 5 3 2 12 0 12 1 12.000000 4 43 214 1 1 1 1 23 1 69 0 12167.000000 1
1 392 393 10000000 32 159 11 23 59 2 204 1 1045 1 452784955674.000000 9 43 214 23 27 51 2 565 2 1199 2 333277.000000 9
1 392 394 10000000 32 159 3 13 19 1 41 0 254 1 535445825.000000 6 43 214 13 26 26 1 236 1 446 1 18018.000000 6
0 395 395 10000000 32 159 18 32 133 1 169 1 362 1 176443.000000 11 33 220 1 19 8 0 25 0 75 0 15625.000000 1
1 395 396 10000000 32 159 8 23 52 2 130 2 787 1 657601225098.000000 8 33 220 23 32 174 2 358 1 834 2 80008.000000 8
1 395 397 10000000 32 159 31 31 154 3 507 2 2551 2 49703360314295.000000 15 33 220 31 32 197 2 538 1 1845 2 4538007397094.000000 10
1 395 398 10000000 32 159 8 24 43 4 132 1 737 1 56392506798.000000 7 33 220 24 32 189 2 339 1 838 2 496367.000000 8
0 399 399 10000000 32 159 12 32 116 2 77 1 161 2 18139.000000 8 34 230 1 14 5 0 17 0 51 1 4913.000000 1
1 399 400 10000000 32 159 8 19 30 3 163 1 925 1 511972226009.000000 7 34 230 19 31 147 1 322 2 661 1 40936.000000 6
1 399 401 10000000 32 159 16 27 72 2 301 2 1434 2 28935445255.000000 11 34 230 27 30 186 2 451 1 1251 1 2357520629.000000 9
1 399 402 10000000 32 159 11 28 62 2 186 1 875 1 856177107600.000000 8 34 230 28 32 186 1 488 2 1418 1 10618671172.000000 10
0 403 403 10000000 32 159 17 32 122 2 144 1 322 1 259780.000000 12 35 249 1 20 8 1 23 0 23 0 23.000000 1
1 403 404 10000000 32 159 14 26 86 2 243 2 1228 2 1151843814601.000000 11 35 249 26 32 178 3 468 1 1218 2 2342793918.000000 9
1 403 405 10000000 32 159 31 31 154 3 507 2 2551 1 49703360314295.000000 18 35 249 31 32 191 2 600 2 2101 1 3657965755159364.000000 11
1 403 406 10000000 32 159 19 25 100 3 263 2 1327 1 1151604603369.000000 16 35 249 25 32 176 4 435 1 1086 1 412635241.000000 8
0 407 407 10000000 32 159 9 32 103 2 47 1 89 1 1321.000000 9 36 256 1 13 13 4 14 0 14 1 14.000000 1
1 407 408 10000000 32 159 12 25 72 2 219 1 1132 1 1151604227201.000000 9 36 256 25 32 163 2 460 1 1143 1 2342453406.000000 8
1 407 409 10000000 32 159 31 31 154 2 507 1 2551 2 49703360314295.000000 14 36 256 31 32 178 2 631 2 2163 1 11402822007738852.000000 11
1 407 410 10000000 32 159 14 26 74 2 175 1 891 1 39284223055.000000 10 36 256 26 32 165 2 482 1 1264 2 10572797810.000000 9
0 411 411 10000000 32 159 4 32 66 2 10 1 12 0 10.000000 8 37 272 1 9 9 2 9 1 9 0 9.000000 1
1 411 412 10000000 32 159 6 11 33 1 71 1 362 0 11020921171.000000 10 37 272 11 27 114 1 148 1 249 1 3264.000000 4
1 411 413 10000000 32 159 31 31 154 3 507 2 2551 2 49703360314295.000000 16 37 272 31 31 173 2 662 1 2245 2 18036474632139704.000000 12
1 411 414 10000000 32 159 14 26 74 2 175 1 891 4 39284223055.000000 14 37 272 26 32 159 3 508 1 1306 2 32466959354.000000 9
0 415 415 10000000 32 159 6 32 92 1 21 1 33 1 47.000000 7 38 272 1 12 11 2 12 1 12 1 12.000000 1
1 415 416 10000000 32 159 8 24 49 2 120 1 676 1 18333375978.000000 11 38 272 24 31 153 2 482 1 1165 1 1361315758.000000 8
1 415 417 10000000 32 159 31 31 154 2 507 2 2551 2 49703360314295.000000 15 38 272 31 31 168 2 693 1 2337 2 16912230538950212.000000 11
1 415 418 10000000 32 159 8 22 42 1 91 2 533 1 8051728381.000000 9 38 272 22 31 146 2 436 2 933 1 1004396.000000 8
0 419 419 10000000 32 159 16 30 111 3 160 1 342 1 175664.000000 10 39 269 1 23 10 1 31 1 31 1 31.000000 1
1 419 420 10000000 32 159 11 20 57 2 134 1 704 1 39250668344.000000 8 39 269 20 31 127 1 357 2 720 1 95945.000000 7
1 419 421 10000000 32 159 31 31 154 3 507 1 2551 2 49703360314295.000000 15 39 269 31 31 151 2 724 2 2488 2 102259161905612880.000000 11
0 422 422 10000000 32 159 3 30 48 1 9 1 9 1 9.000000 6 40 276 1 10 9 1 12 0 12 0 12.000000 1
1 422 423 10000000 32 159 5 9 19 1 35 1 150 0 5782163.000000 7 40 276 9 27 92 1 122 1 201 1 3404.000000 3
1 422 424 10000000 32 159 31 31 154 2 507 2 2551 2 49703360314295.000000 15 40 276 31 31 151 2 755 1 2639 2 522146253130657152.000000 10
1 422 425 10000000 32 159 7 18 38 2 89 2 607 1 35195393003217.000000 8 40 276 18 29 106 2 399 1 762 2 100071.000000 6
0 426 426 10000000 32 172 2 32 30 1 3 2 3 0 3.000000 6 32 146 1 2 2 0 2 1 4 0 4.000000 1
1 426 427 10000000 32 172 10 18 66 1 127 1 677 3 324381077957.000000 11 32 146 18 32 111 3 173 1 400 2 126003.000000 6
1 426 428 10000000 32 172 31 32 166 2 507 2 2573 1 10285930942569.000000 16 32 146 32 32 146 2 528 2 1667 2 27259520536.000000 11
0 429 429 10000000 32 172 8 32 94 2 48 1 56 1 74.000000 8 33 144 1 9 5 1 19 1 38 0 361.000000 1
1 429 430 10000000 32 172 8 22 45 2 91 1 410 1 118589603703.000000 9 33 144 22 31 110 1 326 1 796 2 1794926.000000 7
1 429 431 10000000 32 172 31 32 166 3 507 2 2573 2 10285930942569.000000 15 33 144 32 32 132 2 560 1 1707 1 14439553908.000000 11
1 429 432 10000000 32 172 8 21 37 2 184 2 901 1 14659752205342.000000 8 33 144 21 31 102 1 319 2 758 1 620697.000000 7
0 433 433 10000000 32 172 18 32 105 2 271 1 542 1 5388835.000000 10 34 152 1 20 2 0 34 1 68 0 1156.000000 1
1 433 434 10000000 32 172 8 21 37 2 184 1 901 1 14659752205342.000000 9 34 152 21 30 100 3 340 1 812 1 821478.000000 8
1 433 435 10000000 32 172 32 32 172 5 528 2 2609 2 10286013609922.000000 15 34 152 32 32 129 2 592 2 1805 2 10677623308.000000 11
0 436 436 10000000 32 172 7 32 80 1 50 1 55 1 56.000000 7 35 165 1 10 3 1 32 0 96 1 32768.000000 1
1 436 437 10000000 32 172 10 18 59 2 115 0 628 1 795196792827.000000 9 35 165 18 31 93 1 225 1 503 2 420471.000000 7
1 436 438 10000000 32 172 31 32 170 2 501 1 2535 2 6475025041683.000000 15 35 165 32 32 123 2 624 2 1817 2 32762668322.000000 11
0 439 439 10000000 32 172 24 32 141 3 346 1 782 2 18421464.000000 15 36 174 1 28 3 1 34 0 102 0 39304.000000 1
1 439 440 10000000 32 172 11 25 47 1 261 1 1358 1 26929335450419.000000 10 36 174 25 29 102 2 500 2 1082 1 777460.000000 8
1 439 441 10000000 32 172 32 32 172 3 528 2 2609 2 10286013609922.000000 16 36 174 32 32 117 1 656 1 1794 2 14619532630.000000 11
1 439 442 10000000 32 172 9 25 39 2 212 1 1131 1 20075533967900.000000 8 36 174 25 30 101 1 495 2 1075 2 777329.000000 8
0 443 443 10000000 32 172 1 2 2 2 26 1 26 1 26.000000 5 37 171 1 1 1 1 31 1 124 0 923521.000000 1
1 443 444 10000000 32 172 10 20 57 2 116 2 632 1 513576927042.000000 9 37 171 20 29 91 1 311 2 554 1 100473.000000 7
1 443 445 10000000 32 172 32 32 172 2 528 2 2609 2 10286013609922.000000 15 37 171 32 32 111 2 688 1 1752 2 39801946602.000000 10
0 446 446 10000000 32 172 10 32 87 2 75 1 95 1 209.000000 10 38 181 1 17 8 1 22 0 88 1 234256.000000 2
1 446 447 10000000 32 172 7 24 31 2 114 1 734 1 15606660829922.000000 9 38 181 24 29 86 3 505 1 943 2 910451.000000 8
1 446 448 10000000 32 172 32 32 172 4 528 2 2609 2 10286013609922.000000 19 38 181 32 32 103 3 720 3 1770 1 8820653596.000000 10
1 446 449 10000000 32 172 11 25 60 2 151 1 795 1 344234041507.000000 8 38 181 25 29 93 2 514 1 981 1 1203204.000000 8
0 450 450 10000000 32 172 7 32 80 2 50 2 55 0 56.000000 7 39 192 1 15 5 1 36 0 144 1 1679616.000000 1
1 450 451 10000000 32 172 6 19 26 1 58 1 248 1 2357988646.000000 7 39 192 19 27 81 2 339 1 563 1 121753.000000 6
1 450 452 10000000 32 172 32 32 172 4 528 2 2609 1 10286013609922.000000 16 39 192 32 32 99 2 752 2 1800 2 7292564352.000000 11
1 450 453 10000000 32 172 5 22 27 1 85 1 509 1 14507179537659.000000 6 39 192 22 28 78 1 478 2 831 1 585130.000000 7
0 454 454 10000000 32 172 2 32 30 1 3 1 3 1 3.000000 6 40 191 1 8 8 1 10 1 40 0 10000.000000 2
1 454 455 10000000 32 172 6 14 31 1 71 0 354 1 198360993089.000000 7 40 191 14 26 67 2 223 1 349 1 24749.000000 5
1 454 456 10000000 32 172 32 32 172 3 528 1 2609 2 10286013609922.000000 18 40 191 32 32 99 2 784 2 1899 2 16037427500.000000 11
1 454 457 10000000 32 172 8 15 41 2 88 1 436 1 198362033536.000000 8 40 191 15 26 65 2 257 1 403 1 56239.000000 5
0 458 458 10000000 32 172 1 2 2 2 14 0 14 0 14.000000 6 41 191 1 3 2 1 23 0 92 0 279841.000000 2
1 458 459 10000000 32 172 7 20 40 1 89 1 585 1 1297872622621.000000 7 41 191 20 28 75 1 456 1 790 1 589214.000000 7
1 458 460 10000000 32 172 32 32 172 2 528 1 2609 2 10286013609922.000000 18 41 191 32 32 99 2 816 2 1998 1 34095148524.000000 10
1 458 461 10000000 32 172 16 29 94 1 264 1 1432 2 35197379396184.000000 10 41 191 29 32 93 1 704 1 1548 1 2908046466.000000 9
0 462 462 10000000 32 172 8 32 86 2 52 1 60 1 78.000000 9 42 197 1 15 6 1 31 1 124 0 923521.000000 1
1 462 463 10000000 32 172 5 22 27 3 85 1 509 1 14507179537659.000000 8 42 197 22 27 72 2 544 1 804 1 60866.000000 7
1 462 464 10000000 32 172 32 32 172 4 528 2 2609 2 10286013609922.000000 16 42 197 32 32 91 2 848 2 1873 2 70219240628.000000 11
1 462 465 10000000 32 172 20 23 107 4 249 1 1385 1 337585071753.000000 13 42 197 23 29 80 2 508 1 812 2 1830476.000000 7
0 466 466 10000000 32 172 1 2 2 2 20 0 20 1 20.000000 5 43 211 1 1 1 1 31 1 124 1 923521.000000 1
1 466 467 10000000 32 172 8 15 41 3 88 2 436 1 198362033536.000000 9 43 211 15 23 59 2 302 1 401 1 7480.000000 6
1 466 468 10000000 32 172 32 32 172 2 528 1 2609 2 10286013609922.000000 16 43 211 32 32 89 3 880 2 1931 2 69277092620.000000 10
1 466 469 10000000 32 172 16 28 98 2 218 1 1172 1 1298165122046.000000 12 43 211 28 30 83 1 723 1 1315 2 517075133.000000 9
0 470 470 10000000 32 172 3 32 46 2 6 1 6 1 6.000000 6 33 209 1 4 4 1 4 0 16 0 256.000000 2
1 470 471 10000000 32 172 6 16 31 3 83 1 385 1 322689401039.000000 7 33 209 16 32 146 3 188 2 310 1 8116.000000 6
1 470 472 10000000 32 172 32 32 172 3 528 1 2609 1 10286013609922.000000 18 33 209 32 32 193 3 560 2 1976 1 439026992994018.000000 11
1 470 473 10000000 32 172 19 31 100 4 305 1 1670 2 10607376760353.000000 20 33 209 31 32 197 2 518 1 1744 2 52153391525812.000000 11
0 474 474 10000000 32 172 8 32 98 3 38 0 46 2 64.000000 14 34 217 1 10 9 4 11 1 44 1 14641.000000 1
1 474 475 10000000 32 172 7 24 32 1 135 1 883 0 27550156252369.000000 8 34 217 24 32 158 1 424 1 943 1 21004592.000000 8
1 474 476 10000000 32 172 32 32 172 3 528 2 2609 2 10286013609922.000000 15 34 217 32 32 191 2 592 2 2141 2 3256650567751492.000000 11
0 477 477 10000000 32 172 17 32 128 2 177 1 352 1 325965.000000 11 35 222 1 20 11 0 26 0 130 0 11881376.000000 1
1 477 478 10000000 32 172 8 25 46 1 126 1 606 1 516297026118.000000 11 35 222 25 31 153 3 430 1 1021 2 379972238.000000 9
1 477 479 10000000 32 172 32 32 172 4 528 1 2609 2 10286013609922.000000 18 35 222 32 32 174 3 624 2 2153 2 2237372088772378.000000 11
0 480 480 10000000 32 172 16 32 125 1 156 1 300 1 82640.000000 9 36 234 1 20 4 1 26 1 130 1 11881376.000000 1
1 480 481 10000000 32 172 9 24 36 2 170 1 930 1 35466826832400.000000 8 36 234 24 31 140 2 469 1 986 1 15686759.000000 8
1 480 482 10000000 32 172 32 32 172 2 528 1 2609 2 10286013609922.000000 15 36 234 32 32 169 2 656 1 2238 2 2310545651334868.000000 12
1 480 483 10000000 32 172 23 30 123 5 370 1 2160 2 878024880124.000000 14 36 234 30 32 170 2 582 1 1771 2 135866303102248.000000 10
0 484 484 10000000 32 172 1 1 1 2 25 0 25 0 25.000000 5 37 251 1 1 1 1 30 1 150 0 24300000.000000 2
1 484 485 10000000 32 172 12 24 69 4 172 2 934 1 10585873706968.000000 19 37 251 24 29 157 9 434 1 933 1 27435914.000000 9
1 484 486 10000000 32 172 32 32 172 2 528 2 2609 2 10286013609922.000000 15 37 251 32 32 165 3 688 1 2351 1 4439633652349362.000000 11
1 484 487 10000000 32 172 11 19 69 2 150 1 800 1 516732428746.000000 10 37 251 19 29 142 2 290 1 544 1 827482.000000 6
0 488 488 10000000 32 172 12 32 113 1 86 1 137 1 934.000000 8 38 259 1 18 11 1 21 1 105 0 4084101.000000 2
1 488 489 10000000 32 172 6 13 28 2 54 1 282 1 118587950508.000000 13 38 259 13 25 131 1 170 1 266 1 4468.000000 4
1 488 490 10000000 32 172 32 32 172 3 528 2 2609 2 10286013609922.000000 18 38 259 32 32 152 2 720 2 2345 1 973245528324842.000000 10
1 488 491 10000000 32 172 14 25 62 2 236 1 1280 1 20075534857852.000000 10 38 259 25 32 127 1 545 2 1180 1 96968896473.000000 8
0 492 492 10000000 32 150 12 32 82 2 95 1 137 1 757.000000 9 32 186 1 12 5 1 27 0 135 0 14348907.000000 2
1 492 493 10000000 32 150 5 7 19 2 24 1 78 1 8264.000000 6 32 186 7 31 79 1 28 1 67 1 460.000000 3
1 492 494 10000000 32 150 2 10 11 2 21 1 97 0 1419921.000000 5 32 186 10 31 94 1 78 1 213 1 44260.000000 4
1 492 495 10000000 32 150 6 13 30 3 48 1 185 1 1922804.000000 6 32 186 13 31 113 1 113 1 320 1 63585.000000 5
0 496 496 10000000 32 150 6 32 64 4 22 1 29 0 34.000000 8 33 198 1 7 4 0 8 1 48 1 262144.000000 1
1 496 497 10000000 32 150 13 22 65 2 188 1 778 1 406468056.000000 11 33 198 22 31 157 2 287 2 831 1 1002323.000000 8
1 496 498 10000000 32 150 32 32 150 2 528 2 2550 2 2694821695686.000000 14 33 198 32 32 183 2 560 1 2209 2 6923737856.000000 11
0 499 499 10000000 32 150 2 32 23 2 3 0 3 1 3.000000 8 34 198 1 4 4 2 4 1 24 0 4096.000000 1
1 499 500 10000000 32 150 10 17 56 3 133 1 500 1 3782565.000000 9 34 198 17 31 124 1 195 2 526 1 235291.000000 6
1 499 501 10000000 32 150 32 32 150 3 528 2 2550 1 2694821695686.000000 17 34 198 32 32 169 1 592 1 2325 2 19779466540.000000 12
1 499 502 10000000 32 150 8 22 29 1 133 1 476 1 37742189.000000 8 34 198 22 31 139 1 333 2 976 1 2613309.000000 8
0 503 503 10000000 32 150 25 32 130 2 389 1 911 2 33264445878563.000000 16 35 198 1 28 5 0 35 1 175 1 52521875.000000 1
1 503 504 10000000 32 150 11 21 64 1 150 1 605 1 138315648.000000 13 35 198 21 30 132 1 289 1 694 1 726945.000000 7
1 503 505 10000000 32 150 32 32 150 2 528 1 2550 2 2694821695686.000000 19 35 198 32 32 156 2 624 2 2187 1 44810251838.000000 11
1 503 506 10000000 32 150 13 23 52 2 197 1 772 1 85588563.000000 10 35 198 23 31 130 2 390 1 994 1 7497278.000000 8
0 507 507 10000000 32 150 1 30 9 1 3 0 3 0 3.000000 6 36 204 1 1 1 1 7 0 35 0 16807.000000 2
1 507 508 10000000 32 150 7 22 30 2 126 1 447 1 30291586.000000 11 36 204 22 30 125 2 371 2 881 1 6515163.000000 7
1 507 509 10000000 32 150 32 32 150 2 528 1 2550 2 2694821695686.000000 14 36 204 32 32 146 3 656 2 2202 2 494920516344.000000 11
1 507 510 10000000 32 150 6 13 25 2 66 1 282 1 25720260.000000 6 36 204 13 30 90 1 182 1 372 1 22062.000000 5
0 511 511 10000000 32 150 17 32 109 2 179 1 289 1 4507.000000 10 37 204 1 22 12 1 28 0 112 1 614656.000000 1
1 511 512 10000000 32 150 12 22 55 2 202 1 835 1 1023794884.000000 19 37 204 22 31 115 2 384 2 809 2 3061490.000000 7
1 511 513 10000000 32 150 32 32 150 4 528 1 2550 1 2694821695686.000000 15 37 204 32 32 136 2 688 2 2136 2 708844915256.000000 11
1 511 514 10000000 32 150 12 26 57 2 196 1 808 1 423108428.000000 9 37 204 26 31 123 1 506 1 1229 2 52191510.000000 9
0 515 515 10000000 32 150 3 32 26 2 20 1 20 1 20.000000 8 38 210 1 9 5 1 23 1 92 1 279841.000000 2
1 515 516 10000000 32 150 11 19 54 2 134 2 511 1 4665640.000000 9 38 210 19 29 99 1 306 1 603 1 471184.000000 7
1 515 517 10000000 32 150 32 32 150 2 528 2 2550 2 2694821695686.000000 15 38 210 32 32 126 2 720 2 2129 2 684197289114.000000 11
1 515 518 10000000 32 150 12 22 57 1 197 1 789 1 406468485.000000 12 38 210 22 30 108 2 418 1 882 2 6077738.000000 7
0 519 519 10000000 32 150 9 32 77 4 60 1 74 2 98.000000 11 39 214 1 16 4 2 27 0 108 1 531441.000000 1
1 519 520 10000000 32 150 12 26 57 2 196 2 808 1 423108428.000000 10 39 214 26 31 103 2 558 1 1219 2 14746472.000000 9
1 519 521 10000000 32 150 32 32 150 2 528 1 2550 2 2694821695686.000000 17 39 214 32 32 115 2 752 1 2084 2 2618273732362.000000 11
1 519 522 10000000 32 150 12 22 57 2 197 1 789 1 406468485.000000 8 39 214 22 30 97 1 440 1 893 1 2686052.000000 7
0 523 523 10000000 32 150 17 32 99 3 217 1 341 1 10575.000000 10 40 215 1 25 5 0 39 1 156 0 2313441.000000 1
1 523 524 10000000 32 150 7 22 33 2 106 2 383 1 11598622.000000 8 40 215 22 29 85 2 441 1 793 1 387783.000000 7
1 523 525 10000000 32 150 32 32 150 3 528 2 2550 2 2694821695686.000000 15 40 215 32 32 106 2 784 2 1986 2 1298247688044.000000 11
1 523 526 10000000 32 150 17 25 74 3 252 2 1171 2 43672614568.000000 11 40 215 25 31 93 2 554 1 1070 2 2496020.000000 8
0 527 527 10000000 32 150 1 3 3 2 24 0 24 0 24.000000 5 41 223 1 1 1 1 33 0 132 0 1185921.000000 2
1 527 528 10000000 32 150 8 22 29 2 133 0 476 1 37742189.000000 8 41 223 22 28 82 2 487 1 746 1 73775.000000 6
1 527 529 10000000 32 150 32 32 150 2 528 1 2550 2 2694821695686.000000 15 41 223 32 32 99 2 816 2 1905 2 3269763990070.000000 11
0 530 530 10000000 32 150 10 32 86 1 67 1 98 1 477.000000 7 42 232 1 20 18 0 23 1 92 1 279841.000000 1
1 530 531 10000000 32 150 8 29 34 2 184 1 667 2 54327084.000000 8 42 232 29 30 88 4 753 1 1455 2 7551063475.000000 9
1 530 532 10000000 32 150 32 32 150 3 528 2 2550 1 2694821695686.000000 16 42 232 32 32 95 2 848 1 1904 2 1087522856068.000000 11
1 530 533 10000000 32 150 8 18 40 2 88 1 330 1 4372264.000000 8 42 232 18 25 79 2 353 1 463 2 17197.000000 6
0 534 534 10000000 32 150 1 2 2 1 20 1 20 0 20.000000 6 43 230 1 1 1 1 31 1 124 1 923521.000000 2
1 534 535 10000000 32 150 12 22 57 2 197 1 789 1 406468485.000000 9 43 230 22 29 74 2 528 1 745 1 76900.000000 7
1 534 536 10000000 32 150 32 32 150 3 528 2 2550 2 2694821695686.000000 18 43 230 32 32 87 1 880 1 1863 2 206641167512.000000 10
1 534 537 10000000 32 150 8 18 40 5 88 1 330 2 4372264.000000 10 43 230 18 25 70 3 371 1 486 2 19285.000000 5
0 538 538 10000000 32 150 12 32 74 3 82 1 128 1 1014.000000 8 33 224 1 13 10 0 13 1 52 1 28561.000000 1
1 538 539 10000000 32 150 11 19 58 1 134 2 516 1 4710480.000000 9 33 224 19 32 172 2 220 1 455 1 44056.000000 8
1 538 540 10000000 32 150 32 32 150 2 528 2 2550 2 2694821695686.000000 16 33 224 32 32 203 1 560 1 2304 1 25302836973418.000000 11
1 538 541 10000000 32 150 8 18 40 4 88 1 330 1 4372264.000000 10 33 224 18 31 176 1 191 2 382 1 20941.000000 7
0 542 542 10000000 32 150 6 32 52 2 24 1 31 1 36.000000 6 34 218 1 8 7 0 9 0 36 1 6561.000000 1
1 542 543 10000000 32 150 13 21 65 2 191 1 756 1 28479367.000000 11 34 218 21 31 165 1 306 1 699 2 1662684.000000 8
1 542 544 10000000 32 150 32 32 150 2 528 2 2550 2 2694821695686.000000 15 34 218 32 32 192 2 592 2 2361 1 39386978028502.000000 11
1 542 545 10000000 32 150 10 16 45 4 110 2 413 3 1406928.000000 13 34 218 16 32 157 4 168 1 311 1 10538.000000 7
0 546 546 10000000 32 150 12 32 91 2 91 2 140 1 1077.000000 8 35 222 1 15 13 0 17 0 68 0 83521.000000 1
1 546 547 10000000 32 150 5 17 27 1 54 1 185 1 1427120.000000 6 35 222 17 31 137 1 207 1 390 1 37155.000000 6
1 546 548 10000000 32 150 32 32 150 87 528 1 2550 2 2694821695686.000000 17 35 222 32 32 175 3 624 2 2362 2 39470488491126.000000 11
0 549 549 10000000 32 150 14 32 104 3 126 1 197 1 2428.000000 10 36 232 1 18 4 2 24 0 96 0 331776.000000 3
1 549 550 10000000 32 150 10 16 45 1 110 1 413 1 1406928.000000 8 36 232 16 31 138 2 200 1 321 1 29424.000000 6
1 549 551 10000000 32 150 32 32 150 3 528 1 2550 1 2694821695686.000000 15 36 232 32 32 169 2 656 2 2382 1 218165000035712.000000 10
0 552 552 10000000 32 150 12 32 84 3 100 2 149 1 1086.000000 9 37 229 1 16 7 1 28 1 112 1 614656.000000 1
1 552 553 10000000 32 150 6 23 25 1 106 1 418 0 54075220.000000 8 37 229 23 30 142 2 444 2 1020 1 3657658628.000000 8
1 552 554 10000000 32 150 32 32 150 2 528 2 2550 2 2694821695686.000000 16 37 229 32 32 169 2 688 2 2551 2 1039030751804924.000000 11
1 552 555 10000000 32 150 13 29 56 1 269 1 1267 1 5022177194043.000000 141 37 229 29 30 150 2 622 1 1996 1 5909709462306.000000 9
0 556 556 10000000 32 150 9 32 73 1 62 1 88 1 456.000000 8 38 225 1 14 11 1 19 0 76 1 130321.000000 1
1 556 557 10000000 32 150 7 28 29 2 157 1 545 2 49169679.000000 7 38 225 28 30 136 2 604 1 1848 2 1290267548062.000000 10
1 556 558 10000000 32 150 31 33 144 2 507 1 2511 2 5487097362787.000000 17 38 225 33 32 157 2 746 2 2684 1 1296453540221196.000000 11
0 559 559 10000000 32 150 1 4 2 3 16 1 16 1 16.000000 7 39 233 1 1 1 1 23 0 92 1 279841.000000 2
1 559 560 10000000 32 150 8 28 32 2 185 1 670 1 54329353.000000 9 39 233 28 30 126 3 632 1 1965 2 5571276881470.000000 12
1 559 561 10000000 32 150 31 33 144 3 507 1 2511 2 5487097362787.000000 15 39 233 33 32 147 2 779 2 2748 2 3959986147513323.000000 11
1 559 562 10000000 32 150 7 23 25 2 115 1 446 0 54087951.000000 6 39 233 23 30 118 1 489 2 1167 1 27081682813.000000 8
0 563 563 10000000 32 166 23 31 149 3 285 2 432 1 19575.000000 11 32 181 1 23 5 1 24 1 96 0 331776.000000 1
1 563 564 10000000 32 166 8 21 27 3 142 1 640 1 1099532319638.000000 9 32 181 21 32 150 2 268 1 652 1 192174.000000 7
1 563 565 10000000 32 166 29 29 157 2 452 1 2569 2 95630234309542.000000 15 32 181 29 32 176 2 452 2 1421 1 57494784.000000 9
1 563 566 10000000 32 166 7 20 26 2 115 1 444 0 54074479.000000 19 32 181 20 32 148 4 241 1 578 1 99507.000000 7
0 567 567 10000000 32 166 18 31 145 3 169 1 221 2 571.000000 13 33 191 1 19 9 1 22 0 88 1 234256.000000 1
1 567 568 10000000 32 166 8 21 48 1 126 1 585 1 1099515060596.000000 9 33 191 21 32 147 2 278 1 677 1 130034.000000 8
1 567 569 10000000 32 166 30 30 160 2 473 2 2678 2 95630320064053.000000 17 33 191 30 32 172 4 503 2 1649 1 464125189.000000 11
1 567 570 10000000 32 166 10 16 61 1 115 1 451 1 47512155.000000 10 33 191 16 31 132 1 160 1 349 1 13918.000000 6
0 571 571 10000000 32 166 6 31 76 2 25 1 28 1 31.000000 6 34 200 1 8 5 1 12 1 48 0 20736.000000 1
1 571 572 10000000 32 166 7 19 39 2 89 1 358 1 35449057.000000 9 34 200 19 30 142 2 253 1 550 1 82295.000000 7
1 571 573 10000000 32 166 30 30 160 2 473 1 2678 2 95630320064053.000000 14 34 200 30 31 167 3 533 2 1685 2 679076327.000000 10
0 574 574 10000000 32 166 13 31 127 2 102 1 123 1 270.000000 8 35 208 1 16 10 1 18 0 90 0 1889568.000000 1
1 574 575 10000000 32 166 8 20 45 3 132 1 600 1 852896634138.000000 11 35 208 20 31 133 1 285 1 640 2 175341.000000 7
1 574 576 10000000 32 166 30 30 160 5 473 1 2678 1 95630320064053.000000 17 35 208 30 31 156 3 563 1 1739 2 6736193121.000000 11
1 574 577 10000000 32 166 8 18 40 2 110 1 543 1 1099521437944.000000 8 35 208 18 31 118 1 277 1 583 1 92421.000000 7
0 578 578 10000000 32 166 14 31 136 2 124 1 148 1 310.000000 12 36 216 1 18 7 0 33 1 132 1 1185921.000000 1
1 578 579 10000000 32 166 8 18 40 1 110 1 543 1 1099521437944.000000 9 36 216 18 30 117 2 295 1 533 2 84317.000000 6
1 578 580 10000000 32 166 2 10 13 1 19 0 68 1 100081.000000 6 36 216 10 29 93 1 95 1 157 1 2401.000000 5
0 581 581 10000000 32 166 1 3 3 0 17 1 17 1 17.000000 7 37 226 1 1 1 1 22 1 88 1 234256.000000 2
1 581 582 10000000 32 166 10 27 39 1 234 1 942 2 54925095428.000000 10 37 226 27 31 136 1 541 1 1307 1 71792717.000000 9
1 581 583 10000000 32 166 30 30 160 2 473 2 2678 2 95630320064053.000000 15 37 226 30 31 144 2 623 1 1787 2 488704555293.000000 11
1 581 584 10000000 32 166 23 28 118 2 391 1 2316 2 42471687128113.000000 13 37 226 28 32 140 3 579 1 1466 1 368097407.000000 9
0 585 585 10000000 32 166 1 31 14 1 1 0 1 0 1.000000 2 38 227 1 7 7 1 7 1 28 0 2401.000000 4
1 585 586 10000000 32 166 13 26 70 2 246 1 953 1 2602676692.000000 10 38 227 26 32 125 2 532 1 1193 1 5556918.000000 8
1 585 587 10000000 32 166 30 30 160 3 473 1 2678 1 95630320064053.000000 14 38 227 30 31 132 2 653 1 1798 2 688225924543.000000 10
0 588 588 10000000 32 166 14 31 109 4 152 2 184 1 492.000000 9 39 231 1 21 11 0 30 0 120 0 810000.000000 1
1 588 589 10000000 32 166 14 26 78 4 257 2 1014 1 2607121801.000000 10 39 231 26 32 111 2 559 1 1263 2 8303763.000000 9
1 588 590 10000000 32 166 30 30 160 3 473 2 2678 2 95630320064053.000000 15 39 231 30 31 119 2 683 2 1811 1 553149831621.000000 10
1 588 591 10000000 32 166 8 17 31 3 156 1 713 1 1099542287012.000000 8 39 231 17 29 84 1 357 1 617 1 203407.000000 6
0 592 592 10000000 32 166 1 21 12 2 7 1 7 1 7.000000 4 40 248 1 1 1 1 15 1 60 0 50625.000000 2
1 592 593 10000000 32 166 8 24 32 3 134 2 617 1 1099529011182.000000 9 40 248 24 30 104 4 522 1 1109 2 5221522.000000 9
1 592 594 10000000 32 166 30 30 160 2 473 2 2678 2 95630320064053.000000 15 40 248 30 30 114 3 713 2 1832 1 287853260179.000000 10
1 592 595 10000000 32 166 8 17 31 2 156 1 713 1 1099542287012.000000 8 40 248 17 28 81 1 374 1 616 1 218274.000000 6
0 596 596 10000000 32 166 6 31 88 2 26 1 29 1 32.000000 8 41 254 1 15 14 1 18 0 72 1 104976.000000 1
1 596 597 10000000 32 166 8 17 31 1 156 1 713 1 1099542287012.000000 8 41 254 17 28 72 1 391 2 646 1 311289.000000 6
1 596 598 10000000 32 166 30 30 160 2 473 1 2678 2 95630320064053.000000 15 41 254 30 30 105 2 743 2 1797 1 100900975087.000000 10
0 599 599 10000000 32 166 4 31 49 1 17 1 18 1 17.000000 7 42 255 1 15 4 1 21 0 84 0 194481.000000 2
1 599 600 10000000 32 166 12 22 75 1 191 1 747 2 851272497.000000 9 42 255 22 28 89 2 503 1 980 1 2537201.000000 7
1 599 601 10000000 32 166 31 31 161 2 500 2 2781 2 27030458844216.000000 16 42 255 31 31 102 2 810 2 1984 1 745670058160.000000 10
0 602 602 10000000 32 166 9 31 87 3 70 1 84 1 204.000000 9 43 260 1 20 12 1 26 0 104 1 456976.000000 1
1 602 603 10000000 32 166 11 21 68 2 174 2 671 1 464760066.000000 9 43 260 21 28 77 2 496 2 921 1 769086.000000 7
1 602 604 10000000 32 166 31 31 161 3 500 1 2781 1 27030458844216.000000 15 43 260 31 31 94 2 841 1 1976 2 142251754509.000000 10
0 605 605 10000000 32 166 1 31 14 0 1 0 1 0 1.000000 1 33 251 1 2 2 0 2 1 8 0 16.000000 3
1 605 606 10000000 32 166 8 20 29 1 184 1 767 1 852918393886.000000 8 33 251 20 32 168 2 308 1 783 2 394096.000000 7
1 605 607 10000000 32 166 31 31 161 5 500 2 2781 2 27030458844216.000000 16 33 251 31 32 229 2 531 2 2346 2 27503450972821.000000 11
0 608 608 10000000 32 166 20 31 130 4 242 1 336 2 1606.000000 11 34 240 1 22 9 1 26 1 104 0 456976.000000 1
1 608 609 10000000 32 166 6 15 33 2 58 1 141 0 161770.000000 11 34 240 15 32 143 1 171 1 380 1 21173.000000 5
1 608 610 10000000 32 166 30 30 160 3 473 2 2678 2 95630320064053.000000 13 34 240 30 32 204 2 533 2 2242 1 5131171483963.000000 11
0 611 611 10000000 32 166 24 32 133 3 363 2 568 2 286337.000000 13 35 233 1 27 7 0 32 1 128 0 1048576.000000 1
1 611 612 10000000 32 166 11 28 40 2 258 1 1002 1 78360247448.000000 8 35 233 28 32 178 2 514 2 1886 1 267834126544.000000 9
1 611 613 10000000 32 166 30 30 160 3 473 2 2678 2 95630320064053.000000 16 35 233 30 32 188 1 563 1 2273 2 21164517215623.000000 11
0 614 614 10000000 32 166 19 31 115 2 249 1 330 1 1335.000000 10 36 239 1 23 10 0 29 0 116 0 707281.000000 2
1 614 615 10000000 32 166 13 23 77 1 221 1 882 1 1505634451.000000 10 36 239 23 32 157 2 392 1 1252 1 3924219022.000000 9
1 614 616 10000000 32 166 30 30 160 2 473 1 2678 1 95630320064053.000000 15 36 239 30 32 176 2 593 2 2337 1 107058524535815.000000 10
1 614 617 10000000 32 166 8 20 45 1 132 1 600 1 852896634138.000000 8 36 239 20 32 145 2 305 1 872 2 67618891.000000 7
0 618 618 10000000 32 166 16 31 108 3 200 1 249 2 746.000000 10 37 254 1 21 4 0 36 1 144 0 1679616.000000 1
1 618 619 10000000 32 166 8 20 45 3 132 1 600 1 852896634138.000000 7 37 254 20 31 140 2 325 1 863 2 284924105.000000 7
1 618 620 10000000 32 166 30 30 160 3 473 2 2678 2 95630320064053.000000 15 37 254 30 32 167 3 623 2 2334 2 249035592810017.000000 11
0 621 621 10000000 32 166 8 31 90 1 47 1 54 1 77.000000 7 38 258 1 14 11 2 18 0 72 1 104976.000000 2
1 621 622 10000000 32 166 7 21 25 2 118 1 455 1 57865978.000000 7 38 258 21 30 137 2 400 1 1034 1 671718134.000000 8
1 621 623 10000000 32 166 30 30 160 2 473 2 2678 2 95630320064053.000000 15 38 258 30 32 158 2 653 2 2309 1 2310918032117461.000000 10
1 621 624 10000000 32 166 7 16 28 1 135 1 521 1 62296563.000000 8 38 258 16 29 102 1 313 1 632 1 127941.000000 6
0 625 625 10000000 32 160 9 30 103 2 45 1 93 1 3437.000000 7 32 177 1 9 8 0 9 1 36 0 6561.000000 1
1 625 626 10000000 32 160 7 22 33 3 135 1 636 1 1996348735.000000 14 32 177 22 32 136 3 360 1 960 2 994296.000000 7
1 625 627 10000000 32 160 30 32 150 2 473 1 2629 2 35285350628213.000000 15 32 177 32 32 177 2 528 2 1906 1 275251086126.000000 11
0 628 628 10000000 32 160 5 30 71 2 15 1 26 1 27.000000 6 33 184 1 6 6 1 6 0 24 0 1296.000000 1
1 628 629 10000000 32 160 4 23 22 2 58 2 243 1 2099388.000000 7 33 184 23 32 142 2 371 2 970 1 1859643.000000 10
1 628 630 10000000 32 160 27 32 134 4 446 1 2505 2 35285326615058.000000 13 33 184 32 32 167 2 560 2 1948 2 19074725157872.000000 11
1 628 631 10000000 32 160 8 23 38 2 156 1 668 1 1831003258.000000 11 33 184 23 31 137 2 404 1 1076 1 3807036.000000 8
0 632 632 10000000 32 160 9 30 103 2 45 1 93 1 3437.000000 8 34 195 1 11 10 2 11 0 55 1 161051.000000 1
1 632 633 10000000 32 160 8 23 38 1 156 1 668 1 1831003258.000000 9 34 195 23 31 134 2 427 1 1032 2 5679141.000000 8
1 632 634 10000000 32 160 30 32 150 4 473 1 2629 2 35285350628213.000000 16 34 195 32 32 161 4 592 2 1984 2 101569633716376.000000 11
0 635 635 10000000 32 160 16 30 145 2 208 1 460 1 3225216.000000 13 35 185 1 18 4 0 34 0 170 0 45435424.000000 2
1 635 636 10000000 32 160 7 17 32 4 85 1 418 1 100506187.000000 9 35 185 17 30 126 2 202 1 462 1 61462.000000 5
1 635 637 10000000 32 160 30 32 150 3 473 2 2629 1 35285350628213.000000 17 35 185 32 32 161 3 624 2 2145 1 1628505907363058.000000 10
0 638 638 10000000 32 160 12 31 110 4 79 1 160 0 33743.000000 10 36 199 1 16 12 0 17 0 102 0 24137569.000000 2
1 638 639 10000000 32 160 11 27 71 2 204 2 1002 1 6199026424.000000 11 36 199 27 31 150 2 491 1 1279 2 118764765.000000 9
1 638 640 10000000 32 160 32 32 160 2 528 1 2828 2 20795138343978.000000 15 36 199 32 32 155 2 656 2 2173 2 2252551112291998.000000 12
0 641 641 10000000 32 160 17 30 131 2 213 2 483 1 4101199.000000 9 37 206 1 21 9 1 29 0 174 0 594823321.000000 1
1 641 642 10000000 32 160 7 22 33 4 135 1 636 1 1996348735.000000 9 37 206 22 30 125 1 470 2 1008 1 10476508.000000 7
1 641 643 10000000 32 160 30 32 150 2 473 2 2629 2 35285350628213.000000 19 37 206 32 32 149 1 688 1 2236 2 16682177477703664.000000 12
0 644 644 10000000 32 160 15 30 126 3 164 1 362 1 1897706.000000 9 38 215 1 20 7 1 28 0 168 0 481890304.000000 1
1 644 645 10000000 32 160 10 27 42 2 197 2 941 1 22116737525.000000 9 38 215 27 30 135 3 628 2 1590 1 945877640.000000 9
1 644 646 10000000 32 160 31 33 155 4 507 2 2702 2 19691971502373.000000 16 38 215 33 32 148 5 746 2 2464 2 46054203439616480.000000 11
0 647 647 10000000 32 160 12 30 109 2 117 2 249 1 764763.000000 9 39 218 1 18 9 0 28 1 168 1 481890304.000000 1
1 647 648 10000000 32 160 9 25 41 5 206 1 974 1 17540839036.000000 8 39 218 25 30 114 2 593 1 1395 1 175243373.000000 8
1 647 649 10000000 32 160 31 33 155 3 507 1 2702 1 19691971502373.000000 16 39 218 33 32 135 2 779 2 2442 2 15444100460591832.000000 10
1 647 650 10000000 32 160 7 22 29 1 157 3 744 1 7012045229.000000 8 39 218 22 29 110 1 502 2 1108 1 36850896.000000 7
0 651 651 10000000 32 160 1 1 1 2 16 0 16 0 16.000000 5 40 216 1 1 1 1 24 0 144 0 191102976.000000 1
1 651 652 10000000 32 160 6 15 39 4 75 1 360 1 84253239.000000 8 40 216 15 27 94 1 252 1 487 1 41284.000000 6
1 651 653 10000000 32 160 31 33 155 2 507 1 2702 2 19691971502373.000000 15 40 216 33 32 128 2 812 2 2439 2 3956294478463936.000000 11
1 651 654 10000000 32 160 7 22 29 1 157 1 744 1 7012045229.000000 7 40 216 22 28 104 1 524 2 1092 1 6131878.000000 8
0 655 655 10000000 32 160 1 6 2 1 25 1 25 1 25.000000 6 41 227 1 1 1 1 34 0 238 0 52523350144.000000 1
1 655 656 10000000 32 160 8 21 34 1 158 1 676 1 1831058282.000000 8 41 227 21 28 93 1 539 1 1083 2 5871967.000000 8
1 655 657 10000000 32 160 30 33 153 5 505 1 2831 2 19785482451835.000000 16 41 227 33 32 119 7 845 1 2419 1 798648213985705.000000 12
0 658 658 10000000 32 160 1 25 10 1 6 1 6 1 6.000000 5 42 225 1 1 1 1 16 1 112 0 268435456.000000 2
1 658 659 10000000 32 160 7 22 29 2 157 1 744 1 7012045229.000000 8 42 225 22 28 86 2 568 1 1179 1 13553560.000000 7
1 658 660 10000000 32 160 31 33 155 2 507 1 2702 1 19691971502373.000000 16 42 225 33 32 107 3 878 1 2370 2 1946942736469600.000000 11
0 661 661 10000000 32 160 1 3 2 1 21 1 21 1 21.000000 7 43 222 1 1 1 1 32 1 224 0 34359738368.000000 1
1 661 662 10000000 32 160 13 32 75 1 221 1 1078 1 4663924103.000000 10 43 222 32 32 104 1 873 1 2219 1 130493694348655.000000 10
1 661 663 10000000 32 160 30 33 149 3 480 2 2664 2 35285363754480.000000 15 43 222 33 32 101 2 911 1 2310 1 283274179917093.000000 11
1 661 664 10000000 32 160 8 22 33 3 185 2 837 0 8167296001.000000 9 43 222 22 28 81 2 590 1 1121 2 1877408.000000 8
0 665 665 10000000 32 160 18 32 104 2 186 1 423 1 445634.000000 10 33 214 1 19 11 0 23 0 161 0 3404825447.000000 1
1 665 666 10000000 32 160 12 33 65 1 218 2 1072 1 10563377274.000000 9 33 214 33 32 203 2 574 2 2588 2 10601722103043960.000000 13
1 665 667 10000000 32 160 30 33 149 3 480 2 2664 2 35285363754480.000000 16 33 214 33 32 203 2 581 1 2605 2 10601722103048752.000000 12
0 668 668 10000000 32 160 5 30 68 2 19 3 30 2 31.000000 8 34 205 1 7 6 2 9 0 63 0 4782969.000000 1
1 668 669 10000000 32 160 12 33 67 2 219 1 1077 1 13595927295.000000 10 34 205 33 32 184 2 608 1 2661 2 47353398624507288.000000 13
1 668 670 10000000 32 160 30 33 149 5 480 2 2664 2 35285363754480.000000 15 34 205 33 32 184 2 614 1 2676 2 47353398624512440.000000 12
0 671 671 10000000 32 160 4 30 57 2 12 1 16 1 14.000000 10 35 218 1 7 4 2 9 1 63 0 4782969.000000 1
1 671 672 10000000 32 160 8 22 33 1 185 1 837 1 8167296001.000000 8 35 218 22 31 122 2 414 1 1179 1 2188578260.000000 7
1 671 673 10000000 32 160 31 33 155 2 507 1 2702 2 19691971502373.000000 16 35 218 33 32 174 2 647 1 2743 2 17775367181248260.000000 12
0 674 674 10000000 32 160 12 30 75 2 106 1 211 1 101764.000000 9 36 218 1 16 12 0 19 0 133 1 893871739.000000 1
1 674 675 10000000 32 160 10 27 42 1 197 1 941 1 22116737525.000000 8 36 218 27 31 128 2 574 1 2052 1 13963108658244.000000 9
1 674 676 10000000 32 160 31 33 155 5 507 2 2702 2 19691971502373.000000 17 36 218 33 32 171 2 680 3 2905 1 70867811456496888.000000 11
0 677 677 10000000 32 160 14 30 79 1 138 1 293 1 374888.000000 9 37 228 1 19 6 0 26 0 182 1 8031810176.000000 1
1 677 678 10000000 32 160 5 24 33 2 74 1 303 1 3523448.000000 6 37 228 24 30 136 1 467 1 1392 2 115133326489.000000 8
1 677 679 10000000 32 160 31 33 155 2 507 1 2702 1 19691971502373.000000 18 37 228 33 32 165 2 713 2 2939 1 162890774147333888.000000 11
1 677 680 10000000 32 160 14 29 75 2 230 2 1128 1 4673340104.000000 12 37 228 29 32 156 3 565 1 2081 1 122109569845851.000000 10
0 681 681 10000000 32 160 12 30 75 1 106 1 211 5 101764.000000 10 38 241 1 17 13 1 21 1 168 0 37822859361.000000 2
1 681 682 10000000 32 160 14 29 75 2 230 1 1128 1 4673340104.000000 9 38 241 29 32 156 3 594 1 2214 2 443823164994968.000000 11
1 681 683 10000000 32 160 31 33 155 2 507 1 2702 2 19691971502373.000000 16 38 241 33 32 165 3 746 1 3050 2 1033921904743983488.000000 12
0 684 684 10000000 32 160 1 26 7 2 5 0 5 1 5.000000 7 39 244 1 1 1 1 12 1 96 0 429981696.000000 2
1 684 685 10000000 32 160 6 20 27 4 96 1 483 1 1628025868.000000 8 39 244 20 30 103 3 449 1 1179 1 8634924653.000000 9
1 684 686 10000000 32 160 31 33 155 2 507 2 2702 2 19691971502373.000000 17 39 244 33 32 165 2 779 2 3215 88 5644601785988005888.000000 14
1 684 687 10000000 32 160 7 23 28 4 136 0 651 1 3588771790.000000 8 39 244 23 30 108 2 551 1 1615 1 357954978515.000000 8
0 688 688 10000000 32 160 1 1 1 2 12 1 12 0 12.000000 6 40 247 1 1 1 0 20 1 140 0 1280000000.000000 2
1 688 689 10000000 32 160 9 17 50 2 97 1 451 1 413671895.000000 11 40 247 17 30 103 3 299 1 679 1 232125.000000 6
1 688 690 10000000 32 160 31 33 155 6 507 1 2702 1 19691971502373.000000 18 40 247 33 32 150 6 812 2 3113 2 2258304632437252352.000000 12
1 688 691 10000000 32 160 7 23 28 2 136 1 651 1 3588771790.000000 7 40 247 23 29 104 3 574 1 1605 1 753834322624.000000 8
0 692 692 10000000 32 170 1 5 5 1 13 1 13 1 13.000000 5 32 141 1 1 1 1 13 0 65 1 371293.000000 2
1 692 693 10000000 32 170 9 18 59 1 121 1 561 1 219408831.000000 10 32 141 18 32 107 1 173 2 377 1 286185.000000 7
1 692 694 10000000 32 170 31 32 164 3 507 2 3092 2 23465261996168936685568.000000 17 32 141 32 32 141 2 528 1 1523 2 48290842.000000 12
0 695 695 10000000 32 170 7 32 89 3 27 1 58 1 227.000000 10 33 137 1 8 5 0 8 0 40 1 32768.000000 1
1 695 696 10000000 32 170 7 18 30 1 106 1 445 1 27660226.000000 6 33 137 18 30 94 2 283 1 614 1 4718233.000000 7
1 695 697 10000000 32 170 31 32 164 2 507 2 3092 1 23465261996168936685568.000000 15 33 137 32 32 127 2 560 2 1600 2 92689108.000000 10
0 698 698 10000000 32 170 6 33 61 1 37 1 78 1 895.000000 6 34 140 1 8 5 0 13 1 65 1 371293.000000 1
1 698 699 10000000 32 170 3 8 11 1 18 0 82 0 21146.000000 8 34 140 8 30 49 1 52 1 98 1 1790.000000 4
1 698 700 10000000 32 170 31 32 164 3 507 2 3092 2 23465261996168936685568.000000 15 34 140 32 32 117 2 592 1 1688 2 338808690.000000 10
0 701 701 10000000 32 170 10 32 65 5 114 1 224 1 5736.000000 9 35 134 1 13 2 1 34 0 170 1 45435424.000000 1
1 701 702 10000000 32 170 6 18 35 3 69 1 313 1 2603475.000000 12 35 134 18 32 74 3 226 1 511 1 887144.000000 6
1 701 703 10000000 32 170 31 32 164 3 507 1 3092 2 23465261996168936685568.000000 15 35 134 32 32 107 2 624 1 1747 2 1147193758.000000 10
0 704 704 10000000 32 170 5 33 26 2 68 1 140 1 5248.000000 8 36 144 1 10 3 1 26 0 156 0 308915776.000000 1
1 704 705 10000000 32 170 7 27 33 2 157 1 674 1 38246415.000000 7 36 144 27 29 93 4 584 2 1498 1 44288794.000000 9
1 704 706 10000000 32 170 31 32 164 3 507 2 3092 2 23465261996168936685568.000000 16 36 144 32 32 103 4 656 1 1802 2 502060740.000000 11
0 707 707 10000000 32 170 1 2 2 1 16 0 16 0 16.000000 4 37 144 1 1 1 1 21 2 126 1 85766121.000000 1
1 707 708 10000000 32 170 4 18 15 1 33 0 145 0 108185.000000 7 37 144 18 32 64 1 250 1 577 2 1692802.000000 6
1 707 709 10000000 32 170 29 33 155 2 452 1 2765 2 266635277270576726016.000000 17 37 144 33 32 99 1 719 1 1966 1 2595710323.000000 11
0 710 710 10000000 32 170 2 27 14 1 35 0 40 0 55.000000 6 38 155 1 9 3 0 36 0 252 0 78364164096.000000 1
1 710 711 10000000 32 170 4 23 24 1 58 2 255 0 2114040.000000 5 38 155 23 32 68 2 477 1 1110 2 36477553.000000 8
1 710 712 10000000 32 170 29 33 155 4 452 1 2765 1 266635277270576726016.000000 18 38 155 33 32 96 4 752 1 2012 2 782993570.000000 12
1 710 713 10000000 32 170 10 17 72 4 127 1 591 1 106104309.000000 8 38 155 17 32 54 2 257 1 584 1 1692809.000000 6
0 714 714 10000000 32 170 9 27 52 1 113 1 222 1 5735.000000 7 39 160 1 17 4 1 38 1 266 1 114415582592.000000 1
1 714 715 10000000 32 170 10 19 61 2 115 2 537 1 48896541.000000 9 39 160 19 30 60 2 325 1 662 1 3413491.000000 7
1 714 716 10000000 32 170 22 27 122 3 298 2 1709 2 958241215564586.000000 12 39 160 27 32 77 2 569 1 1352 2 40868273.000000 9
1 714 717 10000000 32 170 8 27 42 3 134 1 719 1 1099539043870.000000 8 39 160 27 29 74 2 670 1 1581 2 70227886.000000 9
0 718 718 10000000 32 170 3 26 31 1 18 1 34 1 168.000000 6 40 161 1 11 5 1 15 0 90 1 11390625.000000 1
1 718 719 10000000 32 170 8 27 42 3 134 1 719 1 1099539043870.000000 7 40 161 27 29 74 2 697 1 1655 1 96071537.000000 9
1 718 720 10000000 32 170 4 11 15 1 46 1 194 0 526026.000000 8 40 161 11 27 45 1 169 1 326 1 410635.000000 4
0 721 721 10000000 32 170 1 11 7 3 9 0 9 1 9.000000 6 41 163 1 7 3 1 18 0 108 1 34012224.000000 2
1 721 722 10000000 32 170 10 17 72 2 127 1 591 2 106104309.000000 9 41 163 17 30 53 2 308 3 644 1 3413426.000000 6
1 721 723 10000000 32 170 30 33 161 3 473 2 2747 1 23465261996025264996352.000000 16 41 163 33 32 91 3 851 1 2157 2 3602603875.000000 10
0 724 724 10000000 32 170 5 26 47 2 46 1 93 1 952.000000 6 42 168 1 14 5 1 28 0 168 1 481890304.000000 1
1 724 725 10000000 32 170 5 20 32 2 64 1 310 1 6140626.000000 6 42 168 20 31 58 2 403 1 830 1 8411923.000000 7
1 724 726 10000000 32 170 30 33 161 5 473 1 2747 3 23465261996025264996352.000000 24 42 168 33 32 86 5 884 2 2160 2 5735739082.000000 11
0 727 727 10000000 32 170 1 31 15 1 2 0 2 0 2.000000 4 43 164 1 1 1 0 13 0 65 0 371293.000000 2
1 727 728 10000000 32 170 11 19 73 2 122 1 569 1 48165300.000000 8 43 164 19 30 48 2 401 1 684 1 342803.000000 8
1 727 729 10000000 32 170 30 33 161 2 473 2 2747 2 23465261996025264996352.000000 17 43 164 33 32 75 2 917 2 1946 2 612005361.000000 11
1 727 730 10000000 32 170 8 20 31 2 156 1 829 1 1099566771386.000000 8 43 164 20 27 50 3 536 2 913 1 2100128.000000 7
0 731 731 10000000 32 170 20 32 148 2 221 1 468 1 15031.000000 16 33 168 1 21 8 1 29 1 145 0 20511149.000000 1
1 731 732 10000000 32 170 8 20 31 2 156 1 829 1 1099566771386.000000 10 33 168 20 30 116 1 336 1 619 2 536688.000000 7
1 731 733 10000000 32 170 30 33 161 2 473 2 2747 2 23465261996025264996352.000000 15 33 168 33 32 152 2 587 1 1825 2 115956909983.000000 11
0 734 734 10000000 32 170 17 32 142 4 155 1 323 1 7651.000000 13 34 171 1 19 4 1 23 0 115 1 6436343.000000 1
1 734 735 10000000 32 170 10 21 41 2 231 2 1035 2 54934056543.000000 8 34 171 21 31 120 1 355 1 648 1 479029.000000 7
1 734 736 10000000 32 170 29 33 155 2 452 2 2765 2 266635277270576726016.000000 15 34 171 33 32 148 1 620 1 1925 2 469255921974.000000 11
0 737 737 10000000 32 170 12 32 129 2 89 1 164 2 1555.000000 11 35 167 1 15 3 1 33 1 165 1 39135393.000000 1
1 737 738 10000000 32 170 8 20 35 2 132 1 713 1 1099543477632.000000 11 35 167 20 28 109 2 385 1 669 1 52031.000000 7
1 737 739 10000000 32 170 29 33 155 3 452 1 2765 2 266635277270576726016.000000 15 35 167 33 32 142 2 653 1 1997 2 1371456733859.000000 11
0 740 740 10000000 32 170 6 32 75 2 23 1 48 1 143.000000 7 36 174 1 11 8 1 11 1 55 1 161051.000000 1
1 740 741 10000000 32 170 10 18 76 4 133 1 619 1 108282853.000000 8 36 174 18 27 109 2 247 1 404 1 7553.000000 6
1 740 742 10000000 32 170 29 33 155 2 452 2 2765 2 266635277270576726016.000000 13 36 174 33 32 131 2 686 2 2049 1 1223993992252.000000 11
0 743 743 10000000 32 170 1 3 3 2 18 0 18 1 18.000000 5 37 167 1 1 1 1 23 0 115 1 6436343.000000 2
1 743 744 10000000 32 170 7 18 29 3 110 1 466 1 29278858.000000 8 37 167 18 28 86 2 332 1 549 1 20574.000000 7
1 743 745 10000000 32 170 29 33 155 3 452 2 2765 2 266635277270576726016.000000 15 37 167 33 32 119 2 719 2 2086 2 2420107973331.000000 11
0 746 746 10000000 32 170 1 2 2 1 24 1 24 0 24.000000 6 38 180 1 2 2 0 30 1 150 1 24300000.000000 1
1 746 747 10000000 32 170 10 19 64 3 115 1 536 2 48022295.000000 12 38 180 19 28 92 9 306 1 539 2 130610.000000 7
1 746 748 10000000 32 170 30 33 161 2 473 1 2747 2 23465261996025264996352.000000 15 38 180 33 32 113 2 752 2 2164 2 6180996573458.000000 11
0 749 749 10000000 32 170 13 32 99 1 133 1 277 1 7841.000000 10 39 188 1 21 10 0 26 1 130 0 11881376.000000 2
1 749 750 10000000 32 170 7 18 30 3 106 1 445 1 27660226.000000 11 39 188 18 27 73 2 391 1 649 1 46075.000000 6
1 749 751 10000000 32 170 30 33 161 2 473 2 2747 2 23465261996025264996352.000000 15 39 188 33 32 105 3 785 1 2155 1 1721192054669.000000 10
0 752 752 10000000 32 170 4 31 41 1 43 1 61 1 139.000000 15 40 194 1 14 3 0 39 1 195 1 90224199.000000 1
1 752 753 10000000 32 170 6 19 20 1 54 1 242 1 1543224.000000 8 40 194 19 28 83 2 330 1 543 2 75134.000000 6
1 752 754 10000000 32 170 30 33 161 2 473 2 2747 2 23465261996025264996352.000000 19 40 194 33 32 98 2 818 1 2120 1 1091654144576.000000 11
0 755 755 10000000 32 170 7 32 66 3 72 1 138 1 1754.000000 9 41 202 1 18 4 1 39 0 234 1 3518743761.000000 1
1 755 756 10000000 32 170 10 19 61 2 115 1 537 1 48896541.000000 9 41 202 19 28 66 1 363 1 601 2 119023.000000 6
1 755 757 10000000 32 170 30 33 161 2 473 1 2747 1 23465261996025264996352.000000 16 41 202 33 32 88 1 851 1 2081 1 1323337906151.000000 11
