0 0 0 10000000 8 18 13 12 77 20
1 0 1 10000000 12 132 41 9 109 35
1 0 2 10000000 13 130 17 8 18 14
1 0 3 10000000 13 221 67 8 107 73
0 4 4 10000000 8 21 13 17 102 20
1 4 5 10000000 10 165 35 10 47 32
1 4 6 10000000 13 78 18 11 17 14
1 4 7 10000000 14 230 68 10 158 74
0 8 8 10000000 9 17 12 27 104 17
1 8 9 10000000 10 176 35 13 46 30
1 8 10 10000000 28 155 25 19 24 17
1 8 11 10000000 12 241 71 14 147 70
0 12 12 10000000 9 23 12 28 98 17
1 12 13 10000000 12 160 44 16 33 27
1 12 14 10000000 13 89 18 13 16 12
1 12 15 10000000 14 243 62 18 170 69
0 16 16 10000000 9 17 14 29 102 15
1 16 17 10000000 15 158 40 15 30 26
1 16 18 10000000 14 80 17 17 17 12
1 16 19 10000000 15 240 58 18 154 65
0 20 20 10000000 24 42 60 13 98 20
1 20 21 10000000 22 163 43 10 31 26
1 20 22 10000000 23 90 19 12 24 13
1 20 23 10000000 25 306 210 11 185 58
0 24 24 10000000 26 18 13 16 105 16
1 24 25 10000000 23 233 188 9 59 45
1 24 26 10000000 21 185 70 14 46 35
1 24 27 10000000 21 322 208 12 161 71
0 28 28 10000000 24 362 63 36 396 17
1 28 29 10000000 23 215 179 11 57 44
1 28 30 10000000 26 95 16 12 19 14
1 28 31 10000000 23 318 221 10 137 57
0 32 32 10000000 25 18 13 32 123 60
1 32 33 10000000 21 241 199 51 50 45
1 32 34 10000000 22 94 18 14 17 13
1 32 35 10000000 21 291 183 15 163 59
0 36 36 10000000 18 71 34 23 111 60
1 36 37 10000000 19 153 26 13 26 22
1 36 38 10000000 22 104 15 14 20 12
1 36 39 10000000 20 277 134 16 166 108
0 40 40 10000000 102 16 14 23 130 19
1 40 41 10000000 21 186 62 16 49 36
1 40 42 10000000 50 321 87 29 59 34
1 40 43 10000000 21 288 187 18 155 57
0 44 44 10000000 24 31 52 26 93 15
1 44 45 10000000 20 293 273 16 53 51
1 44 46 10000000 21 184 75 15 33 28
1 44 47 10000000 20 455 239 17 182 169
0 48 48 10000000 25 17 13 34 102 16
1 48 49 10000000 23 231 66 18 51 133
1 48 50 10000000 20 177 68 16 42 29
1 48 51 10000000 21 286 180 22 171 67
0 52 52 10000000 26 25 34 28 105 18
1 52 53 10000000 20 125 26 19 63 23
1 52 54 10000000 26 245 515 18 59 47
1 52 55 10000000 22 286 183 18 145 61
0 56 56 10000000 23 18 13 30 98 20
1 56 57 10000000 21 206 72 19 55 37
1 56 58 10000000 24 195 72 21 47 125
1 56 59 10000000 20 374 146 20 108 56
0 60 60 10000000 21 86 48 29 116 31
1 60 61 10000000 24 226 198 16 108 89
1 60 62 10000000 22 215 190 16 103 85
1 60 63 10000000 25 417 147 22 159 107
0 64 64 10000000 26 97 60 27 118 49
1 64 65 10000000 22 202 78 17 79 165
1 64 66 10000000 22 91 16 14 16 13
1 64 67 10000000 22 393 181 17 230 204
0 68 68 10000000 26 109 154 28 132 85
1 68 69 10000000 23 219 196 16 235 185
1 68 70 10000000 25 205 83 20 249 273
1 68 71 10000000 22 402 190 15 201 204
0 72 72 10000000 29 117 76 39 175 83
1 72 73 10000000 24 197 36 25 89 215
1 72 74 10000000 23 274 162 21 229 184
1 72 75 10000000 23 372 227 20 163 182
0 76 76 10000000 29 18 15 31 111 17
1 76 77 10000000 23 228 134 24 145 262
1 76 78 10000000 23 287 114 27 133 318
1 76 79 10000000 24 332 228 21 261 186
0 80 80 10000000 24 96 70 34 129 84
1 80 81 10000000 21 205 72 25 142 262
1 80 82 10000000 32 190 109 28 140 347
1 80 83 10000000 24 285 236 28 133 198
0 84 84 10000000 259 37 57 36 119 21
1 84 85 10000000 28 238 215 35 144 169
1 84 86 10000000 24 192 72 32 141 257
1 84 87 10000000 22 313 430 29 263 199
0 88 88 10000000 26 28 29 36 111 18
1 88 89 10000000 37 255 312 36 135 157
1 88 90 10000000 29 289 248 33 125 187
1 88 91 10000000 22 331 215 24 259 156
0 92 92 10000000 24 61 61 32 196 127
1 92 93 10000000 23 196 68 27 68 76
1 92 94 10000000 25 93 16 30 95 63
1 92 95 10000000 24 259 248 37 132 148
0 96 96 10000000 25 25 31 36 99 16
1 96 97 10000000 24 235 107 38 132 255
1 96 98 10000000 24 342 18 29 17 13
1 96 99 10000000 23 263 216 38 125 175
0 100 100 10000000 26 16 13 38 108 18
1 100 101 10000000 25 118 40 34 106 95
1 100 102 10000000 160 114 19 36 99 229
1 100 103 10000000 35 283 276 59 125 192
0 104 104 10000000 31 63 178 40 755 181
1 104 105 10000000 23 245 203 34 131 163
1 104 106 10000000 23 292 221 35 125 206
1 104 107 10000000 22 295 264 31 124 181
0 108 108 10000000 28 71 152 38 247 385
1 108 109 10000000 25 242 143 38 136 162
1 108 110 10000000 23 257 292 34 121 171
1 108 111 10000000 26 296 184 38 123 170
0 112 112 10000000 26 71 66 36 197 112
1 112 113 10000000 29 209 194 40 225 305
1 112 114 10000000 23 290 153 37 348 306
1 112 115 10000000 23 280 150 31 360 347
0 116 116 10000000 26 185 161 33 105 46
1 116 117 10000000 34 497 143 36 559 344
1 116 118 10000000 26 315 171 33 389 320
1 116 119 10000000 25 323 231 38 379 318
0 120 120 10000000 26 190 280 33 130 72
1 120 121 10000000 26 283 168 28 392 360
1 120 122 10000000 28 298 170 33 345 295
1 120 123 10000000 27 270 159 33 359 332
0 124 124 10000000 28 162 332 38 250 155
1 124 125 10000000 25 217 91 32 228 369
1 124 126 10000000 26 293 157 29 336 295
1 124 127 10000000 27 302 173 38 324 422
0 128 128 10000000 27 163 240 38 231 139
1 128 129 10000000 25 260 131 35 338 293
1 128 130 10000000 33 310 206 35 520 273
1 128 131 10000000 28 322 250 37 455 657
0 132 132 10000000 29 178 262 33 133 87
1 132 133 10000000 27 233 138 38 308 231
1 132 134 10000000 29 310 193 34 328 266
1 132 135 10000000 30 322 222 33 315 247
0 136 136 10000000 27 32 43 37 95 19
1 136 137 10000000 35 196 95 39 202 250
1 136 138 10000000 25 320 212 40 243 238
1 136 139 10000000 29 271 155 35 247 244
0 140 140 10000000 29 169 185 37 131 115
1 140 141 10000000 25 248 135 44 242 210
1 140 142 10000000 27 293 181 43 235 238
1 140 143 10000000 29 315 219 37 253 315
0 144 144 10000000 31 81 43 41 142 95
1 144 145 10000000 29 238 156 44 187 200
1 144 146 10000000 24 318 166 41 237 228
1 144 147 10000000 27 346 217 40 251 207
0 148 148 10000000 36 162 123 42 274 236
1 148 149 10000000 32 271 159 44 228 195
1 148 150 10000000 26 299 171 43 219 212
1 148 151 10000000 24 309 195 38 208 192
0 152 152 10000000 29 126 154 38 220 166
1 152 153 10000000 27 237 172 41 164 168
1 152 154 10000000 28 202 82 37 133 165
1 152 155 10000000 30 320 167 43 205 200
0 156 156 10000000 27 34 50 44 109 18
1 156 157 10000000 29 235 136 42 167 184
1 156 158 10000000 29 290 169 41 184 235
1 156 159 10000000 28 366 274 38 170 188
0 160 160 10000000 27 123 123 43 253 219
1 160 161 10000000 29 260 152 44 164 177
1 160 162 10000000 27 296 171 43 171 219
1 160 163 10000000 25 332 238 45 161 173
0 164 164 10000000 31 169 161 33 276 236
1 164 165 10000000 28 252 177 44 354 403
1 164 166 10000000 27 344 223 40 371 411
1 164 167 10000000 27 346 220 43 358 401
0 168 168 10000000 38 278 403 33 139 103
1 168 169 10000000 37 370 280 32 436 346
1 168 170 10000000 29 394 309 30 460 351
1 168 171 10000000 29 392 310 30 421 347
0 172 172 10000000 39 279 314 45 358 103
1 172 173 10000000 34 250 164 38 319 349
1 172 174 10000000 31 393 306 35 342 339
1 172 175 10000000 30 399 309 34 352 376
0 176 176 10000000 41 333 269 40 192 133
1 176 177 10000000 30 328 261 39 329 315
1 176 178 10000000 31 370 318 39 358 313
1 176 179 10000000 31 404 325 42 332 327
0 180 180 10000000 35 259 268 41 237 206
1 180 181 10000000 36 318 406 42 281 315
1 180 182 10000000 36 206 89 41 280 314
1 180 183 10000000 33 388 289 45 336 304
0 184 184 10000000 36 250 283 40 305 263
1 184 185 10000000 45 335 237 60 280 296
1 184 186 10000000 33 402 308 42 319 297
1 184 187 10000000 34 396 316 38 329 307
0 188 188 10000000 35 282 283 45 161 123
1 188 189 10000000 30 360 297 37 295 283
1 188 190 10000000 32 199 97 43 243 268
1 188 191 10000000 33 253 187 36 245 222
0 192 192 10000000 38 30 40 41 99 17
1 192 193 10000000 29 321 293 43 250 268
1 192 194 10000000 31 386 309 43 293 269
1 192 195 10000000 32 342 256 41 283 277
0 196 196 10000000 34 25 30 45 96 17
1 196 197 10000000 31 286 222 40 227 263
1 196 198 10000000 32 423 313 51 279 259
1 196 199 10000000 35 376 299 43 280 255
0 200 200 10000000 43 18 19 865 148 119
1 200 201 10000000 33 280 196 42 204 212
1 200 202 10000000 34 393 311 49 276 234
1 200 203 10000000 36 344 1413 46 385 212
0 204 204 10000000 37 1423 355 34 210 127
1 204 205 10000000 32 264 196 36 383 294
1 204 206 10000000 35 426 381 36 414 365
1 204 207 10000000 37 410 341 34 413 336
0 208 208 10000000 33 419 345 32 346 289
1 208 209 10000000 33 331 248 34 394 332
1 208 210 10000000 36 908 345 31 442 309
1 208 211 10000000 36 421 331 32 403 311
0 212 212 10000000 32 392 356 34 221 123
1 212 213 10000000 33 308 222 39 389 279
1 212 214 10000000 34 425 404 37 399 279
1 212 215 10000000 31 423 378 39 403 280
0 216 216 10000000 35 292 361 37 252 147
1 216 217 10000000 34 338 263 43 300 276
1 216 218 10000000 34 429 380 39 313 267
1 216 219 10000000 36 425 377 38 310 270
0 220 220 10000000 33 298 391 39 227 145
1 220 221 10000000 34 270 223 41 249 265
1 220 222 10000000 34 450 373 40 305 249
1 220 223 10000000 34 379 295 44 299 271
0 224 224 10000000 33 338 341 40 150 107
1 224 225 10000000 37 263 180 49 215 205
1 224 226 10000000 33 458 373 43 278 228
1 224 227 10000000 39 440 380 41 298 235
0 228 228 10000000 33 98 64 42 102 15
1 228 229 10000000 36 359 323 109 237 238
1 228 230 10000000 35 473 392 43 274 218
1 228 231 10000000 34 420 354 42 304 219
0 232 232 10000000 38 326 374 39 268 220
1 232 233 10000000 38 349 317 55 227 233
1 232 234 10000000 34 429 378 45 265 206
1 232 235 10000000 32 451 363 43 270 209
0 236 236 10000000 30 331 336 44 316 297
1 236 237 10000000 37 352 262 51 251 197
1 236 238 10000000 33 429 370 46 261 204
1 236 239 10000000 31 399 320 42 250 221
0 240 240 10000000 28 334 311 42 316 295
1 240 241 10000000 33 334 248 45 204 213
1 240 242 10000000 35 437 415 45 256 204
1 240 243 10000000 34 400 311 38 254 227
0 244 244 10000000 37 26 28 46 108 19
1 244 245 10000000 34 380 333 45 232 245
1 244 246 10000000 40 474 373 61 263 190
1 244 247 10000000 34 451 404 47 259 196
0 248 248 10000000 36 311 345 44 349 277
1 248 249 10000000 34 370 1270 48 470 674
1 248 250 10000000 41 433 396 48 202 385
1 248 251 10000000 39 914 887 47 209 199
0 252 252 10000000 39 339 702 44 641 302
1 252 253 10000000 105 1040 312 50 442 458
1 252 254 10000000 35 448 354 42 470 563
1 252 255 10000000 33 417 358 44 452 570
0 256 256 10000000 35 358 391 40 156 98
1 256 257 10000000 32 354 300 37 414 403
1 256 258 10000000 37 686 381 49 447 577
1 256 259 10000000 31 414 348 51 408 606
0 260 260 10000000 35 328 337 39 303 277
1 260 261 10000000 34 396 322 43 392 396
1 260 262 10000000 39 443 351 46 420 510
1 260 263 10000000 32 427 367 45 406 519
0 264 264 10000000 37 373 374 44 300 359
1 264 265 10000000 35 351 281 52 354 376
1 264 266 10000000 35 441 439 43 370 524
1 264 267 10000000 34 473 378 46 402 510
0 268 268 10000000 36 344 359 44 124 85
1 268 269 10000000 36 400 311 47 371 368
1 268 270 10000000 37 453 366 45 372 490
1 268 271 10000000 31 447 368 47 371 490
0 272 272 10000000 36 17 13 42 94 16
1 272 273 10000000 34 337 264 39 341 334
1 272 274 10000000 37 430 367 44 346 478
1 272 275 10000000 33 413 368 44 407 443
0 276 276 10000000 34 304 359 37 262 212
1 276 277 10000000 40 277 169 41 394 415
1 276 278 10000000 36 435 400 36 393 525
1 276 279 10000000 37 408 398 39 399 537
0 280 280 10000000 33 351 354 36 118 69
1 280 281 10000000 34 303 223 41 401 400
1 280 282 10000000 35 438 390 49 368 531
1 280 283 10000000 35 414 357 38 377 517
0 284 284 10000000 34 308 347 47 295 240
1 284 285 10000000 34 355 315 41 362 383
1 284 286 10000000 138 433 385 46 363 493
1 284 287 10000000 39 447 391 46 370 533
0 288 288 10000000 33 346 345 40 369 415
1 288 289 10000000 39 352 292 44 349 350
1 288 290 10000000 40 432 389 41 348 344
1 288 291 10000000 35 405 346 41 343 471
0 292 292 10000000 31 306 349 43 241 211
1 292 293 10000000 35 297 202 49 329 332
1 292 294 10000000 34 432 388 42 324 454
1 292 295 10000000 35 398 310 45 341 345
0 296 296 10000000 32 29 76 44 96 19
1 296 297 10000000 41 235 233 44 249 276
1 296 298 10000000 35 438 388 45 314 411
1 296 299 10000000 44 307 243 52 252 287
0 300 300 10000000 36 337 366 44 172 105
1 300 301 10000000 38 304 219 45 287 323
1 300 302 10000000 35 427 395 47 307 395
1 300 303 10000000 34 382 316 43 302 305
0 304 304 10000000 30 297 340 43 255 227
1 304 305 10000000 34 265 240 52 240 274
1 304 306 10000000 35 457 403 46 281 265
1 304 307 10000000 31 388 355 42 267 280
0 308 308 10000000 40 326 332 42 359 352
1 308 309 10000000 39 264 233 42 222 238
1 308 310 10000000 32 429 400 47 265 229
1 308 311 10000000 34 427 330 49 271 242
0 312 312 10000000 35 331 333 42 407 198
1 312 313 10000000 36 351 285 46 240 225
1 312 314 10000000 33 451 388 38 239 220
1 312 315 10000000 34 428 371 45 251 224
0 316 316 10000000 32 323 323 43 299 301
1 316 317 10000000 38 312 251 50 186 185
1 316 318 10000000 33 425 412 41 268 192
1 316 319 10000000 34 404 350 51 243 225
0 320 320 10000000 32 212 185 47 112 16
1 320 321 10000000 37 303 224 49 183 222
1 320 322 10000000 42 1897 417 54 212 189
1 320 323 10000000 37 325 197 63 181 227
0 324 324 10000000 31 343 340 41 310 314
1 324 325 10000000 35 264 200 42 444 705
1 324 326 10000000 37 451 380 47 464 580
1 324 327 10000000 32 421 328 41 453 579
0 328 328 10000000 33 22 33 41 86 16
1 328 329 10000000 36 280 238 54 403 605
1 328 330 10000000 37 445 379 54 438 607
1 328 331 10000000 38 453 358 59 442 601
0 332 332 10000000 34 432 467 48 500 513
1 332 333 10000000 42 325 242 61 390 426
1 332 334 10000000 35 440 373 44 404 540
1 332 335 10000000 35 410 353 50 403 543
0 336 336 10000000 28 348 345 46 127 88
1 336 337 10000000 36 361 223 50 358 429
1 336 338 10000000 37 984 398 55 439 678
1 336 339 10000000 33 378 327 57 397 536
0 340 340 10000000 31 352 338 44 130 89
1 340 341 10000000 34 262 223 50 339 391
1 340 342 10000000 34 440 377 62 368 503
1 340 343 10000000 32 399 306 60 380 549
0 344 344 10000000 33 323 344 45 218 167
1 344 345 10000000 36 303 263 59 323 374
1 344 346 10000000 36 452 1523 63 358 564
1 344 347 10000000 33 1871 550 60 345 542
0 348 348 10000000 33 404 329 30 135 100
1 348 349 10000000 34 317 264 33 422 306
1 348 350 10000000 35 451 366 30 447 305
1 348 351 10000000 33 366 260 35 395 289
0 352 352 10000000 37 339 353 30 199 126
1 352 353 10000000 32 2374 293 41 993 279
1 352 354 10000000 32 398 326 34 325 425
1 352 355 10000000 32 296 232 38 316 275
0 356 356 10000000 28 366 337 32 187 136
1 356 357 10000000 32 343 275 32 361 279
1 356 358 10000000 43 540 413 43 521 312
1 356 359 10000000 36 327 213 32 356 283
0 360 360 10000000 38 386 347 34 267 201
1 360 361 10000000 34 297 218 45 325 248
1 360 362 10000000 35 413 350 30 336 247
1 360 363 10000000 32 386 317 30 331 238
0 364 364 10000000 34 413 336 33 123 75
1 364 365 10000000 39 278 202 37 310 176
1 364 366 10000000 34 416 353 29 320 226
1 364 367 10000000 33 385 303 35 317 226
0 368 368 10000000 35 430 326 36 237 160
1 368 369 10000000 36 265 171 38 276 185
1 368 370 10000000 33 424 344 32 316 211
1 368 371 10000000 35 400 327 32 324 214
0 372 372 10000000 33 366 326 34 242 225
1 372 373 10000000 32 282 194 35 277 176
1 372 374 10000000 31 422 343 37 304 195
1 372 375 10000000 31 400 306 36 296 192
0 376 376 10000000 33 314 369 37 90 24
1 376 377 10000000 42 416 352 53 435 258
1 376 378 10000000 35 419 337 34 274 182
1 376 379 10000000 33 363 284 41 312 174
0 380 380 10000000 38 838 186 47 97 16
1 380 381 10000000 36 242 266 37 225 131
1 380 382 10000000 33 435 355 39 206 158
1 380 383 10000000 34 368 286 37 217 168
0 384 384 10000000 36 57 24 40 164 145
1 384 385 10000000 33 265 229 31 130 131
1 384 386 10000000 36 192 79 40 124 110
1 384 387 10000000 35 326 272 42 143 151
0 388 388 10000000 33 154 138 39 88 16
1 388 389 10000000 34 313 256 39 140 140
1 388 390 10000000 34 410 359 37 198 139
1 388 391 10000000 31 337 273 44 181 133
0 392 392 10000000 32 34 53 41 90 16
1 392 393 10000000 32 304 217 39 180 150
1 392 394 10000000 35 213 132 42 125 139
0 395 395 10000000 34 335 311 40 314 345
1 395 396 10000000 35 333 234 42 438 581
1 395 397 10000000 33 429 325 41 432 536
1 395 398 10000000 34 319 239 41 429 405
0 399 399 10000000 36 308 318 47 273 249
1 399 400 10000000 32 265 191 42 406 400
1 399 401 10000000 32 356 267 41 457 539
1 399 402 10000000 31 370 290 43 412 515
0 403 403 10000000 33 326 326 41 325 375
1 403 404 10000000 32 378 343 39 403 523
1 403 405 10000000 35 432 327 44 405 515
1 403 406 10000000 32 376 290 45 399 498
0 407 407 10000000 36 349 336 45 273 205
1 407 408 10000000 33 351 301 43 386 503
1 407 409 10000000 35 434 327 38 395 499
1 407 410 10000000 32 369 307 55 381 493
0 411 411 10000000 1061 335 325 44 163 110
1 411 412 10000000 35 214 113 50 342 434
1 411 413 10000000 34 442 340 53 379 482
1 411 414 10000000 31 354 333 51 336 506
0 415 415 10000000 38 300 383 42 240 157
1 415 416 10000000 32 351 277 46 320 340
1 415 417 10000000 32 413 363 46 322 458
1 415 418 10000000 35 314 239 47 319 350
0 419 419 10000000 38 432 404 48 401 490
1 419 420 10000000 33 328 215 51 294 363
1 419 421 10000000 34 420 372 54 288 411
0 422 422 10000000 31 315 331 46 172 117
1 422 423 10000000 36 145 87 58 301 318
1 422 424 10000000 34 420 1390 51 288 439
1 422 425 10000000 34 279 235 57 279 307
0 426 426 10000000 33 463 339 31 104 39
1 426 427 10000000 44 295 228 32 356 286
1 426 428 10000000 36 446 389 30 399 447
0 429 429 10000000 33 470 360 32 151 101
1 429 430 10000000 34 299 241 32 342 270
1 429 431 10000000 35 454 400 42 378 260
1 429 432 10000000 33 289 220 31 386 276
0 433 433 10000000 32 414 356 33 241 193
1 433 434 10000000 33 282 218 36 335 295
1 433 435 10000000 33 456 387 35 370 259
0 436 436 10000000 33 443 361 34 158 101
1 436 437 10000000 33 283 201 37 329 251
1 436 438 10000000 36 447 393 33 382 245
0 439 439 10000000 31 344 369 37 368 325
1 439 440 10000000 36 338 296 39 213 269
1 439 441 10000000 35 439 390 45 272 242
1 439 442 10000000 38 331 296 44 221 243
0 443 443 10000000 35 26 30 36 94 19
1 443 444 10000000 35 296 225 43 299 235
1 443 445 10000000 33 520 395 32 313 235
0 446 446 10000000 31 462 339 42 295 267
1 446 447 10000000 36 325 289 38 194 233
1 446 448 10000000 44 521 452 46 322 242
1 446 449 10000000 32 341 321 39 196 198
0 450 450 10000000 41 308 366 48 283 258
1 450 451 10000000 38 254 240 42 181 184
1 450 452 10000000 37 459 385 43 255 200
1 450 453 10000000 35 314 270 39 188 210
0 454 454 10000000 34 339 368 40 148 104
1 454 455 10000000 34 213 129 38 183 240
1 454 456 10000000 35 531 388 43 252 201
1 454 457 10000000 37 247 148 39 179 212
0 458 458 10000000 34 22 16 41 99 41
1 458 459 10000000 37 326 244 45 186 224
1 458 460 10000000 32 439 386 42 237 209
1 458 461 10000000 32 401 333 77 232 254
0 462 462 10000000 34 304 408 42 267 242
1 462 463 10000000 34 313 302 42 169 203
1 462 464 10000000 37 459 401 43 228 188
1 462 465 10000000 34 333 280 49 182 189
0 466 466 10000000 31 26 29 43 98 18
1 466 467 10000000 35 208 148 34 161 176
1 466 468 10000000 36 458 382 47 230 180
1 466 469 10000000 34 404 327 54 213 374
0 470 470 10000000 33 374 401 42 127 65
1 470 471 10000000 39 238 163 41 370 402
1 470 472 10000000 34 453 388 42 370 1143
1 470 473 10000000 34 402 365 40 1035 547
0 474 474 10000000 31 354 397 48 181 135
1 474 475 10000000 37 337 265 42 372 398
1 474 476 10000000 36 448 375 47 384 646
0 477 477 10000000 36 337 456 40 341 337
1 477 478 10000000 43 393 295 61 382 369
1 477 479 10000000 38 475 402 51 363 472
0 480 480 10000000 34 336 511 40 325 331
1 480 481 10000000 42 347 266 48 351 350
1 480 482 10000000 34 436 388 45 343 454
1 480 483 10000000 35 402 326 49 345 490
0 484 484 10000000 33 19 12 45 89 17
1 484 485 10000000 34 339 303 47 1380 346
1 484 486 10000000 34 457 402 43 313 461
1 484 487 10000000 32 266 222 36 302 338
0 488 488 10000000 40 323 326 43 323 354
1 488 489 10000000 36 211 128 51 302 322
1 488 490 10000000 39 462 405 47 299 412
1 488 491 10000000 33 339 278 51 290 313
0 492 492 10000000 37 302 306 36 185 110
1 492 493 10000000 37 144 134 39 358 393
1 492 494 10000000 35 153 88 39 392 379
1 492 495 10000000 34 212 119 42 353 395
0 496 496 10000000 37 315 327 37 134 88
1 496 497 10000000 31 324 209 44 353 994
1 496 498 10000000 32 402 343 39 368 500
0 499 499 10000000 36 317 316 44 125 62
1 499 500 10000000 36 314 189 40 296 344
1 499 501 10000000 34 584 359 534 625 643
1 499 502 10000000 35 277 209 42 302 384
0 503 503 10000000 33 300 318 38 399 362
1 503 504 10000000 31 286 274 41 277 339
1 503 505 10000000 35 404 342 40 332 344
1 503 506 10000000 32 294 253 41 277 361
0 507 507 10000000 40 264 261 41 93 15
1 507 508 10000000 39 267 202 48 277 321
1 507 509 10000000 36 417 325 42 321 317
1 507 510 10000000 37 200 95 44 280 333
0 511 511 10000000 41 305 317 38 322 284
1 511 512 10000000 31 299 240 45 728 292
1 511 513 10000000 36 424 342 46 304 304
1 511 514 10000000 35 359 254 48 318 308
0 515 515 10000000 37 315 331 42 140 97
1 515 516 10000000 30 249 198 38 245 254
1 515 517 10000000 35 403 333 48 277 286
1 515 518 10000000 34 284 218 42 249 271
0 519 519 10000000 35 285 299 41 255 244
1 519 520 10000000 30 299 244 39 254 236
1 519 521 10000000 35 411 350 46 268 225
1 519 522 10000000 33 284 202 44 233 241
0 523 523 10000000 36 305 308 42 352 338
1 523 524 10000000 34 312 252 44 224 225
1 523 525 10000000 33 419 350 48 256 209
1 523 526 10000000 37 322 267 46 222 227
0 527 527 10000000 32 35 57 43 96 18
1 527 528 10000000 34 258 212 47 196 222
1 527 529 10000000 38 421 348 42 247 197
0 530 530 10000000 30 338 291 43 333 306
1 530 531 10000000 32 312 282 34 188 199
1 530 532 10000000 34 416 346 41 232 195
1 530 533 10000000 31 248 206 44 182 174
0 534 534 10000000 37 22 28 43 90 19
1 534 535 10000000 31 259 198 33 180 174
1 534 536 10000000 36 417 355 48 253 184
1 534 537 10000000 35 257 216 46 177 166
0 538 538 10000000 39 282 300 38 213 191
1 538 539 10000000 32 279 182 42 395 428
1 538 540 10000000 35 413 378 39 401 542
1 538 541 10000000 33 219 165 32 363 410
0 542 542 10000000 45 368 364 42 300 109
1 542 543 10000000 31 291 184 48 370 414
1 542 544 10000000 34 409 332 48 380 519
1 542 545 10000000 35 270 151 46 392 444
0 546 546 10000000 32 322 298 38 648 203
1 546 547 10000000 33 248 167 42 791 351
1 546 548 10000000 46 1349 411 147 379 554
0 549 549 10000000 144 301 294 41 320 279
1 549 550 10000000 35 239 143 38 333 352
1 549 551 10000000 33 400 456 39 355 352
0 552 552 10000000 38 316 314 40 288 218
1 552 553 10000000 36 279 173 40 338 352
1 552 554 10000000 34 399 334 41 348 351
1 552 555 10000000 30 340 302 43 338 348
0 556 556 10000000 36 278 293 38 245 204
1 556 557 10000000 34 331 245 42 300 316
1 556 558 10000000 32 404 363 40 327 313
0 559 559 10000000 35 31 47 46 98 16
1 559 560 10000000 34 372 250 46 289 303
1 559 561 10000000 32 403 401 43 305 290
1 559 562 10000000 33 280 219 42 259 283
0 563 563 10000000 28 321 379 33 297 245
1 563 564 10000000 34 307 237 39 371 390
1 563 565 10000000 33 416 345 38 383 384
1 563 566 10000000 34 297 241 42 364 642
0 567 567 10000000 32 297 361 39 291 274
1 567 568 10000000 42 309 235 33 355 376
1 567 569 10000000 37 431 613 40 368 531
1 567 570 10000000 36 243 183 31 337 382
0 571 571 10000000 29 437 366 36 133 83
1 571 572 10000000 35 264 218 32 314 391
1 571 573 10000000 36 449 362 42 340 492
0 574 574 10000000 35 295 356 41 281 244
1 574 575 10000000 35 276 225 35 311 338
1 574 576 10000000 35 422 389 41 349 325
1 574 577 10000000 36 260 195 42 312 321
0 578 578 10000000 31 319 363 42 294 250
1 578 579 10000000 35 277 197 44 310 298
1 578 580 10000000 37 200 104 45 357 346
0 581 581 10000000 28 30 42 43 95 18
1 581 582 10000000 38 344 314 46 322 307
1 581 583 10000000 35 436 383 48 316 301
1 581 584 10000000 32 839 333 46 335 325
0 585 585 10000000 30 336 364 42 128 86
1 585 586 10000000 36 365 289 42 308 279
1 585 587 10000000 36 450 389 49 307 279
0 588 588 10000000 37 336 333 39 357 319
1 588 589 10000000 33 356 293 43 264 256
1 588 590 10000000 34 426 366 45 276 257
1 588 591 10000000 44 256 226 47 238 269
0 592 592 10000000 35 171 170 42 89 14
1 592 593 10000000 36 354 284 49 276 250
1 592 594 10000000 37 439 369 45 272 224
1 592 595 10000000 38 261 193 51 223 251
0 596 596 10000000 33 305 366 44 312 282
1 596 597 10000000 34 218 170 37 271 245
1 596 598 10000000 36 419 420 52 223 209
0 599 599 10000000 38 308 380 45 274 199
1 599 600 10000000 33 345 277 47 201 194
1 599 601 10000000 38 443 378 46 203 201
0 602 602 10000000 29 304 311 49 345 382
1 602 603 10000000 36 319 219 55 192 207
1 602 604 10000000 37 434 387 53 200 186
0 605 605 10000000 33 330 367 42 93 28
1 605 606 10000000 35 267 209 39 438 655
1 605 607 10000000 36 437 349 42 461 598
0 608 608 10000000 30 330 449 42 354 350
1 608 609 10000000 39 276 178 48 979 456
1 608 610 10000000 33 419 353 45 419 542
0 611 611 10000000 31 360 545 44 423 439
1 611 612 10000000 36 359 301 50 400 402
1 611 613 10000000 34 415 360 48 387 500
0 614 614 10000000 29 337 434 42 361 356
1 614 615 10000000 33 348 275 42 398 371
1 614 616 10000000 38 454 378 54 387 522
1 614 617 10000000 36 285 237 41 375 363
0 618 618 10000000 34 303 328 43 337 366
1 618 619 10000000 34 283 247 38 323 351
1 618 620 10000000 36 443 1217 47 327 1031
0 621 621 10000000 36 318 400 45 290 217
1 621 622 10000000 36 301 253 49 301 336
1 621 623 10000000 37 419 387 50 309 446
1 621 624 10000000 34 216 155 37 293 347
0 625 625 10000000 31 348 309 33 148 109
1 625 626 10000000 35 279 216 41 855 557
1 625 627 10000000 37 430 390 39 397 459
0 628 628 10000000 36 338 341 37 133 92
1 628 629 10000000 39 307 226 40 317 362
1 628 630 10000000 41 437 364 38 334 470
1 628 631 10000000 40 288 207 31 312 361
0 632 632 10000000 32 287 367 38 228 156
1 632 633 10000000 36 304 204 39 306 347
1 632 634 10000000 34 424 374 37 329 473
0 635 635 10000000 38 290 334 37 251 239
1 635 636 10000000 37 318 192 22646 276 985
1 635 637 10000000 41 487 384 54 338 548
0 638 638 10000000 34 293 323 41 260 235
1 638 639 10000000 33 334 291 36 309 325
1 638 640 10000000 33 408 350 40 326 433
0 641 641 10000000 39 308 341 39 308 315
1 641 642 10000000 44 314 564 49 263 318
1 641 643 10000000 36 484 371 39 313 454
0 644 644 10000000 33 302 330 43 291 261
1 644 645 10000000 36 340 286 46 290 314
1 644 646 10000000 34 453 480 46 418 582
0 647 647 10000000 31 318 331 43 287 240
1 647 648 10000000 37 321 228 43 277 302
1 647 649 10000000 35 442 381 41 287 400
1 647 650 10000000 35 257 215 35 243 298
0 651 651 10000000 34 17 13 45 96 19
1 651 652 10000000 36 260 196 50 221 229
1 651 653 10000000 35 432 377 47 265 254
1 651 654 10000000 36 352 227 43 228 253
0 655 655 10000000 36 46 71 41 106 19
1 655 656 10000000 38 279 208 75 219 241
1 655 657 10000000 44 508 472 53 262 243
0 658 658 10000000 40 205 181 42 93 15
1 658 659 10000000 35 282 230 42 195 210
1 658 660 10000000 35 432 375 44 238 211
0 661 661 10000000 35 28 39 40 96 17
1 661 662 10000000 32 371 337 40 212 210
1 661 663 10000000 33 420 379 47 236 197
1 661 664 10000000 35 271 236 42 184 210
0 665 665 10000000 29 322 324 38 284 276
1 665 666 10000000 33 386 353 47 393 542
1 665 667 10000000 35 427 420 46 390 611
0 668 668 10000000 33 331 348 39 136 93
1 668 669 10000000 33 395 334 42 376 531
1 668 670 10000000 37 457 374 39 363 492
0 671 671 10000000 40 348 330 41 133 134
1 671 672 10000000 36 281 199 42 360 376
1 671 673 10000000 34 446 375 41 369 527
0 674 674 10000000 34 272 312 37 255 222
1 674 675 10000000 36 308 274 34 331 360
1 674 676 10000000 34 440 378 46 359 451
0 677 677 10000000 31 276 303 41 275 271
1 677 678 10000000 35 312 237 44 322 346
1 677 679 10000000 36 424 388 46 352 461
1 677 680 10000000 33 369 315 42 341 516
0 681 681 10000000 35 296 298 42 281 248
1 681 682 10000000 33 351 330 40 337 502
1 681 683 10000000 34 438 384 44 347 448
0 684 684 10000000 36 208 195 43 89 18
1 684 685 10000000 38 282 177 44 335 346
1 684 686 10000000 36 433 1175 47 352 729
1 684 687 10000000 36 279 262 44 338 357
0 688 688 10000000 34 17 13 44 89 18
1 688 689 10000000 36 296 173 62 303 302
1 688 690 10000000 38 465 410 50 327 687
1 688 691 10000000 35 287 204 51 313 320
0 692 692 10000000 34 41 74 32 98 16
1 692 693 10000000 38 286 216 34 365 333
1 692 694 10000000 34 446 405 30 405 377
0 695 695 10000000 38 446 350 28 128 107
1 695 696 10000000 35 253 187 33 335 263
1 695 697 10000000 35 436 387 30 376 256
0 698 698 10000000 40 335 391 149 129 205
1 698 699 10000000 33 140 65 31 253 302
1 698 700 10000000 36 442 402 31 361 252
0 701 701 10000000 35 385 373 30 190 107
1 701 702 10000000 41 308 212 33 331 218
1 701 703 10000000 34 435 410 33 366 223
0 704 704 10000000 38 442 409 34 144 85
1 704 705 10000000 36 282 226 29 286 223
1 704 706 10000000 34 441 394 37 353 210
0 707 707 10000000 40 22 26 33 94 19
1 707 708 10000000 43 292 215 33 283 168
1 707 709 10000000 35 1102 401 38 358 199
0 710 710 10000000 32 222 341 33 145 113
1 710 711 10000000 34 293 270 29 251 196
1 710 712 10000000 39 453 412 36 347 187
1 710 713 10000000 33 254 181 34 279 186
0 714 714 10000000 35 289 241 36 219 156
1 714 715 10000000 37 291 228 30 252 177
1 714 716 10000000 35 386 316 37 318 197
1 714 717 10000000 39 314 276 39 257 172
0 718 718 10000000 34 340 230 35 164 138
1 718 719 10000000 34 329 270 37 299 171
1 718 720 10000000 35 229 83 35 156 270
0 721 721 10000000 39 144 89 36 141 79
1 721 722 10000000 40 310 179 35 246 193
1 721 723 10000000 205 457 647 42 281 187
0 724 724 10000000 38 303 225 38 241 185
1 724 725 10000000 34 299 366 41 252 196
1 724 726 10000000 36 436 394 34 432 168
0 727 727 10000000 38 297 456 35 86 15
1 727 728 10000000 35 307 234 39 233 127
1 727 729 10000000 36 441 475 37 275 150
1 727 730 10000000 34 258 164 47 279 151
0 731 731 10000000 34 453 352 32 307 315
1 731 732 10000000 36 281 184 35 444 343
1 731 733 10000000 40 434 422 28 400 398
0 734 734 10000000 41 380 415 44 359 276
1 734 735 10000000 33 234 200 31 263 304
1 734 736 10000000 38 449 497 42 311 305
0 737 737 10000000 41 984 344 37 259 195
1 737 738 10000000 48 373 234 45 487 334
1 737 739 10000000 37 441 400 38 374 298
0 740 740 10000000 30 343 353 38 154 106
1 740 741 10000000 34 291 222 40 231 266
1 740 742 10000000 37 425 414 39 284 273
0 743 743 10000000 35 30 51 39 90 17
1 743 744 10000000 35 243 193 34 284 244
1 743 745 10000000 36 423 653 32 339 255
0 746 746 10000000 32 23 17 36 94 33
1 746 747 10000000 44 393 260 42 213 235
1 746 748 10000000 36 444 452 40 257 240
0 749 749 10000000 34 319 410 42 303 361
1 749 750 10000000 39 270 211 42 189 222
1 749 751 10000000 37 427 392 40 240 225
0 752 752 10000000 36 276 400 41 219 172
1 752 753 10000000 39 297 253 45 294 491
1 752 754 10000000 44 464 554 45 242 207
0 755 755 10000000 32 315 367 39 277 260
1 755 756 10000000 38 311 246 44 173 181
1 755 757 10000000 39 442 402 43 209 183
