0 0 0 10000000 35 35 1 1 1 3 16 0 16 1 16.000000 8 35 35 1 1 1 3 16 1 16 0 16.000000 1
1 0 1 10000000 35 35 31 31 31 3 527 2 527 2 527.000000 12 35 35 31 31 31 2 527 2 527 1 527.000000 8
1 0 2 10000000 35 35 1 1 1 1 16 0 16 0 16.000000 5 35 35 1 1 1 1 16 0 16 0 16.000000 2
1 0 3 10000000 35 35 35 35 35 3 630 1 630 2 630.000000 13 35 35 35 35 35 2 630 2 630 2 630.000000 8
0 4 4 10000000 35 35 1 1 1 2 11 1 11 0 11.000000 5 36 66 1 2 2 1 12 0 24 0 144.000000 2
1 4 5 10000000 35 35 2 2 2 2 27 1 27 1 27.000000 5 36 66 2 2 2 2 29 1 29 1 29.000000 1
1 4 6 10000000 35 35 2 2 2 2 27 1 27 1 27.000000 7 36 66 2 2 2 1 29 1 29 1 29.000000 2
0 7 7 10000000 35 35 1 1 1 3 16 1 16 1 16.000000 4 37 67 1 1 1 0 18 0 36 0 324.000000 1
1 7 8 10000000 35 35 33 33 33 3 587 2 587 2 587.000000 13 37 67 33 33 33 2 653 1 653 1 653.000000 8
1 7 9 10000000 35 35 2 2 2 2 27 1 27 0 27.000000 6 37 67 2 2 2 1 31 1 31 1 31.000000 2
1 7 10 10000000 35 35 35 35 35 3 630 2 630 2 630.000000 13 37 67 35 35 35 2 700 1 700 2 700.000000 9
0 11 11 10000000 35 35 1 1 1 3 7 0 7 1 7.000000 6 37 69 1 3 2 0 9 0 18 1 81.000000 1
1 11 12 10000000 35 35 2 2 2 2 20 1 20 1 20.000000 5 37 69 2 2 2 1 24 1 24 1 24.000000 1
1 11 13 10000000 35 35 3 3 3 2 34 1 34 1 34.000000 6 37 69 3 3 3 1 40 1 40 1 40.000000 2
1 11 14 10000000 35 35 35 35 35 3 630 1 630 2 630.000000 14 37 69 35 35 35 2 700 2 700 2 700.000000 9
0 15 15 10000000 35 35 1 1 1 2 16 1 16 1 16.000000 5 37 70 1 1 1 0 18 1 36 1 324.000000 2
1 15 16 10000000 35 35 35 35 35 2 630 1 630 2 630.000000 13 37 70 35 35 36 3 700 1 709 1 772.000000 9
1 15 17 10000000 35 35 2 2 2 2 27 1 27 1 27.000000 5 37 70 2 2 2 2 31 1 31 1 31.000000 2
1 15 18 10000000 35 35 35 35 35 3 630 1 630 2 630.000000 14 37 70 35 35 36 2 700 2 709 2 772.000000 9
0 19 19 10000000 35 35 1 1 1 1 3 1 3 1 3.000000 5 37 72 1 3 2 0 5 0 10 0 25.000000 2
1 19 20 10000000 35 35 2 2 2 1 4 0 4 1 4.000000 5 37 72 2 2 2 1 8 1 8 1 8.000000 1
1 19 21 10000000 35 35 3 3 3 1 30 0 30 1 30.000000 6 37 72 3 3 3 2 36 1 36 1 36.000000 2
0 22 22 10000000 35 36 3 3 4 3 28 1 28 1 28.000000 9 35 71 1 3 2 0 25 1 50 1 625.000000 1
1 22 23 10000000 35 36 35 35 36 2 630 2 632 2 632.000000 15 35 71 35 35 71 2 630 2 704 2 17179869830.000000 9
1 22 24 10000000 35 36 3 3 3 1 52 1 52 1 52.000000 9 35 71 3 3 3 1 52 1 52 1 52.000000 1
1 22 25 10000000 35 36 35 35 36 3 630 2 632 2 632.000000 14 35 71 35 35 71 2 630 2 704 2 17179869830.000000 9
0 26 26 10000000 35 36 3 3 4 2 36 1 36 0 36.000000 5 36 104 1 5 3 0 34 1 102 1 39304.000000 1
1 26 27 10000000 35 36 2 2 2 2 55 1 55 1 55.000000 6 36 104 2 2 2 1 57 0 57 0 57.000000 2
1 26 28 10000000 35 36 4 4 4 2 85 1 85 1 85.000000 6 36 104 4 4 4 2 89 1 89 1 89.000000 2
1 26 29 10000000 35 36 35 35 36 2 630 2 632 2 632.000000 12 36 104 35 35 70 2 665 2 772 2 5559060566556219.000000 9
0 30 30 10000000 35 36 3 3 4 3 37 1 37 1 37.000000 6 37 104 1 5 3 1 36 1 108 1 46656.000000 1
1 30 31 10000000 35 36 2 2 2 2 55 1 55 1 55.000000 6 37 104 2 2 2 1 59 0 59 0 59.000000 1
1 30 32 10000000 35 36 2 2 2 1 59 0 59 1 59.000000 6 37 104 2 2 2 1 63 1 63 0 63.000000 2
0 33 33 10000000 35 36 3 3 4 1 33 1 33 1 33.000000 6 38 104 1 5 3 0 33 1 99 1 35937.000000 1
1 33 34 10000000 35 36 2 2 2 1 56 1 56 1 56.000000 5 38 104 2 2 2 0 62 1 62 1 62.000000 1
1 33 35 10000000 35 36 2 2 2 1 55 1 55 0 55.000000 7 38 104 2 2 2 1 61 1 61 1 61.000000 1
1 33 36 10000000 35 36 35 35 36 3 630 1 632 2 632.000000 13 38 104 35 35 68 2 735 2 902 2 4656612873077392408576.000000 9
0 37 37 10000000 35 36 3 3 4 1 21 1 21 1 21.000000 6 39 104 1 5 3 0 22 1 66 1 10648.000000 1
1 37 38 10000000 35 36 1 1 1 1 16 1 16 1 16.000000 5 39 104 1 1 1 1 20 0 20 0 20.000000 1
1 37 39 10000000 35 36 4 4 4 1 70 1 70 0 70.000000 6 39 104 4 4 4 1 86 1 86 1 86.000000 2
0 40 40 10000000 35 36 3 3 4 2 30 1 30 1 30.000000 6 40 107 1 6 3 1 32 1 96 0 32768.000000 1
1 40 41 10000000 35 36 2 2 2 2 30 1 30 1 30.000000 6 40 107 2 2 2 2 40 0 40 1 40.000000 1
1 40 42 10000000 35 36 2 2 2 1 45 0 45 1 45.000000 6 40 107 2 2 2 1 55 1 55 1 55.000000 1
1 40 43 10000000 35 36 35 35 36 2 630 2 632 2 632.000000 14 40 107 35 35 66 2 805 1 1024 2 3219905755813179918647296.000000 9
0 44 44 10000000 35 36 3 3 4 2 20 1 20 2 20.000000 6 41 108 1 7 3 1 23 0 69 1 12167.000000 1
1 44 45 10000000 35 36 2 2 2 2 41 1 41 1 41.000000 6 41 108 2 2 2 1 53 1 53 1 53.000000 1
1 44 46 10000000 35 36 2 2 2 3 42 1 42 0 42.000000 6 41 108 2 2 2 2 54 1 54 0 54.000000 2
1 44 47 10000000 35 36 35 35 36 2 630 2 659 2 1442.000000 15 41 108 35 35 65 2 840 2 1082 1 19342813113834066795298816.000000 9
0 48 48 10000000 35 36 3 3 4 1 34 1 34 1 34.000000 6 41 109 1 7 3 1 37 1 111 1 50653.000000 1
1 48 49 10000000 35 36 2 2 2 2 58 0 58 1 58.000000 5 41 109 2 2 2 1 70 1 70 1 70.000000 1
1 48 50 10000000 35 36 2 2 2 1 58 1 58 1 58.000000 6 41 109 2 2 2 1 70 1 70 0 70.000000 2
0 51 51 10000000 35 38 3 5 5 2 10 0 10 1 10.000000 6 35 109 1 3 3 0 6 1 18 0 216.000000 1
1 51 52 10000000 35 38 2 2 2 2 15 1 15 1 15.000000 5 35 109 2 4 4 1 15 0 15 0 15.000000 1
1 51 53 10000000 35 38 3 3 3 1 64 1 64 1 64.000000 6 35 109 3 4 4 0 64 1 64 1 64.000000 2
1 51 54 10000000 35 38 35 35 38 3 630 2 638 2 656.000000 14 35 109 35 35 109 2 630 2 820 2 5559060566556582.000000 9
0 55 55 10000000 35 38 3 5 5 2 8 1 8 1 8.000000 6 35 110 1 3 3 1 4 1 12 0 64.000000 1
1 55 56 10000000 35 38 1 1 1 1 31 0 31 1 31.000000 5 35 110 1 1 1 1 31 4 31 1 31.000000 2
1 55 57 10000000 35 38 3 3 3 1 62 1 62 1 62.000000 6 35 110 3 4 4 1 62 1 62 1 62.000000 1
0 58 58 10000000 35 38 4 6 6 3 41 1 41 1 41.000000 10 36 111 1 5 4 0 29 1 87 1 24389.000000 1
1 58 59 10000000 35 38 2 3 3 2 6 0 6 0 6.000000 7 36 111 3 34 37 1 10 1 10 1 10.000000 2
1 58 60 10000000 35 38 2 2 2 1 32 1 32 0 32.000000 6 36 111 2 3 3 1 34 0 34 0 34.000000 1
1 58 61 10000000 35 38 33 33 36 3 575 1 577 2 575.000000 13 36 111 33 35 106 2 608 2 737 1 4294968440.000000 9
0 62 62 10000000 35 38 1 1 1 0 32 1 32 1 32.000000 5 37 112 1 1 1 1 34 1 102 0 39304.000000 2
1 62 63 10000000 35 38 2 2 2 2 60 1 60 1 60.000000 6 37 112 2 2 2 2 64 1 64 0 64.000000 2
1 62 64 10000000 35 38 2 2 2 1 60 1 60 0 60.000000 4 37 112 2 2 2 1 64 1 64 1 64.000000 1
0 65 65 10000000 35 38 3 5 5 2 14 1 14 2 14.000000 8 38 112 1 6 3 0 13 0 39 0 2197.000000 1
1 65 66 10000000 35 38 2 2 2 2 45 1 45 0 45.000000 5 38 112 2 2 2 1 51 1 51 0 51.000000 2
1 65 67 10000000 35 38 4 4 4 2 95 1 95 1 95.000000 6 38 112 4 5 5 1 107 1 107 1 107.000000 2
0 68 68 10000000 35 38 3 5 5 1 9 1 9 1 9.000000 7 39 115 1 8 3 0 9 0 27 1 729.000000 1
1 68 69 10000000 35 38 2 2 2 2 15 1 15 0 15.000000 6 39 115 2 4 4 0 23 1 23 1 23.000000 2
1 68 70 10000000 35 38 2 2 2 2 15 0 15 1 15.000000 6 39 115 2 4 4 1 23 1 23 1 23.000000 2
0 71 71 10000000 35 38 1 1 1 2 15 1 15 0 15.000000 4 40 115 1 1 1 1 20 0 60 0 8000.000000 1
1 71 72 10000000 35 38 2 2 2 2 38 0 38 1 38.000000 7 40 115 2 2 2 1 48 1 48 1 48.000000 1
1 71 73 10000000 35 38 3 3 3 2 30 0 30 1 30.000000 6 40 115 3 5 5 1 45 1 45 1 45.000000 1
0 74 74 10000000 35 38 1 1 1 2 19 0 19 0 19.000000 5 40 116 1 1 1 0 24 0 72 0 13824.000000 1
1 74 75 10000000 35 38 1 1 1 3 5 1 5 1 5.000000 5 40 116 1 2 2 1 10 1 10 1 10.000000 2
1 74 76 10000000 35 38 5 5 5 5 94 1 94 1 94.000000 5 40 116 5 7 7 1 119 1 119 1 119.000000 2
1 74 77 10000000 35 38 35 35 38 3 630 2 638 2 656.000000 14 40 116 35 35 101 2 805 2 1344 1 19563887033554799079456768.000000 9
0 78 78 10000000 35 38 3 5 5 2 12 0 12 1 12.000000 5 41 116 1 11 3 0 14 1 42 1 2744.000000 1
1 78 79 10000000 35 38 2 2 2 2 27 0 27 1 27.000000 7 41 116 2 3 3 1 39 0 39 0 39.000000 2
1 78 80 10000000 35 38 2 2 2 2 27 1 27 1 27.000000 5 41 116 2 3 3 1 39 1 39 1 39.000000 1
0 81 81 10000000 35 38 4 6 6 1 38 1 38 1 38.000000 5 42 116 1 13 4 1 25 0 75 0 15625.000000 1
1 81 82 10000000 35 38 33 33 36 2 587 1 589 2 587.000000 12 42 116 33 34 95 2 818 1 1169 2 302231454903657293676544.000000 10
1 81 83 10000000 35 38 6 6 6 2 114 1 114 1 114.000000 10 42 116 6 9 9 1 156 1 156 1 156.000000 2
1 81 84 10000000 35 38 35 35 38 3 630 1 655 2 1956.000000 14 42 116 35 35 97 2 875 3 1510 2 119342813113834071560028160.000000 10
0 85 85 10000000 35 41 4 7 10 1 20 0 20 0 20.000000 5 35 145 1 4 4 0 14 0 56 0 38416.000000 1
1 85 86 10000000 35 41 2 2 2 2 43 1 43 1 43.000000 6 35 145 2 3 3 1 43 1 43 1 43.000000 2
1 85 87 10000000 35 41 7 7 7 2 128 2 128 0 128.000000 8 35 145 7 11 12 1 128 0 128 1 128.000000 3
0 88 88 10000000 35 41 4 7 10 3 18 1 18 1 18.000000 7 35 146 1 4 4 0 12 1 48 0 20736.000000 1
1 88 89 10000000 35 41 35 35 41 3 630 2 653 2 718.000000 17 35 146 35 35 146 2 630 2 1017 2 5559064861526304.000000 10
1 88 90 10000000 35 41 8 8 8 2 144 1 144 1 144.000000 9 35 146 8 13 14 1 144 1 144 0 144.000000 2
1 88 91 10000000 35 41 35 35 41 2 630 1 726 2 3738.000000 13 35 146 35 35 146 2 630 2 1017 2 5559064861526304.000000 10
0 92 92 10000000 35 41 4 7 10 3 15 1 15 1 15.000000 6 36 177 1 5 5 1 10 1 50 2 100000.000000 1
1 92 93 10000000 35 41 35 35 41 3 630 2 653 2 718.000000 15 36 177 35 35 142 3 665 2 1142 2 18447361764285710336.000000 10
1 92 94 10000000 35 41 10 11 11 2 159 2 159 1 159.000000 8 36 177 11 35 50 1 171 1 178 1 213.000000 4
0 95 95 10000000 35 41 1 1 1 2 24 0 24 1 24.000000 4 37 207 1 1 1 0 26 1 156 1 308915776.000000 1
1 95 96 10000000 35 41 35 35 41 3 630 2 653 2 718.000000 13 37 207 35 35 138 3 700 2 1260 1 4657771353642565632000.000000 10
1 95 97 10000000 35 41 10 10 10 1 185 1 185 1 185.000000 6 37 207 10 15 16 1 205 1 215 1 295.000000 4
1 95 98 10000000 35 41 35 35 41 2 630 2 653 2 718.000000 14 37 207 35 35 138 2 700 1 1260 2 4657771353642565632000.000000 11
0 99 99 10000000 35 41 4 7 10 2 22 1 22 1 22.000000 6 38 236 1 7 7 1 19 1 133 1 893871739.000000 1
1 99 100 10000000 35 41 1 1 1 2 8 0 8 0 8.000000 5 38 236 1 2 2 0 11 1 11 1 11.000000 2
1 99 101 10000000 35 41 12 13 13 2 200 185 200 1 200.000000 9 38 236 13 35 50 2 240 1 252 1 372.000000 4
1 99 102 10000000 35 41 33 33 39 3 575 2 586 2 595.000000 13 38 236 33 35 132 2 674 1 958 2 1152921504606850304.000000 10
0 103 103 10000000 35 50 6 11 21 2 35 1 35 2 35.000000 7 35 204 1 6 6 1 20 0 120 0 64000000.000000 1
1 103 104 10000000 35 50 31 31 46 3 527 2 551 2 597.000000 13 35 204 31 35 199 2 527 2 712 2 2555.000000 8
1 103 105 10000000 35 50 12 19 14 1 218 1 218 1 218.000000 9 35 204 19 35 247 1 238 2 255 1 280.000000 5
0 106 106 10000000 35 50 1 1 1 1 29 1 29 0 29.000000 6 36 230 1 1 1 1 30 0 210 1 21870000000.000000 1
1 106 107 10000000 35 50 35 35 50 3 630 2 710 2 4318.000000 15 36 230 35 35 198 1 665 1 1461 2 225748984896947182632960.000000 10
1 106 108 10000000 35 50 14 21 16 2 261 2 261 1 261.000000 9 36 230 21 35 242 2 302 1 332 2 420.000000 5
1 106 109 10000000 35 50 29 31 42 2 544 2 561 2 608.000000 13 36 230 31 35 191 2 579 2 796 1 1073744755.000000 9
0 110 110 10000000 35 50 6 11 21 2 50 1 50 1 50.000000 7 37 260 1 8 8 0 37 1 296 0 3512479453921.000000 1
1 110 111 10000000 35 50 33 33 48 3 575 2 625 2 989.000000 13 37 260 33 34 190 1 641 1 1146 2 187418054101098823680.000000 9
1 110 112 10000000 35 50 15 22 17 2 296 1 296 1 296.000000 9 37 260 22 34 237 1 360 1 396 2 528.000000 6
1 110 113 10000000 35 50 29 31 42 2 544 1 561 1 608.000000 12 37 260 31 34 186 2 610 2 842 1 68630377367700.000000 8
0 114 114 10000000 35 50 6 11 21 1 36 0 36 1 36.000000 8 38 286 1 9 9 0 24 1 24 0 24.000000 1
1 114 115 10000000 35 50 35 35 50 2 630 1 710 2 4318.000000 15 38 286 35 35 188 2 735 1 1776 2 22788450555162562052227072.000000 10
1 114 116 10000000 35 50 17 24 19 2 351 2 351 1 351.000000 9 38 286 24 35 233 2 443 1 511 2 983.000000 6
1 114 117 10000000 35 50 35 35 50 3 630 2 838 2 4152742.000000 14 38 286 35 35 188 2 735 1 1776 2 22788450555162562052227072.000000 11
0 118 118 10000000 35 50 6 11 21 1 27 0 27 1 27.000000 8 39 311 1 10 10 1 16 0 16 0 16.000000 1
1 118 119 10000000 35 50 35 35 50 2 630 2 710 2 4318.000000 13 39 311 35 35 182 2 770 1 1907 2 80933716056922976052838400.000000 10
1 118 120 10000000 35 50 17 24 19 2 351 2 351 2 351.000000 9 39 311 24 34 225 2 467 2 537 1 1101.000000 10
0 121 121 10000000 35 50 6 13 17 1 49 0 49 1 49.000000 8 40 313 1 11 11 1 29 0 29 0 29.000000 1
1 121 122 10000000 35 50 35 35 50 2 630 2 710 2 4318.000000 13 40 313 35 35 152 2 805 2 1880 2 1678096278880247703733796864.000000 10
1 121 123 10000000 35 50 17 24 19 1 351 2 351 2 351.000000 10 40 313 24 34 166 1 491 2 569 1 1265.000000 7
0 124 124 10000000 35 50 1 4 3 2 4 0 4 1 4.000000 5 41 314 1 1 1 1 10 0 10 1 10.000000 1
1 124 125 10000000 35 50 1 1 1 2 14 0 14 0 14.000000 6 41 314 1 2 2 0 20 1 20 1 20.000000 2
1 124 126 10000000 35 50 19 26 21 2 409 1 409 1 409.000000 10 41 314 26 34 138 2 585 1 695 2 1999.000000 7
0 127 127 10000000 35 50 1 8 5 1 2 0 2 2 2.000000 5 42 311 1 1 1 0 9 0 9 0 9.000000 1
1 127 128 10000000 35 50 35 35 50 5 630 2 710 2 4318.000000 16 42 311 35 35 119 2 875 1 1819 1 12447848228743184950918905856.000000 10
1 127 129 10000000 35 50 19 24 25 2 372 1 372 1 372.000000 10 42 311 24 33 131 1 556 1 642 1 1604.000000 7
0 130 130 10000000 35 50 5 13 14 1 49 0 49 1 49.000000 9 43 329 1 13 12 0 34 1 34 1 34.000000 1
1 130 131 10000000 35 50 35 35 50 2 630 2 710 2 4318.000000 15 43 329 35 35 115 2 910 2 1885 1 8248945566627229902387019776.000000 10
1 130 132 10000000 35 50 21 26 27 2 428 2 428 2 428.000000 11 43 329 26 34 128 2 652 1 761 1 2414.000000 7
1 130 133 10000000 35 50 35 35 50 3 630 1 710 1 4318.000000 15 43 329 35 35 115 2 910 2 1885 2 8248945566627229902387019776.000000 10
0 134 134 10000000 35 50 1 10 6 1 1 0 1 0 1.000000 3 44 352 1 10 7 0 10 1 10 0 10.000000 4
1 134 135 10000000 35 50 33 33 48 3 587 2 637 2 1001.000000 13 44 352 33 34 108 2 884 1 1540 2 89496847203390842891927552.000000 9
1 134 136 10000000 35 50 23 26 31 4 432 2 432 2 432.000000 12 44 352 26 33 123 2 678 2 769 1 2058.000000 7
0 137 137 10000000 35 50 1 1 1 3 23 2 23 1 23.000000 5 45 374 1 1 1 1 33 0 33 1 33.000000 1
1 137 138 10000000 35 50 35 35 50 3 630 2 710 2 4318.000000 14 45 374 35 35 107 2 980 2 1985 2 1665970347019508336046374912.000000 10
1 137 139 10000000 35 50 25 28 33 3 470 2 470 2 470.000000 12 45 374 28 33 121 2 762 1 862 2 2776.000000 8
0 140 140 10000000 35 50 4 12 13 1 28 1 28 0 28.000000 7 46 396 1 15 14 0 30 1 30 0 30.000000 1
1 140 141 10000000 35 50 1 1 1 2 15 1 15 0 15.000000 4 46 396 1 2 2 1 26 1 26 1 26.000000 1
1 140 142 10000000 35 50 27 27 40 3 485 2 546 2 2325.000000 12 46 396 27 33 93 2 782 1 866 1 2504.000000 8
1 140 143 10000000 35 50 35 35 50 3 630 2 710 2 4318.000000 14 46 396 35 35 103 2 1015 2 2019 2 539622764147238984593965056.000000 10
0 144 144 10000000 35 50 15 15 30 3 134 1 134 1 134.000000 11 36 374 1 16 15 1 30 1 450 0 14348907000000000557056.000000 1
1 144 145 10000000 35 50 1 1 1 1 34 0 34 0 34.000000 5 36 374 1 1 1 1 35 1 35 1 35.000000 2
1 144 146 10000000 35 50 25 25 38 2 447 1 447 2 447.000000 12 36 374 25 35 267 1 472 2 825 1 494439808796970.000000 9
1 144 147 10000000 35 50 35 35 50 5 630 1 710 2 4318.000000 15 36 374 35 35 371 2 665 2 3420 2 169556853992362520776540160.000000 12
0 148 148 10000000 35 108 13 23 86 3 98 1 98 1 98.000000 7 35 371 1 13 13 0 20 1 260 0 81920000000000000.000000 2
1 148 149 10000000 35 108 1 1 1 2 32 1 32 0 32.000000 5 35 371 1 1 1 0 32 0 32 0 32.000000 1
1 148 150 10000000 35 108 23 25 76 2 392 2 574 2 4450.000000 11 35 371 25 35 360 3 407 1 603 1 4197469.000000 7
0 151 151 10000000 35 108 13 23 86 3 94 1 94 2 94.000000 9 35 353 1 13 12 2 16 0 192 1 281474976710656.000000 1
1 151 152 10000000 35 108 35 35 108 3 630 2 1362 2 9201534556692.000000 15 35 353 35 35 353 3 630 2 2790 1 270532291543056172900679680.000000 11
1 151 153 10000000 35 108 23 24 84 4 359 2 533 2 3817.000000 12 35 353 24 35 340 2 366 1 501 2 2458.000000 6
0 154 154 10000000 35 108 13 23 86 4 98 1 98 1 98.000000 7 36 376 1 14 13 1 21 1 273 1 154472377739119456.000000 1
1 154 155 10000000 35 108 35 35 108 3 630 2 1362 2 9201534556692.000000 16 36 376 35 35 341 3 665 2 3028 2 310959187305455354480951296.000000 12
1 154 156 10000000 35 108 25 26 86 3 419 1 890 2 2213323509005203.000000 14 36 376 26 35 331 2 452 1 766 1 4680509605134.000000 9
