0 0 0 10000000 10 17 15 18 117 19
1 0 1 10000000 12 200 59 9 111 68
1 0 2 10000000 13 82 17 9 17 16
1 0 3 10000000 14 221 78 9 114 65
0 4 4 10000000 9 17 14 20 120 35
1 4 5 10000000 15 107 19 12 58 16
1 4 6 10000000 16 101 20 13 54 14
0 7 7 10000000 9 16 13 21 88 17
1 7 8 10000000 14 203 65 12 144 71
1 7 9 10000000 16 101 21 15 57 13
1 7 10 10000000 13 218 78 14 155 67
0 11 11 10000000 10 18 14 28 111 47
1 11 12 10000000 15 103 19 13 61 13
1 11 13 10000000 16 109 17 14 62 14
1 11 14 10000000 15 204 118 13 149 66
0 15 15 10000000 9 17 12 21 94 17
1 15 16 10000000 12 206 84 13 142 69
1 15 17 10000000 15 106 23 15 54 13
1 15 18 10000000 13 208 78 12 167 66
0 19 19 10000000 9 16 14 21 116 46
1 19 20 10000000 15 100 20 14 58 13
1 19 21 10000000 14 107 22 15 66 19
0 22 22 10000000 12 34 18 19 108 80
1 22 23 10000000 12 209 80 13 227 198
1 22 24 10000000 16 120 20 14 69 13
1 22 25 10000000 13 227 81 14 243 201
0 26 26 10000000 12 30 17 23 116 93
1 26 27 10000000 13 102 19 16 56 13
1 26 28 10000000 16 110 24 19 70 18
1 26 29 10000000 14 211 142 16 239 161
0 30 30 10000000 13 31 16 26 114 99
1 30 31 10000000 15 103 21 19 59 13
1 30 32 10000000 24 136 21 222 58 12
0 33 33 10000000 11 30 17 28 121 89
1 33 34 10000000 15 101 19 22 63 13
1 33 35 10000000 18 99 21 19 57 12
1 33 36 10000000 13 205 109 19 226 162
0 37 37 10000000 9 30 16 27 116 95
1 37 38 10000000 12 86 17 17 18 13
1 37 39 10000000 16 106 26 19 63 19
0 40 40 10000000 10 31 18 31 124 102
1 40 41 10000000 13 93 19 21 59 14
1 40 42 10000000 14 102 19 21 57 13
1 40 43 10000000 13 204 108 22 224 160
0 44 44 10000000 11 66 16 34 128 65
1 44 45 10000000 15 108 20 19 54 16
1 44 46 10000000 15 99 19 20 59 13
1 44 47 10000000 15 222 82 20 224 184
0 48 48 10000000 10 64 17 31 129 66
1 48 49 10000000 15 134 20 21 58 14
1 48 50 10000000 17 105 19 20 58 13
0 51 51 10000000 11 124 69 28 115 46
1 51 52 10000000 14 99 18 20 68 27
1 51 53 10000000 13 96 17 20 68 28
1 51 54 10000000 14 219 73 19 347 1582
0 55 55 10000000 13 34 66 31 112 46
1 55 56 10000000 14 90 18 23 16 13
1 55 57 10000000 17 116 19 21 74 30
0 58 58 10000000 12 79 29 27 121 62
1 58 59 10000000 17 105 27 22 276 277
1 58 60 10000000 13 105 18 21 66 20
1 58 61 10000000 16 211 67 17 320 298
0 62 62 10000000 10 19 13 26 107 18
1 62 63 10000000 14 92 17 26 58 14
1 62 64 10000000 13 94 22 26 60 14
0 65 65 10000000 9 39 26 32 116 96
1 65 66 10000000 14 104 22 24 53 14
1 65 67 10000000 15 115 22 24 72 31
0 68 68 10000000 11 76 24 30 130 57
1 68 69 10000000 17 112 18 25 66 22
1 68 70 10000000 18 106 19 25 67 23
0 71 71 10000000 14 17 13 36 102 17
1 71 72 10000000 15 111 18 25 59 13
1 71 73 10000000 16 107 18 29 71 24
0 74 74 10000000 13 17 12 30 144 18
1 74 75 10000000 15 104 19 25 25 20
1 74 76 10000000 13 118 23 32 80 39
1 74 77 10000000 16 212 71 23 304 312
0 78 78 10000000 11 70 26 32 143 78
1 78 79 10000000 14 106 16 29 67 23
1 78 80 10000000 14 103 16 27 66 20
0 81 81 10000000 13 33 39 29 177 78
1 81 82 10000000 14 196 70 27 285 284
1 81 83 10000000 15 117 27 29 76 47
1 81 84 10000000 16 238 72 26 294 324
0 85 85 10000000 13 87 41 32 116 58
1 85 86 10000000 16 99 21 27 61 23
1 85 87 10000000 20 164 26 27 43 68
0 88 88 10000000 13 87 36 31 123 58
1 88 89 10000000 15 228 74 24 421 370
1 88 90 10000000 17 167 26 28 54 63
1 88 91 10000000 15 233 73 25 414 363
0 92 92 10000000 14 92 37 42 142 77
1 92 93 10000000 15 305 72 29 416 362
1 92 94 10000000 15 164 48 30 409 288
0 95 95 10000000 12 17 12 35 98 17
1 95 96 10000000 15 232 77 29 423 337
1 95 97 10000000 17 167 42 29 64 45
1 95 98 10000000 16 217 79 27 418 331
0 99 99 10000000 13 84 49 39 134 89
1 99 100 10000000 16 82 17 32 25 21
1 99 101 10000000 14 170 59 35 301 310
1 99 102 10000000 15 196 71 35 335 332
0 103 103 10000000 12 108 71 34 135 78
1 103 104 10000000 20 230 83 26 547 485
1 103 105 10000000 16 193 98 31 552 442
0 106 106 10000000 12 20 13 38 104 19
1 106 107 10000000 16 225 89 35 457 461
1 106 108 10000000 20 198 80 37 475 432
1 106 109 10000000 18 225 91 36 467 452
0 110 110 10000000 12 103 60 45 159 111
1 110 111 10000000 19 226 87 35 455 463
1 110 112 10000000 17 201 85 43 450 431
1 110 113 10000000 18 215 91 38 443 517
0 114 114 10000000 12 105 60 44 168 142
1 114 115 10000000 18 231 89 41 436 437
1 114 116 10000000 19 223 89 56 433 418
1 114 117 10000000 23 252 89 42 426 434
0 118 118 10000000 13 94 55 42 175 141
1 118 119 10000000 17 233 99 50 429 521
1 118 120 10000000 16 200 119 53 386 391
0 121 121 10000000 12 60 82 48 222 161
1 121 122 10000000 18 234 129 50 342 338
1 121 123 10000000 17 206 99 51 329 362
0 124 124 10000000 12 38 46 47 87 19
1 124 125 10000000 14 76 16 39 24 20
1 124 126 10000000 17 227 98 47 270 297
0 127 127 10000000 11 100 72 48 100 13
1 127 128 10000000 17 232 136 54 277 270
1 127 129 10000000 17 201 92 50 261 280
0 130 130 10000000 12 57 86 49 260 174
1 130 131 10000000 20 241 134 55 260 261
1 130 132 10000000 19 224 98 55 239 281
1 130 133 10000000 19 225 132 56 260 256
0 134 134 10000000 17 91 62 51 178 145
1 134 135 10000000 17 308 95 49 246 288
1 134 136 10000000 25 225 101 57 227 261
0 137 137 10000000 16 17 14 53 104 21
1 137 138 10000000 19 235 99 50 240 259
1 137 139 10000000 17 216 97 51 236 252
0 140 140 10000000 15 59 70 54 288 236
1 140 141 10000000 29 97 22 45 23 19
1 140 142 10000000 16 238 78 59 225 254
1 140 143 10000000 19 238 100 45 227 254
0 144 144 10000000 12 84 78 48 301 231
1 144 145 10000000 17 86 18 44 16 12
1 144 146 10000000 18 217 88 55 734 972
1 144 147 10000000 16 243 94 94 753 1027
0 148 148 10000000 26 174 177 46 246 194
1 148 149 10000000 27 92 16 52 19 12
1 148 150 10000000 25 275 226 53 743 1052
0 151 151 10000000 26 172 207 47 265 201
1 151 152 10000000 24 319 218 52 730 975
1 151 153 10000000 25 287 221 49 741 918
0 154 154 10000000 23 171 181 48 275 219
1 154 155 10000000 22 324 219 53 692 958
1 154 156 10000000 23 301 246 58 664 900
