0 0 0 10000000 106 17 13 110 104 19
1 0 1 10000000 110 104 19 116 62 15
1 0 2 10000000 109 97 22 106 17 13
1 0 3 10000000 112 190 44 108 52 30
0 4 4 10000000 107 20 14 141 120 20
1 4 5 10000000 111 101 20 106 68 15
1 4 6 10000000 108 98 17 110 20 13
1 4 7 10000000 111 166 37 105 59 36
0 8 8 10000000 106 17 13 112 103 18
1 8 9 10000000 112 106 21 115 70 16
1 8 10 10000000 115 89 16 111 19 13
0 11 11 10000000 107 20 18 114 110 36
1 11 12 10000000 113 121 30 107 78 64
1 11 13 10000000 113 114 19 110 74 24
1 11 14 10000000 112 114 27 110 72 54
0 15 15 10000000 107 20 13 115 101 21
1 15 16 10000000 113 126 29 112 62 21
1 15 17 10000000 111 91 19 113 16 13
1 15 18 10000000 111 121 28 110 67 22
0 19 19 10000000 106 18 13 115 112 19
1 19 20 10000000 147 114 27 114 80 35
1 19 21 10000000 109 92 20 115 22 13
0 22 22 10000000 104 59 15 115 114 58
1 22 23 10000000 118 119 26 114 82 64
1 22 24 10000000 112 102 19 115 80 39
0 25 25 10000000 104 17 13 118 101 16
1 25 26 10000000 110 108 26 118 71 20
1 25 27 10000000 114 111 20 118 18 14
1 25 28 10000000 114 134 27 122 68 20
0 29 29 10000000 111 17 13 117 100 21
1 29 30 10000000 111 158 40 117 43 50
1 29 31 10000000 120 99 19 120 18 12
0 32 32 10000000 104 19 13 123 112 17
1 32 33 10000000 109 114 24 120 63 20
1 32 34 10000000 112 92 17 116 17 12
0 35 35 10000000 104 18 13 120 93 19
1 35 36 10000000 112 110 26 120 67 20
1 35 37 10000000 109 97 19 119 17 13
0 38 38 10000000 104 16 13 120 104 19
1 38 39 10000000 109 115 26 129 66 20
1 38 40 10000000 113 103 19 123 20 15
0 41 41 10000000 105 16 15 123 89 16
1 41 42 10000000 108 163 29 120 30 23
1 41 43 10000000 115 88 20 121 17 15
0 44 44 10000000 105 17 13 123 105 17
1 44 45 10000000 109 116 25 116 79 57
1 44 46 10000000 111 93 18 116 18 14
0 47 47 10000000 111 17 14 133 114 19
1 47 48 10000000 114 88 20 120 61 13
1 47 49 10000000 108 83 19 119 16 13
1 47 50 10000000 113 125 19 127 70 18
0 51 51 10000000 106 16 13 131 97 17
1 51 52 10000000 107 99 20 121 66 14
1 51 53 10000000 108 95 16 120 17 14
1 51 54 10000000 109 123 25 123 60 20
0 55 55 10000000 106 16 13 124 115 17
1 55 56 10000000 107 107 24 124 72 22
1 55 57 10000000 105 89 19 199 17 13
0 58 58 10000000 106 16 15 122 91 16
1 58 59 10000000 109 106 24 143 67 20
1 58 60 10000000 116 113 19 128 18 13
1 58 61 10000000 109 224 59 128 67 62
0 62 62 10000000 106 17 12 123 102 18
1 62 63 10000000 111 109 27 125 73 20
1 62 64 10000000 111 107 19 165 19 15
0 65 65 10000000 105 16 16 125 96 17
1 65 66 10000000 112 101 24 129 73 22
1 65 67 10000000 114 94 18 126 16 13
1 65 68 10000000 114 227 65 124 70 68
0 69 69 10000000 107 16 12 127 114 31
1 69 70 10000000 110 117 26 128 68 22
1 69 71 10000000 117 109 21 130 69 14
0 72 72 10000000 106 17 12 125 102 34
1 72 73 10000000 128 131 29 157 100 23
1 72 74 10000000 109 128 22 124 53 13
0 75 75 10000000 106 16 14 130 95 17
1 75 76 10000000 109 105 27 126 79 21
1 75 77 10000000 114 106 18 132 16 13
1 75 78 10000000 113 221 62 127 71 66
0 79 79 10000000 105 18 14 128 108 17
1 79 80 10000000 105 90 16 116 16 13
1 79 81 10000000 109 98 20 141 56 13
1 79 82 10000000 113 233 67 131 72 70
0 83 83 10000000 107 20 13 128 94 18
1 83 84 10000000 113 99 23 158 86 41
1 83 85 10000000 112 99 18 121 17 14
0 86 86 10000000 108 18 12 135 92 17
1 86 87 10000000 109 112 26 132 72 19
1 86 88 10000000 116 97 16 135 17 14
0 89 89 10000000 106 18 14 130 116 45
1 89 90 10000000 114 104 20 135 68 15
1 89 91 10000000 117 134 32 149 105 46
0 92 92 10000000 106 18 12 137 110 49
1 92 93 10000000 107 113 25 132 72 19
1 92 94 10000000 112 117 26 131 77 50
0 95 95 10000000 108 16 14 129 106 17
1 95 96 10000000 112 120 24 128 96 66
1 95 97 10000000 112 154 38 129 49 53
0 98 98 10000000 147 19 13 113 110 17
1 98 99 10000000 126 115 26 112 46 20
1 98 100 10000000 125 95 18 114 19 12
1 98 101 10000000 126 141 27 117 54 23
0 102 102 10000000 130 18 14 114 100 20
1 102 103 10000000 126 163 61 111 33 27
1 102 104 10000000 130 148 23 114 47 14
0 105 105 10000000 126 18 16 117 113 18
1 105 106 10000000 128 108 19 112 41 16
1 105 107 10000000 128 151 57 112 58 55
1 105 108 10000000 133 142 26 127 56 21
0 109 109 10000000 126 19 12 115 119 17
1 109 110 10000000 130 189 112 115 68 45
1 109 111 10000000 132 80 16 105 19 12
0 112 112 10000000 128 43 59 124 109 21
1 112 113 10000000 126 109 19 116 50 15
1 112 114 10000000 128 91 18 121 17 15
0 115 115 10000000 131 17 13 118 113 16
1 115 116 10000000 127 111 25 117 48 23
1 115 117 10000000 127 96 18 116 16 13
0 118 118 10000000 126 17 15 124 112 17
1 118 119 10000000 124 207 90 115 91 77
1 118 120 10000000 128 100 17 128 20 14
0 121 121 10000000 127 16 12 119 101 17
1 121 122 10000000 126 186 90 119 94 79
1 121 123 10000000 126 211 17 114 17 14
0 124 124 10000000 129 16 12 125 112 17
1 124 125 10000000 126 208 94 120 91 76
1 124 126 10000000 123 91 16 124 18 13
0 127 127 10000000 129 18 14 122 111 33
1 127 128 10000000 123 146 47 120 29 34
1 127 129 10000000 126 200 100 120 94 82
1 127 130 10000000 123 149 125 121 38 39
0 131 131 10000000 126 16 15 125 106 16
1 131 132 10000000 125 116 22 126 42 15
1 131 133 10000000 126 99 17 123 16 13
0 134 134 10000000 136 18 14 124 109 17
1 134 135 10000000 124 202 90 122 94 78
1 134 136 10000000 132 110 18 127 17 14
0 137 137 10000000 130 17 13 123 114 18
1 137 138 10000000 130 103 19 127 17 11
1 137 139 10000000 125 228 105 123 100 140
0 140 140 10000000 126 18 13 126 109 16
1 140 141 10000000 126 115 20 120 41 15
1 140 142 10000000 128 273 135 125 113 117
1 140 143 10000000 132 116 31 126 53 21
0 144 144 10000000 182 19 17 164 135 28
1 144 145 10000000 125 139 25 466 366 22
1 144 146 10000000 148 322 113 147 152 164
0 147 147 10000000 137 20 15 129 124 22
1 147 148 10000000 138 102 21 112 68 14
1 147 149 10000000 136 104 18 116 20 12
0 150 150 10000000 135 19 13 116 110 17
1 150 151 10000000 133 110 24 115 67 18
1 150 152 10000000 130 167 41 117 32 28
0 153 153 10000000 134 23 13 123 108 18
1 153 154 10000000 131 102 19 120 66 14
1 153 155 10000000 133 206 55 119 93 38
1 153 156 10000000 135 215 26 114 67 23
0 157 157 10000000 131 23 13 124 108 18
1 157 158 10000000 137 115 19 117 64 14
1 157 159 10000000 134 100 22 121 19 13
0 160 160 10000000 149 137 84 129 176 64
1 160 161 10000000 134 182 57 161 32 27
1 160 162 10000000 140 97 16 118 22 13
0 163 163 10000000 135 42 29 123 132 111
1 163 164 10000000 130 178 62 122 43 39
1 163 165 10000000 134 109 38 118 72 24
0 166 166 10000000 135 22 12 120 106 17
1 166 167 10000000 137 111 19 145 68 15
1 166 168 10000000 128 101 18 120 19 15
0 169 169 10000000 135 19 14 123 105 21
1 169 170 10000000 157 141 26 155 95 17
1 169 171 10000000 133 100 17 117 20 13
0 172 172 10000000 133 19 14 123 100 17
1 172 173 10000000 134 118 20 124 67 14
1 172 174 10000000 136 100 17 127 17 12
0 175 175 10000000 133 19 13 124 100 17
1 175 176 10000000 139 126 20 126 65 14
1 175 177 10000000 135 95 17 116 22 14
0 178 178 10000000 131 19 14 125 118 22
1 178 179 10000000 171 155 29 173 90 24
1 178 180 10000000 130 96 18 118 19 15
0 181 181 10000000 133 22 13 126 96 16
1 181 182 10000000 131 107 19 133 58 18
1 181 183 10000000 133 129 28 125 66 21
1 181 184 10000000 131 118 21 130 68 15
0 185 185 10000000 130 18 13 129 92 17
1 185 186 10000000 136 117 20 130 64 15
1 185 187 10000000 131 108 19 133 63 14
0 188 188 10000000 130 18 13 131 107 17
1 188 189 10000000 134 119 21 130 69 15
1 188 190 10000000 134 120 22 129 71 18
0 191 191 10000000 143 23 15 130 145 17
1 191 192 10000000 134 115 19 134 66 14
1 191 193 10000000 131 103 17 128 20 13
0 194 194 10000000 140 20 12 134 108 18
1 194 195 10000000 132 124 21 131 79 27
1 194 196 10000000 141 227 71 140 120 91
0 197 197 10000000 147 21 12 118 109 18
1 197 198 10000000 135 112 19 118 61 15
1 197 199 10000000 132 90 16 109 19 20
0 200 200 10000000 142 23 14 114 107 17
1 200 201 10000000 135 180 59 119 51 35
1 200 202 10000000 133 92 16 111 18 12
0 203 203 10000000 145 20 13 120 112 18
1 203 204 10000000 139 109 19 121 72 15
1 203 205 10000000 133 193 44 119 56 54
1 203 206 10000000 136 222 115 121 68 50
0 207 207 10000000 135 22 12 125 108 18
1 207 208 10000000 137 125 22 121 69 14
1 207 209 10000000 138 95 19 117 21 17
0 210 210 10000000 142 23 16 126 118 22
1 210 211 10000000 139 115 17 129 19 13
1 210 212 10000000 141 215 49 121 46 58
1 210 213 10000000 138 172 26 124 29 25
0 214 214 10000000 156 20 14 133 112 20
1 214 215 10000000 138 233 116 126 67 53
1 214 216 10000000 136 109 17 124 19 13
0 217 217 10000000 151 24 13 339 136 17
1 217 218 10000000 136 90 17 123 22 14
1 217 219 10000000 136 164 27 127 31 23
1 217 220 10000000 147 1135 110 125 68 53
0 221 221 10000000 142 18 13 132 95 18
1 221 222 10000000 135 218 108 131 64 51
1 221 223 10000000 142 115 18 128 19 14
0 224 224 10000000 144 19 13 132 107 16
1 224 225 10000000 138 233 75 125 55 42
1 224 226 10000000 132 97 17 122 24 13
0 227 227 10000000 148 19 16 140 118 17
1 227 228 10000000 136 116 21 132 81 14
1 227 229 10000000 138 104 18 136 22 18
0 230 230 10000000 145 20 14 259 111 18
1 230 231 10000000 137 248 75 130 53 40
1 230 232 10000000 136 93 18 122 19 14
0 233 233 10000000 139 21 13 139 100 18
1 233 234 10000000 137 97 20 127 66 15
1 233 235 10000000 140 98 17 138 19 14
0 236 236 10000000 144 19 14 137 315 17
1 236 237 10000000 135 124 20 135 69 16
1 236 238 10000000 136 100 18 133 21 47
0 239 239 10000000 140 19 14 136 115 18
1 239 240 10000000 137 205 73 135 51 39
1 239 241 10000000 134 97 17 132 19 13
0 242 242 10000000 145 17 14 143 116 21
1 242 243 10000000 137 197 56 139 51 34
1 242 244 10000000 154 215 57 140 58 39
0 245 245 10000000 143 19 13 144 109 17
1 245 246 10000000 137 96 23 137 69 14
1 245 247 10000000 140 101 21 135 20 14
0 248 248 10000000 134 19 12 140 104 17
1 248 249 10000000 138 179 57 139 79 52
1 248 250 10000000 136 92 18 127 18 14
0 251 251 10000000 143 16 13 117 109 18
1 251 252 10000000 151 186 66 115 37 29
1 251 253 10000000 149 90 17 113 17 15
0 254 254 10000000 147 17 13 119 108 18
1 254 255 10000000 151 163 52 116 35 30
1 254 256 10000000 145 96 17 111 17 16
0 257 257 10000000 138 18 13 123 101 17
1 257 258 10000000 149 209 60 121 34 29
1 257 259 10000000 144 91 16 111 17 13
0 260 260 10000000 147 19 15 122 110 16
1 260 261 10000000 148 174 55 119 34 26
1 260 262 10000000 147 97 17 119 19 14
0 263 263 10000000 141 16 13 120 106 16
1 263 264 10000000 144 107 17 117 62 14
1 263 265 10000000 145 112 20 117 19 13
0 266 266 10000000 143 16 13 120 107 18
1 266 267 10000000 143 120 18 119 70 15
1 266 268 10000000 154 101 21 120 16 13
0 269 269 10000000 143 17 15 124 115 21
1 269 270 10000000 144 208 76 120 83 36
1 269 271 10000000 144 93 16 122 20 13
0 272 272 10000000 142 17 11 127 107 17
1 272 273 10000000 146 101 26 113 66 21
1 272 274 10000000 146 95 18 118 16 12
0 275 275 10000000 152 19 16 140 115 21
1 275 276 10000000 147 166 60 125 35 28
1 275 277 10000000 153 93 16 120 16 13
0 278 278 10000000 142 18 13 130 102 18
1 278 279 10000000 146 167 56 127 36 29
1 278 280 10000000 146 109 21 136 20 13
0 281 281 10000000 137 49 14 125 103 19
1 281 282 10000000 149 392 61 128 41 28
1 281 283 10000000 142 88 21 117 16 13
0 284 284 10000000 145 43 12 127 454 19
1 284 285 10000000 142 176 58 133 36 28
1 284 286 10000000 149 91 24 130 18 13
0 287 287 10000000 141 18 13 126 104 17
1 287 288 10000000 146 109 17 135 65 15
1 287 289 10000000 146 187 41 132 48 34
0 290 290 10000000 142 16 12 127 108 18
1 290 291 10000000 150 113 19 134 64 15
1 290 292 10000000 147 95 21 137 17 13
0 293 293 10000000 144 16 13 130 100 17
1 293 294 10000000 152 169 57 136 38 28
1 293 295 10000000 556 119 22 140 19 13
0 296 296 10000000 144 20 13 133 103 17
1 296 297 10000000 145 117 20 131 65 17
1 296 298 10000000 146 92 17 124 17 14
0 299 299 10000000 162 19 21 153 135 21
1 299 300 10000000 153 103 20 136 71 15
1 299 301 10000000 146 95 18 141 23 13
0 302 302 10000000 145 17 13 133 106 16
1 302 303 10000000 147 112 18 136 64 15
1 302 304 10000000 151 558 20 142 18 13
0 305 305 10000000 140 20 13 136 108 17
1 305 306 10000000 145 194 78 135 48 34
1 305 307 10000000 146 91 21 127 19 13
0 308 308 10000000 146 20 15 136 108 20
1 308 309 10000000 140 199 76 137 49 38
1 308 310 10000000 147 100 17 148 18 13
0 311 311 10000000 143 19 12 135 104 18
1 311 312 10000000 145 213 78 146 55 37
1 311 313 10000000 150 100 18 282 18 14
0 314 314 10000000 138 17 13 135 107 19
1 314 315 10000000 144 195 80 137 106 99
1 314 316 10000000 146 89 17 130 16 13
0 317 317 10000000 150 18 12 113 101 19
1 317 318 10000000 156 165 51 113 29 23
1 317 319 10000000 153 92 18 111 19 13
0 320 320 10000000 149 18 14 114 102 19
1 320 321 10000000 156 99 20 112 60 15
1 320 322 10000000 154 89 18 112 16 13
0 323 323 10000000 148 18 13 117 96 17
1 323 324 10000000 186 402 21 118 71 14
1 323 325 10000000 182 148 21 156 21 14
0 326 326 10000000 148 16 13 122 96 20
1 326 327 10000000 160 113 31 116 76 23
1 326 328 10000000 157 107 18 122 18 15
0 329 329 10000000 149 45 68 119 93 16
1 329 330 10000000 158 114 31 119 72 20
1 329 331 10000000 150 92 18 110 17 14
0 332 332 10000000 145 17 13 116 100 16
1 332 333 10000000 155 117 20 123 68 15
1 332 334 10000000 156 97 21 123 19 13
0 335 335 10000000 160 19 13 120 116 24
1 335 336 10000000 152 172 45 119 30 36
1 335 337 10000000 150 92 19 113 17 13
0 338 338 10000000 148 20 14 123 106 16
1 338 339 10000000 150 183 70 121 34 27
1 338 340 10000000 154 101 19 121 20 13
0 341 341 10000000 151 17 13 123 108 23
1 341 342 10000000 157 175 71 118 33 29
1 341 343 10000000 159 98 18 123 18 13
0 344 344 10000000 159 16 14 126 112 16
1 344 345 10000000 153 176 45 120 27 22
1 344 346 10000000 156 103 19 186 15 12
0 347 347 10000000 147 19 13 125 100 16
1 347 348 10000000 157 162 42 119 30 22
1 347 349 10000000 153 97 21 127 17 13
0 350 350 10000000 158 18 14 133 115 19
1 350 351 10000000 152 118 19 130 70 16
1 350 352 10000000 154 87 18 129 18 13
0 353 353 10000000 150 153 138 127 103 16
1 353 354 10000000 157 115 29 129 67 21
1 353 355 10000000 156 93 16 124 17 14
0 356 356 10000000 151 41 48 138 106 18
1 356 357 10000000 190 121 32 126 78 22
1 356 358 10000000 328 108 17 132 18 14
0 359 359 10000000 151 17 13 140 105 23
1 359 360 10000000 241 117 18 407 67 14
1 359 361 10000000 151 109 18 134 19 15
0 362 362 10000000 145 24 18 130 112 32
1 362 363 10000000 158 210 70 141 54 34
1 362 364 10000000 154 92 16 120 18 13
0 365 365 10000000 147 29 28 129 101 17
1 365 366 10000000 155 121 40 130 75 22
1 365 367 10000000 154 118 26 127 64 21
0 368 368 10000000 153 20 13 130 111 21
1 368 369 10000000 157 209 94 136 54 41
1 368 370 10000000 158 205 70 130 58 51
0 371 371 10000000 151 17 12 131 101 17
1 371 372 10000000 156 96 21 132 59 15
1 371 373 10000000 303 93 18 123 19 12
0 374 374 10000000 147 17 14 134 113 19
1 374 375 10000000 168 133 22 144 82 17
1 374 376 10000000 155 98 18 131 18 12
0 377 377 10000000 152 19 13 150 122 17
1 377 378 10000000 160 133 21 144 71 14
1 377 379 10000000 151 100 17 126 20 13
0 380 380 10000000 143 85 39 134 115 46
1 380 381 10000000 158 125 25 149 66 16
1 380 382 10000000 152 89 18 128 17 14
0 383 383 10000000 146 16 13 130 97 19
1 383 384 10000000 326 136 22 139 69 17
1 383 385 10000000 150 90 17 130 21 12
0 386 386 10000000 171 19 13 115 100 19
1 386 387 10000000 164 112 39 113 73 18
1 386 388 10000000 166 90 18 114 17 13
0 389 389 10000000 174 19 14 118 107 20
1 389 390 10000000 166 113 32 111 75 19
1 389 391 10000000 171 97 19 112 18 16
0 392 392 10000000 349 24 14 13688 348 20
1 392 393 10000000 167 123 32 116 75 20
1 392 394 10000000 164 87 18 107 17 14
0 395 395 10000000 176 18 13 117 97 18
1 395 396 10000000 164 120 28 112 72 19
1 395 397 10000000 179 108 18 117 18 13
0 398 398 10000000 173 17 14 120 100 19
1 398 399 10000000 167 188 78 115 52 35
1 398 400 10000000 168 85 18 109 18 12
0 401 401 10000000 176 16 18 126 101 16
1 401 402 10000000 168 203 76 122 52 37
1 401 403 10000000 179 99 20 122 17 14
0 404 404 10000000 175 19 12 125 97 17
1 404 405 10000000 217 271 87 146 62 42
1 404 406 10000000 173 94 17 126 19 12
0 407 407 10000000 199 16 15 125 125 22
1 407 408 10000000 172 189 64 121 49 35
1 407 409 10000000 167 96 16 115 16 13
0 410 410 10000000 175 19 14 125 105 18
1 410 411 10000000 163 187 70 123 51 34
1 410 412 10000000 167 92 16 119 21 13
0 413 413 10000000 191 20 14 134 107 19
1 413 414 10000000 171 133 17 123 82 18
1 413 415 10000000 178 103 48 123 22 16
0 416 416 10000000 180 21 19 256 124 1582
1 416 417 10000000 168 220 70 126 52 33
1 416 418 10000000 175 110 20 130 19 14
0 419 419 10000000 168 27 27 120 92 17
1 419 420 10000000 168 232 110 124 95 82
1 419 421 10000000 167 112 21 121 73 20
0 422 422 10000000 172 17 14 130 106 15
1 422 423 10000000 254 113 19 126 68 17
1 422 424 10000000 165 89 17 122 19 14
0 425 425 10000000 173 20 13 129 103 15
1 425 426 10000000 172 116 30 128 76 19
1 425 427 10000000 172 88 17 125 18 14
0 428 428 10000000 188 19 14 127 123 30
1 428 429 10000000 170 222 95 128 61 59
1 428 430 10000000 174 92 20 131 17 14
0 431 431 10000000 191 16 13 135 96 17
1 431 432 10000000 171 138 39 135 70 21
1 431 433 10000000 173 273 20 174 16 14
0 434 434 10000000 175 16 12 135 100 16
1 434 435 10000000 169 127 38 128 71 20
1 434 436 10000000 167 94 16 132 17 14
0 437 437 10000000 221 17 14 140 102 17
1 437 438 10000000 169 174 43 131 26 22
1 437 439 10000000 163 91 19 121 17 12
0 440 440 10000000 171 17 13 125 102 16
1 440 441 10000000 177 125 21 134 70 14
1 440 442 10000000 166 160 40 131 27 38
1 440 443 10000000 162 112 27 129 70 19
0 444 444 10000000 166 17 14 130 88 19
1 444 445 10000000 164 115 20 131 72 14
1 444 446 10000000 166 115 18 140 18 16
0 447 447 10000000 175 16 12 128 101 16
1 447 448 10000000 169 202 77 126 73 60
1 447 449 10000000 162 98 17 123 16 13
0 450 450 10000000 195 24 16 123 121 18
1 450 451 10000000 174 124 40 116 79 20
1 450 452 10000000 171 107 47 117 66 16
0 453 453 10000000 181 22 14 115 102 17
1 453 454 10000000 171 108 21 115 55 13
1 453 455 10000000 180 102 18 117 20 14
0 456 456 10000000 177 17 14 119 114 18
1 456 457 10000000 181 216 81 117 53 35
1 456 458 10000000 176 98 18 114 18 13
0 459 459 10000000 168 16 13 119 102 22
1 459 460 10000000 174 101 20 113 65 14
1 459 461 10000000 172 97 20 115 19 13
0 462 462 10000000 171 21 13 116 93 18
1 462 463 10000000 172 107 21 114 60 14
1 462 464 10000000 178 195 56 115 100 98
1 462 465 10000000 171 117 24 121 73 21
0 466 466 10000000 180 18 14 129 109 17
1 466 467 10000000 170 109 20 122 69 14
1 466 468 10000000 182 201 48 119 62 47
1 466 469 10000000 170 182 61 122 60 48
0 470 470 10000000 175 107 74 121 142 76
1 470 471 10000000 170 98 35 115 84 25
1 470 472 10000000 174 213 56 120 82 78
0 473 473 10000000 176 16 13 121 95 16
1 473 474 10000000 169 107 19 121 60 14
1 473 475 10000000 175 91 17 123 20 14
0 476 476 10000000 175 19 13 122 107 17
1 476 477 10000000 178 127 19 130 74 12
1 476 478 10000000 162 83 18 113 16 13
0 479 479 10000000 177 16 13 127 91 22
1 479 480 10000000 169 105 22 123 66 14
1 479 481 10000000 175 305 20 126 19 14
0 482 482 10000000 177 16 16 119 89 18
1 482 483 10000000 176 106 22 125 70 14
1 482 484 10000000 173 113 25 126 70 23
1 482 485 10000000 172 116 24 125 73 19
0 486 486 10000000 178 18 13 121 96 17
1 486 487 10000000 184 145 30 126 77 19
1 486 488 10000000 172 204 57 129 80 79
1 486 489 10000000 181 120 25 123 72 25
0 490 490 10000000 173 17 13 124 114 19
1 490 491 10000000 175 114 21 127 70 15
1 490 492 10000000 180 105 18 125 18 13
0 493 493 10000000 175 16 13 127 108 16
1 493 494 10000000 175 200 54 128 57 41
1 493 495 10000000 172 167 76 122 42 40
0 496 496 10000000 176 17 12 128 105 19
1 496 497 10000000 173 105 18 126 65 15
1 496 498 10000000 164 86 15 116 17 12
0 499 499 10000000 177 16 13 130 104 18
1 499 500 10000000 184 230 86 146 56 35
1 499 501 10000000 172 177 86 127 32 31
0 502 502 10000000 175 17 13 131 103 18
1 502 503 10000000 171 121 30 133 72 19
1 502 504 10000000 172 276 116 131 111 127
0 505 505 10000000 177 19 14 133 103 16
1 505 506 10000000 170 104 24 134 77 14
1 505 507 10000000 171 96 20 129 17 13
0 508 508 10000000 180 21 13 122 121 18
1 508 509 10000000 185 113 22 120 67 19
1 508 510 10000000 186 95 18 117 21 15
0 511 511 10000000 181 19 13 119 107 18
1 511 512 10000000 183 110 19 119 69 16
1 511 513 10000000 176 238 86 119 132 116
0 514 514 10000000 183 18 12 121 105 17
1 514 515 10000000 173 123 48 122 107 61
1 514 516 10000000 175 243 82 123 114 109
0 517 517 10000000 191 22 19 136 109 19
1 517 518 10000000 180 101 23 117 72 19
1 517 519 10000000 175 86 18 124 19 15
0 520 520 10000000 184 19 15 131 98 18
1 520 521 10000000 181 205 82 127 55 35
1 520 522 10000000 175 84 17 124 20 13
0 523 523 10000000 178 19 13 132 103 20
1 523 524 10000000 216 110 19 133 67 19
1 523 525 10000000 286 90 18 124 19 15
0 526 526 10000000 178 19 16 135 101 18
1 526 527 10000000 179 116 28 131 76 18
1 526 528 10000000 176 106 19 125 19 14
0 529 529 10000000 181 21 14 131 104 18
1 529 530 10000000 179 242 72 132 54 33
1 529 531 10000000 298 97 18 129 17 13
0 532 532 10000000 179 18 13 130 104 20
1 532 533 10000000 170 114 27 132 70 20
1 532 534 10000000 176 85 18 117 17 16
0 535 535 10000000 185 18 15 137 111 19
1 535 536 10000000 174 190 73 132 50 33
1 535 537 10000000 180 92 19 131 18 14
0 538 538 10000000 181 21 14 136 103 22
1 538 539 10000000 182 188 72 129 50 35
1 538 540 10000000 175 90 19 132 19 13
0 541 541 10000000 183 22 15 131 103 20
1 541 542 10000000 178 203 71 142 64 35
1 541 543 10000000 179 102 19 138 18 14
0 544 544 10000000 185 19 17 134 105 20
1 544 545 10000000 173 172 41 137 26 22
1 544 546 10000000 170 98 39 129 64 16
0 547 547 10000000 310 21 14 135 138 17
1 547 548 10000000 202 159 41 161 100 20
1 547 549 10000000 175 92 19 131 86 13
0 550 550 10000000 187 302 229 134 98 15
1 550 551 10000000 179 112 20 140 69 14
1 550 552 10000000 174 185 46 137 31 38
1 550 553 10000000 180 153 57 138 41 29
0 554 554 10000000 179 16 12 141 108 17
1 554 555 10000000 200 137 38 154 48 20
1 554 556 10000000 179 91 17 138 18 14
0 557 557 10000000 175 27 32 135 102 17
1 557 558 10000000 186 224 66 138 52 34
1 557 559 10000000 176 89 17 136 18 14
0 560 560 10000000 184 26 26 110 95 17
1 560 561 10000000 189 221 102 114 110 94
1 560 562 10000000 184 206 76 116 57 38
0 563 563 10000000 183 20 15 123 104 19
1 563 564 10000000 181 104 18 109 69 14
1 563 565 10000000 189 108 18 116 20 13
0 566 566 10000000 188 18 13 120 107 18
1 566 567 10000000 190 112 31 116 69 18
1 566 568 10000000 188 103 18 121 19 16
0 569 569 10000000 189 85 58 127 157 295
1 569 570 10000000 184 207 81 117 83 89
1 569 571 10000000 180 183 90 109 83 85
0 572 572 10000000 184 37 58 128 108 17
1 572 573 10000000 185 204 80 118 84 87
1 572 574 10000000 184 222 87 121 97 109
1 572 575 10000000 182 126 41 120 27 36
0 576 576 10000000 187 18 15 130 109 18
1 576 577 10000000 203 127 32 125 49 19
1 576 578 10000000 184 173 60 130 76 74
0 579 579 10000000 181 22 12 134 102 17
1 579 580 10000000 183 165 53 142 74 58
1 579 581 10000000 187 256 126 129 106 124
0 582 582 10000000 224 19 13 136 95 17
1 582 583 10000000 184 108 23 129 48 13
1 582 584 10000000 194 203 85 130 98 82
1 582 585 10000000 181 276 140 131 115 129
0 586 586 10000000 190 19 13 136 97 18
1 586 587 10000000 195 129 20 140 56 15
1 586 588 10000000 183 92 16 135 18 13
0 589 589 10000000 188 19 13 138 96 19
1 589 590 10000000 193 210 64 155 55 30
1 589 591 10000000 182 91 19 130 18 12
0 592 592 10000000 202 21 18 161 144 22
1 592 593 10000000 185 117 30 133 54 18
1 592 594 10000000 205 100 20 138 21 13
0 595 595 10000000 194 27 30 149 106 20
1 595 596 10000000 180 189 70 141 61 39
1 595 597 10000000 186 97 18 133 20 15
0 598 598 10000000 180 19 13 142 107 18
1 598 599 10000000 182 190 88 138 90 93
1 598 600 10000000 181 96 20 134 18 12
0 601 601 10000000 184 17 14 140 92 16
1 601 602 10000000 180 112 20 144 46 15
1 601 603 10000000 187 166 55 145 55 52
1 601 604 10000000 185 188 74 139 56 49
0 605 605 10000000 348 17 13 143 95 17
1 605 606 10000000 184 211 71 152 54 36
1 605 607 10000000 181 89 21 139 17 14
0 608 608 10000000 193 21 12 151 107 17
1 608 609 10000000 194 188 125 150 67 45
1 608 610 10000000 191 244 107 141 100 124
1 608 611 10000000 186 199 85 146 90 102
0 612 612 10000000 190 28 43 152 98 17
1 612 613 10000000 191 120 33 145 53 18
1 612 614 10000000 191 119 32 140 51 18
0 615 615 10000000 193 16 12 148 103 17
1 615 616 10000000 191 230 99 151 64 56
1 615 617 10000000 185 110 21 147 46 16
1 615 618 10000000 184 115 35 149 49 126
0 619 619 10000000 184 20 14 155 106 18
1 619 620 10000000 202 182 82 146 140 46
1 619 621 10000000 178 158 68 139 53 35
1 619 622 10000000 241 351 112 230 115 128
0 623 623 10000000 184 16 13 150 104 17
1 623 624 10000000 188 198 91 145 400 317
1 623 625 10000000 198 431 226 166 871 851
1 623 626 10000000 185 307 156 144 546 415
0 627 627 10000000 188 17 13 123 99 18
1 627 628 10000000 196 106 19 131 69 16
1 627 629 10000000 184 95 19 125 17 13
1 627 630 10000000 227 224 106 170 40 27
0 631 631 10000000 192 19 13 147 103 21
1 631 632 10000000 184 117 26 137 52 20
1 631 633 10000000 188 114 22 135 57 16
1 631 634 10000000 185 201 92 130 66 65
0 635 635 10000000 185 19 12 133 105 18
1 635 636 10000000 200 120 27 144 48 15
1 635 637 10000000 194 104 20 135 20 16
0 638 638 10000000 189 107 118 130 98 15
1 638 639 10000000 203 103 17 136 125 117
1 638 640 10000000 192 292 140 131 283 251
1 638 641 10000000 188 223 89 135 139 147
0 642 642 10000000 183 59 63 128 93 16
1 642 643 10000000 187 108 29 145 52 21
1 642 644 10000000 199 118 22 147 19 14
0 645 645 10000000 182 18 12 130 105 17
1 645 646 10000000 182 91 18 125 18 13
1 645 647 10000000 198 191 73 137 83 100
0 648 648 10000000 174 19 12 131 108 19
1 648 649 10000000 188 114 18 140 47 13
1 648 650 10000000 191 114 20 144 43 16
1 648 651 10000000 185 177 82 138 60 54
0 652 652 10000000 181 24 14 141 106 20
1 652 653 10000000 187 120 29 141 52 19
1 652 654 10000000 183 178 58 143 112 104
1 652 655 10000000 183 153 42 138 29 37
0 656 656 10000000 201 31 29 136 114 20
1 656 657 10000000 267 123 29 141 51 19
1 656 658 10000000 222 99 17 136 18 13
0 659 659 10000000 198 32 30 138 304 21
1 659 660 10000000 184 105 18 144 45 13
1 659 661 10000000 196 148 40 139 1107 28
1 659 662 10000000 181 118 27 147 42 17
0 663 663 10000000 177 18 15 137 106 19
1 663 664 10000000 183 116 34 173 100 87
1 663 665 10000000 184 241 99 140 145 150
0 666 666 10000000 186 47 15 183 101 19
1 666 667 10000000 199 128 38 148 102 90
1 666 668 10000000 186 221 100 146 125 132
0 669 669 10000000 197 18 13 150 106 18
1 669 670 10000000 181 191 90 147 62 56
1 669 671 10000000 185 147 28 145 29 39
1 669 672 10000000 185 195 95 145 67 60
0 673 673 10000000 183 32 27 147 102 22
1 673 674 10000000 191 118 20 147 46 16
1 673 675 10000000 179 113 27 147 70 47
0 676 676 10000000 196 19 12 147 108 18
1 676 677 10000000 213 177 79 153 73 79
1 676 678 10000000 190 123 22 152 47 14
0 679 679 10000000 195 21 14 141 103 17
1 679 680 10000000 186 123 34 152 54 21
1 679 681 10000000 184 108 18 142 44 13
0 682 682 10000000 193 18 12 124 112 20
1 682 683 10000000 195 184 92 124 74 73
1 682 684 10000000 203 248 89 118 70 62
0 685 685 10000000 191 19 12 128 103 18
1 685 686 10000000 195 118 20 127 46 15
1 685 687 10000000 204 104 18 126 39 12
0 688 688 10000000 198 19 12 131 97 18
1 688 689 10000000 191 166 75 563 78 97
1 688 690 10000000 196 188 71 131 77 81
0 691 691 10000000 198 19 13 143 128 19
1 691 692 10000000 199 227 115 128 67 46
1 691 693 10000000 189 114 20 127 49 13
0 694 694 10000000 199 19 13 131 101 21
1 694 695 10000000 212 202 77 141 55 33
1 694 696 10000000 196 104 19 131 41 13
0 697 697 10000000 204 21 14 148 127 20
1 697 698 10000000 188 180 69 130 52 32
1 697 699 10000000 199 197 77 136 48 28
0 700 700 10000000 196 18 13 133 111 21
1 700 701 10000000 192 180 71 132 49 33
1 700 702 10000000 190 106 24 132 40 13
0 703 703 10000000 196 18 13 142 119 22
1 703 704 10000000 193 189 87 132 68 73
1 703 705 10000000 200 154 41 128 40 51
0 706 706 10000000 191 17 13 142 107 19
1 706 707 10000000 195 179 74 131 51 32
1 706 708 10000000 1425 127 22 138 52 13
0 709 709 10000000 852 18 15 289 149 17
1 709 710 10000000 193 97 17 129 19 13
1 709 711 10000000 192 358 168 1371 140 149
1 709 712 10000000 191 109 20 140 48 14
0 713 713 10000000 193 16 13 131 90 18
1 713 714 10000000 332 187 78 132 58 55
1 713 715 10000000 210 139 28 159 22 13
0 716 716 10000000 210 110 90 162 125 18
1 716 717 10000000 198 239 98 131 95 104
1 716 718 10000000 190 159 44 133 27 22
0 719 719 10000000 188 17 13 260 104 18
1 719 720 10000000 194 215 75 1396 54 34
1 719 721 10000000 353 146 21 234 43 14
0 722 722 10000000 200 17 13 140 104 23
1 722 723 10000000 337 179 75 142 49 30
1 722 724 10000000 190 112 20 139 49 13
0 725 725 10000000 195 16 13 146 108 17
1 725 726 10000000 199 177 66 152 48 30
1 725 727 10000000 199 180 71 135 35 30
0 728 728 10000000 197 25 30 145 107 16
1 728 729 10000000 188 115 28 138 54 17
1 728 730 10000000 201 106 19 139 45 13
0 731 731 10000000 200 16 12 143 119 37
1 731 732 10000000 237 137 19 1278 48 21
1 731 733 10000000 199 105 21 142 48 13
0 734 734 10000000 197 17 13 149 148 18
1 734 735 10000000 189 187 79 143 95 106
1 734 736 10000000 208 144 31 140 25 23
1 734 737 10000000 200 114 19 143 47 15
0 738 738 10000000 200 18 13 151 119 19
1 738 739 10000000 191 99 19 149 42 14
1 738 740 10000000 182 80 17 132 17 13
0 741 741 10000000 195 163 138 148 93 16
1 741 742 10000000 194 202 112 144 105 94
1 741 743 10000000 317 122 19 155 48 12
0 744 744 10000000 203 18 15 146 107 22
1 744 745 10000000 199 148 45 147 41 52
1 744 746 10000000 188 102 17 137 45 13
0 747 747 10000000 204 19 14 122 112 16
1 747 748 10000000 208 184 58 123 27 22
1 747 749 10000000 204 108 18 120 47 15
0 750 750 10000000 218 22 14 125 104 18
1 750 751 10000000 199 144 43 123 26 23
1 750 752 10000000 210 105 18 117 48 12
0 753 753 10000000 209 18 13 134 104 17
1 753 754 10000000 197 150 43 124 27 23
1 753 755 10000000 199 103 17 121 44 12
0 756 756 10000000 205 20 12 132 110 21
1 756 757 10000000 216 157 46 124 28 27
1 756 758 10000000 204 107 19 122 49 12
0 759 759 10000000 220 18 13 133 108 18
1 759 760 10000000 211 137 44 128 29 22
1 759 761 10000000 204 110 17 124 44 13
0 762 762 10000000 205 17 12 133 103 18
1 762 763 10000000 198 194 79 126 56 39
1 762 764 10000000 204 100 20 131 41 12
0 765 765 10000000 211 18 14 209 115 19
1 765 766 10000000 205 185 84 128 56 43
1 765 767 10000000 208 110 19 128 45 12
0 768 768 10000000 206 16 12 136 104 19
1 768 769 10000000 197 135 43 127 27 22
1 768 770 10000000 195 107 18 129 42 14
0 771 771 10000000 207 74 57 134 104 18
1 771 772 10000000 211 198 85 135 67 73
1 771 773 10000000 204 111 21 136 44 13
0 774 774 10000000 238 20 15 153 147 23
1 774 775 10000000 207 154 48 132 29 23
1 774 776 10000000 200 106 20 132 45 13
0 777 777 10000000 212 18 18 136 104 17
1 777 778 10000000 206 152 49 138 31 27
1 777 779 10000000 198 106 16 132 44 13
0 780 780 10000000 204 16 12 138 110 18
1 780 781 10000000 215 172 51 147 29 22
1 780 782 10000000 211 116 23 142 43 12
0 783 783 10000000 203 20 12 144 104 17
1 783 784 10000000 198 161 46 136 27 35
1 783 785 10000000 204 111 19 142 43 13
0 786 786 10000000 218 20 14 153 117 21
1 786 787 10000000 198 168 57 141 45 31
1 786 788 10000000 207 104 19 141 43 13
0 789 789 10000000 211 17 12 141 96 18
1 789 790 10000000 200 231 127 141 64 50
1 789 791 10000000 199 207 89 143 57 53
1 789 792 10000000 204 247 122 138 62 54
0 793 793 10000000 230 17 13 145 127 22
1 793 794 10000000 198 232 133 153 78 69
1 793 795 10000000 200 124 20 152 17 15
0 796 796 10000000 211 17 12 143 105 18
1 796 797 10000000 201 171 62 145 52 31
1 796 798 10000000 202 109 17 148 43 13
0 799 799 10000000 202 17 13 147 94 18
1 799 800 10000000 198 176 89 148 35 31
1 799 801 10000000 248 434 228 144 162 174
0 802 802 10000000 222 19 14 149 124 20
1 802 803 10000000 205 185 64 147 58 30
1 802 804 10000000 221 127 20 154 51 13
0 805 805 10000000 213 17 15 146 2234 18
1 805 806 10000000 211 189 81 150 59 57
1 805 807 10000000 206 346 170 141 123 126
1 805 808 10000000 209 270 124 144 89 84
0 809 809 10000000 208 17 19 141 104 18
1 809 810 10000000 215 190 82 143 53 53
1 809 811 10000000 343 117 16 150 18 14
0 812 812 10000000 214 17 17 150 120 18
1 812 813 10000000 205 218 91 140 63 96
1 812 814 10000000 207 108 17 140 45 13
0 815 815 10000000 207 20 14 120 110 17
1 815 816 10000000 217 177 68 117 53 33
1 815 817 10000000 207 105 17 117 42 13
0 818 818 10000000 204 19 14 121 101 18
1 818 819 10000000 194 333 151 118 83 70
1 818 820 10000000 200 254 227 118 87 76
0 821 821 10000000 209 24 14 124 104 17
1 821 822 10000000 207 110 19 122 45 15
1 821 823 10000000 206 189 106 119 64 66
0 824 824 10000000 200 20 13 126 104 20
1 824 825 10000000 205 149 31 123 26 21
1 824 826 10000000 216 123 22 142 52 16
0 827 827 10000000 213 20 16 127 99 16
1 827 828 10000000 199 113 24 129 123 19
1 827 829 10000000 205 113 23 130 45 14
0 830 830 10000000 209 20 14 129 108 17
1 830 831 10000000 229 125 20 153 45 15
1 830 832 10000000 470 142 18 129 52 13
0 833 833 10000000 204 20 13 127 114 19
1 833 834 10000000 205 266 152 135 92 98
1 833 835 10000000 272 103 19 126 49 12
0 836 836 10000000 214 20 14 127 101 23
1 836 837 10000000 205 137 594 137 83 78
1 836 838 10000000 196 118 40 124 71 66
0 839 839 10000000 214 21 13 128 108 17
1 839 840 10000000 209 160 44 127 29 39
1 839 841 10000000 207 145 46 127 27 22
0 842 842 10000000 210 23 13 132 97 17
1 842 843 10000000 214 156 42 124 40 54
1 842 844 10000000 198 151 41 127 36 52
0 845 845 10000000 214 21 14 132 109 19
1 845 846 10000000 246 379 178 179 191 110
1 845 847 10000000 195 487 261 129 199 383
1 845 848 10000000 199 193 74 130 59 52
0 849 849 10000000 203 23 13 134 101 19
1 849 850 10000000 209 258 157 139 90 87
1 849 851 10000000 204 113 24 145 44 14
0 852 852 10000000 203 20 13 130 106 15
1 852 853 10000000 200 271 159 130 134 137
1 852 854 10000000 203 110 21 138 58 23
0 855 855 10000000 208 18 17 124 106 16
1 855 856 10000000 207 158 52 122 29 36
1 855 857 10000000 200 154 62 119 27 27
0 858 858 10000000 198 28 28 119 103 20
1 858 859 10000000 209 170 79 128 51 40
1 858 860 10000000 199 148 43 124 26 23
0 861 861 10000000 201 28 31 124 118 18
1 861 862 10000000 207 179 78 120 50 38
1 861 863 10000000 207 154 45 123 27 22
0 864 864 10000000 213 26 29 129 101 18
1 864 865 10000000 205 174 63 122 120 112
1 864 866 10000000 211 167 68 129 48 35
0 867 867 10000000 219 20 14 134 106 18
1 867 868 10000000 206 198 95 124 169 158
1 867 869 10000000 215 232 90 133 69 56
0 870 870 10000000 215 33 32 131 111 18
1 870 871 10000000 205 122 22 131 44 14
1 870 872 10000000 204 114 30 132 56 18
0 873 873 10000000 212 39 59 135 112 19
1 873 874 10000000 205 104 18 132 47 15
1 873 875 10000000 217 116 41 135 58 21
0 876 876 10000000 211 33 46 148 131 20
1 876 877 10000000 249 610 64 143 40 39
1 876 878 10000000 204 133 39 142 50 42
0 879 879 10000000 211 18 12 141 109 18
1 879 880 10000000 208 133 47 134 31 37
1 879 881 10000000 206 538 385 134 274 403
1 879 882 10000000 206 305 162 137 142 165
0 883 883 10000000 209 18 13 140 101 18
1 883 884 10000000 207 283 327 147 108 105
1 883 885 10000000 204 106 20 156 17 12
0 886 886 10000000 214 18 13 142 102 18
1 886 887 10000000 197 255 138 140 111 120
1 886 888 10000000 197 95 18 135 19 13
0 889 889 10000000 199 19 12 144 107 17
1 889 890 10000000 199 276 136 145 104 107
1 889 891 10000000 213 97 18 141 18 12
0 892 892 10000000 201 76 55 146 124 44
1 892 893 10000000 221 162 46 150 32 39
1 892 894 10000000 224 516 284 143 230 349
1 892 895 10000000 205 211 79 145 111 100
0 896 896 10000000 206 589 407 141 168 89
1 896 897 10000000 197 165 54 135 158 156
1 896 898 10000000 206 167 68 148 124 114
1 896 899 10000000 197 130 43 146 97 70
0 900 900 10000000 218 21 12 123 1661 17
1 900 901 10000000 238 143 22 141 53 15
1 900 902 10000000 200 102 24 130 19 14
1 900 903 10000000 208 107 25 124 44 15
0 904 904 10000000 329 97 320 126 125 15
1 904 905 10000000 206 178 80 127 55 38
1 904 906 10000000 205 101 17 128 19 13
1 904 907 10000000 204 116 25 135 51 23
0 908 908 10000000 205 94 80 131 120 61
1 908 909 10000000 206 114 19 134 40 15
1 908 910 10000000 206 122 19 133 50 14
0 911 911 10000000 211 170 410 143 1363 18
1 911 912 10000000 206 185 77 127 55 48
1 911 913 10000000 200 95 16 124 16 12
1 911 914 10000000 201 124 24 136 57 22
0 915 915 10000000 206 29 41 132 108 21
1 915 916 10000000 213 314 35 139 185 82
1 915 917 10000000 201 123 18 140 20 14
0 918 918 10000000 213 30 45 130 106 18
1 918 919 10000000 205 108 21 141 44 15
1 918 920 10000000 203 98 21 133 17 14
0 921 921 10000000 208 18 13 132 109 17
1 921 922 10000000 255 244 69 187 122 111
1 921 923 10000000 209 594 361 134 367 418
1 921 924 10000000 212 270 114 134 210 247
0 925 925 10000000 203 38 69 133 105 19
1 925 926 10000000 225 129 38 255 126 97
1 925 927 10000000 203 133 39 135 108 102
1 925 928 10000000 202 155 43 130 105 93
0 929 929 10000000 208 32 41 138 107 17
1 929 930 10000000 210 123 18 154 50 17
1 929 931 10000000 216 114 19 158 17 15
1 929 932 10000000 206 121 38 147 55 22
0 933 933 10000000 216 19 13 139 112 20
1 933 934 10000000 223 142 31 146 147 167
1 933 935 10000000 213 122 23 140 40 15
1 933 936 10000000 234 121 20 202 52 15
0 937 937 10000000 206 18 13 136 108 18
1 937 938 10000000 205 145 64 137 81 64
1 937 939 10000000 205 93 16 125 21 12
0 940 940 10000000 223 32 49 140 116 20
1 940 941 10000000 195 104 21 145 41 15
1 940 942 10000000 199 99 18 139 18 13
0 943 943 10000000 210 18 13 143 114 19
1 943 944 10000000 203 119 20 146 43 14
1 943 945 10000000 203 97 17 140 21 13
0 946 946 10000000 200 20 12 145 113 17
1 946 947 10000000 210 110 20 147 44 15
1 946 948 10000000 197 97 17 137 17 13
0 949 949 10000000 207 18 14 140 98 15
1 949 950 10000000 207 108 21 144 44 15
1 949 951 10000000 209 100 18 150 19 13
0 952 952 10000000 209 18 12 144 109 17
1 952 953 10000000 204 111 22 150 43 17
1 952 954 10000000 202 98 19 138 21 13
0 955 955 10000000 208 17 12 147 126 31
1 955 956 10000000 207 254 129 162 105 117
1 955 957 10000000 205 521 275 153 469 435
1 955 958 10000000 199 298 147 151 136 142
0 959 959 10000000 202 40 47 150 107 19
1 959 960 10000000 201 123 30 154 62 38
1 959 961 10000000 204 97 18 147 19 14
1 959 962 10000000 209 135 36 153 58 55
0 963 963 10000000 201 29 30 154 120 55
1 963 964 10000000 207 157 40 146 98 101
1 963 965 10000000 208 104 23 166 18 14
0 966 966 10000000 223 27 29 155 116 17
1 966 967 10000000 209 155 42 149 35 38
1 966 968 10000000 204 127 56 156 57 22
0 969 969 10000000 205 19 12 150 114 19
1 969 970 10000000 206 154 41 156 186 188
1 969 971 10000000 199 190 69 155 76 72
1 969 972 10000000 200 158 44 161 197 215
0 973 973 10000000 251 17 12 121 127 20
1 973 974 10000000 271 111 18 122 70 55
1 973 975 10000000 216 100 20 125 18 14
0 976 976 10000000 398 19 14 123 133 18
1 976 977 10000000 215 121 33 120 49 19
1 976 978 10000000 211 114 38 149 51 15
0 979 979 10000000 233 20 13 148 112 18
1 979 980 10000000 212 124 34 123 51 18
1 979 981 10000000 224 329 130 158 84 73
1 979 982 10000000 215 220 242 133 212 77
0 983 983 10000000 233 16 14 164 105 16
1 983 984 10000000 385 185 43 139 44 59
1 983 985 10000000 258 118 46 122 55 37
0 986 986 10000000 244 17 13 130 107 18
1 986 987 10000000 243 165 22 179 63 17
1 986 988 10000000 221 93 18 120 16 13
0 989 989 10000000 223 31 43 134 108 18
1 989 990 10000000 211 110 26 125 66 41
1 989 991 10000000 212 110 17 130 43 12
0 992 992 10000000 226 32 41 126 111 16
1 992 993 10000000 212 321 146 127 95 85
1 992 994 10000000 229 116 18 130 44 14
0 995 995 10000000 260 97 103 134 103 16
1 995 996 10000000 206 117 28 134 47 19
1 995 997 10000000 228 145 18 137 45 12
0 998 998 10000000 240 189 50 135 111 20
1 998 999 10000000 214 271 158 131 90 74
1 998 1000 10000000 216 151 53 133 33 23
0 1001 1001 10000000 235 35 44 137 106 18
1 1001 1002 10000000 217 120 19 133 47 16
1 1001 1003 10000000 223 167 54 133 97 88
0 1004 1004 10000000 224 22 13 145 120 22
1 1004 1005 10000000 215 156 45 137 31 34
1 1004 1006 10000000 235 237 119 135 57 56
0 1007 1007 10000000 248 18 12 147 110 18
1 1007 1008 10000000 213 119 24 139 49 20
1 1007 1009 10000000 215 170 59 138 36 33
0 1010 1010 10000000 248 17 15 140 112 18
1 1010 1011 10000000 229 139 22 141 46 20
1 1010 1012 10000000 210 180 78 139 55 44
0 1013 1013 10000000 224 17 13 143 107 19
1 1013 1014 10000000 213 165 63 163 34 29
1 1013 1015 10000000 210 151 39 145 42 53
0 1016 1016 10000000 227 19 12 149 101 17
1 1016 1017 10000000 212 126 24 140 50 24
1 1016 1018 10000000 208 111 19 135 47 14
0 1019 1019 10000000 221 16 12 147 105 16
1 1019 1020 10000000 219 110 19 145 44 16
1 1019 1021 10000000 215 358 182 136 130 143
1 1019 1022 10000000 211 116 22 138 43 14
0 1023 1023 10000000 232 16 16 147 104 17
1 1023 1024 10000000 217 158 61 149 36 30
1 1023 1025 10000000 206 96 20 149 17 13
0 1026 1026 10000000 223 25 28 145 109 16
1 1026 1027 10000000 210 124 21 147 49 25
1 1026 1028 10000000 222 121 31 136 50 16
0 1029 1029 10000000 234 17 13 129 112 17
1 1029 1030 10000000 231 178 77 115 52 34
1 1029 1031 10000000 229 518 286 116 174 265
1 1029 1032 10000000 224 192 86 118 69 53
0 1033 1033 10000000 243 18 14 139 124 21
1 1033 1034 10000000 225 223 98 127 69 48
1 1033 1035 10000000 219 180 82 123 61 51
0 1036 1036 10000000 215 142 81 127 116 45
1 1036 1037 10000000 219 322 190 122 111 108
1 1036 1038 10000000 214 492 274 125 169 182
1 1036 1039 10000000 215 226 97 129 57 56
0 1040 1040 10000000 223 20 14 134 108 17
1 1040 1041 10000000 219 193 75 128 60 52
1 1040 1042 10000000 212 160 84 118 55 44
0 1043 1043 10000000 225 18 14 130 99 20
1 1043 1044 10000000 240 206 100 127 67 49
1 1043 1045 10000000 212 187 89 132 56 43
0 1046 1046 10000000 215 18 12 131 98 16
1 1046 1047 10000000 232 107 20 126 45 14
1 1046 1048 10000000 241 96 17 120 20 12
0 1049 1049 10000000 228 19 13 144 111 17
1 1049 1050 10000000 217 108 24 144 20 14
1 1049 1051 10000000 240 531 265 184 172 191
1 1049 1052 10000000 637 174 55 129 37 27
0 1053 1053 10000000 217 31 46 142 103 18
1 1053 1054 10000000 217 110 19 130 45 16
1 1053 1055 10000000 228 99 19 143 21 14
1 1053 1056 10000000 228 116 40 134 51 22
0 1057 1057 10000000 231 272 171 146 145 67
1 1057 1058 10000000 216 141 55 128 44 42
1 1057 1059 10000000 219 182 61 131 96 51
0 1060 1060 10000000 222 19 13 146 88 16
1 1060 1061 10000000 222 172 81 133 58 43
1 1060 1062 10000000 896 450 179 143 235 187
1 1060 1063 10000000 227 143 29 136 32 34
0 1064 1064 10000000 224 221 150 152 137 64
1 1064 1065 10000000 223 107 20 136 41 15
1 1064 1066 10000000 223 112 20 141 38 17
0 1067 1067 10000000 213 68 45 146 115 42
1 1067 1068 10000000 224 110 20 138 45 15
1 1067 1069 10000000 291 217 73 202 38 27
0 1070 1070 10000000 219 396 304 144 138 63
1 1070 1071 10000000 352 132 21 147 49 15
1 1070 1072 10000000 239 145 33 141 82 79
0 1073 1073 10000000 217 16 12 157 110 18
1 1073 1074 10000000 237 201 83 146 61 56
1 1073 1075 10000000 239 185 79 142 61 54
0 1076 1076 10000000 215 100 12 159 226 17
1 1076 1077 10000000 250 109 24 149 48 20
1 1076 1078 10000000 355 134 19 153 59 14
0 1079 1079 10000000 511 23 15 229 387 22
1 1079 1080 10000000 268 109 26 161 50 19
1 1079 1081 10000000 253 109 19 156 47 16
0 1082 1082 10000000 228 19 17 189 118 19
1 1082 1083 10000000 249 119 23 148 52 19
1 1082 1084 10000000 255 105 17 152 42 16
0 1085 1085 10000000 233 17 12 163 108 18
1 1085 1086 10000000 214 112 23 149 47 19
1 1085 1087 10000000 218 109 19 145 40 14
0 1088 1088 10000000 226 18 14 172 109 20
1 1088 1089 10000000 224 194 76 159 61 54
1 1088 1090 10000000 225 387 109 153 85 85
0 1091 1091 10000000 219 17 13 166 101 19
1 1091 1092 10000000 209 121 23 161 52 19
1 1091 1093 10000000 257 111 24 168 49 16
0 1094 1094 10000000 223 18 12 130 103 17
1 1094 1095 10000000 218 183 91 125 60 51
1 1094 1096 10000000 217 188 82 128 59 51
0 1097 1097 10000000 217 17 14 128 104 21
1 1097 1098 10000000 238 110 33 128 50 20
1 1097 1099 10000000 222 105 24 123 48 15
0 1100 1100 10000000 238 25 13 134 132 17
1 1100 1101 10000000 217 112 24 125 46 19
1 1100 1102 10000000 218 110 19 126 49 16
0 1103 1103 10000000 241 19 13 132 115 22
1 1103 1104 10000000 218 171 63 129 53 34
1 1103 1105 10000000 216 166 66 126 52 33
0 1106 1106 10000000 226 17 13 128 102 18
1 1106 1107 10000000 211 171 64 133 54 37
1 1106 1108 10000000 218 174 68 131 54 34
0 1109 1109 10000000 238 16 13 133 100 18
1 1109 1110 10000000 279 311 107 188 136 133
1 1109 1111 10000000 233 201 83 135 135 123
0 1112 1112 10000000 231 17 13 134 106 17
1 1112 1113 10000000 233 131 25 158 76 20
1 1112 1114 10000000 231 128 32 150 59 19
0 1115 1115 10000000 215 786 386 140 132 60
1 1115 1116 10000000 217 106 18 141 53 25
1 1115 1117 10000000 218 186 71 134 132 143
0 1118 1118 10000000 223 18 14 140 106 17
1 1118 1119 10000000 255 122 23 139 51 18
1 1118 1120 10000000 224 170 45 144 104 116
0 1121 1121 10000000 230 16 13 140 112 19
1 1121 1122 10000000 238 110 25 139 49 21
1 1121 1123 10000000 238 227 114 137 136 133
0 1124 1124 10000000 223 18 15 137 199 18
1 1124 1125 10000000 215 113 22 136 51 22
1 1124 1126 10000000 228 116 29 141 61 39
0 1127 1127 10000000 223 68 44 140 114 44
1 1127 1128 10000000 218 111 23 147 51 25
1 1127 1129 10000000 226 160 58 142 36 36
0 1130 1130 10000000 218 16 16 145 101 17
1 1130 1131 10000000 227 109 24 138 44 20
1 1130 1132 10000000 232 110 22 143 46 14
0 1133 1133 10000000 234 17 12 155 119 35
1 1133 1134 10000000 219 113 25 157 55 19
1 1133 1135 10000000 234 105 20 140 44 14
0 1136 1136 10000000 221 17 13 144 102 17
1 1136 1137 10000000 232 112 25 140 50 18
1 1136 1138 10000000 222 109 21 143 49 17
0 1139 1139 10000000 217 16 15 154 106 21
1 1139 1140 10000000 223 106 25 140 56 20
1 1139 1141 10000000 211 98 21 143 18 15
0 1142 1142 10000000 215 645 348 152 132 65
1 1142 1143 10000000 220 202 96 150 115 114
1 1142 1144 10000000 228 124 31 154 70 63
0 1145 1145 10000000 223 19 14 150 108 19
1 1145 1146 10000000 223 111 18 148 45 14
1 1145 1147 10000000 214 768 470 151 423 440
1 1145 1148 10000000 226 282 159 155 144 154
0 1149 1149 10000000 258 19 14 155 109 25
1 1149 1150 10000000 213 274 143 156 130 134
1 1149 1151 10000000 218 101 19 150 19 12
0 1152 1152 10000000 229 19 13 158 108 21
1 1152 1153 10000000 220 283 147 140 128 140
1 1152 1154 10000000 217 92 17 138 21 15
0 1155 1155 10000000 226 18 13 153 105 19
1 1155 1156 10000000 221 255 142 149 170 184
1 1155 1157 10000000 221 87 18 148 18 12
0 1158 1158 10000000 238 18 13 121 95 16
1 1158 1159 10000000 234 195 106 120 94 83
1 1158 1160 10000000 223 150 53 123 30 37
0 1161 1161 10000000 238 18 13 125 106 18
1 1161 1162 10000000 231 104 20 128 44 14
1 1161 1163 10000000 233 181 68 124 90 90
0 1164 1164 10000000 245 21 13 125 102 17
1 1164 1165 10000000 224 124 33 123 46 20
1 1164 1166 10000000 233 211 104 122 90 75
0 1167 1167 10000000 228 18 13 125 102 18
1 1167 1168 10000000 233 166 65 129 77 64
1 1167 1169 10000000 227 166 55 130 83 67
0 1170 1170 10000000 249 18 13 125 102 19
1 1170 1171 10000000 237 109 20 127 46 16
1 1170 1172 10000000 228 168 69 127 82 82
0 1173 1173 10000000 233 38 53 128 106 17
1 1173 1174 10000000 229 213 119 136 84 85
1 1173 1175 10000000 227 137 30 127 27 21
0 1176 1176 10000000 243 20 14 126 104 18
1 1176 1177 10000000 224 92 18 120 19 13
1 1176 1178 10000000 234 1263 699 125 513 552
1 1176 1179 10000000 221 346 192 120 140 144
0 1180 1180 10000000 249 17 13 129 101 17
1 1180 1181 10000000 229 270 161 130 91 87
1 1180 1182 10000000 246 86 18 126 18 13
0 1183 1183 10000000 251 31 29 132 105 17
1 1183 1184 10000000 226 281 165 138 99 106
1 1183 1185 10000000 237 188 101 128 60 54
0 1186 1186 10000000 244 19 12 132 110 16
1 1186 1187 10000000 235 311 177 142 100 103
1 1186 1188 10000000 229 93 18 133 19 13
0 1189 1189 10000000 232 17 14 133 99 18
1 1189 1190 10000000 232 168 41 141 37 58
1 1189 1191 10000000 247 124 50 138 58 39
0 1192 1192 10000000 243 18 14 132 109 17
1 1192 1193 10000000 234 158 45 131 33 57
1 1192 1194 10000000 304 573 63 195 67 44
0 1195 1195 10000000 260 947 626 142 159 75
1 1195 1196 10000000 232 278 177 137 155 146
1 1195 1197 10000000 221 179 109 132 130 110
0 1198 1198 10000000 246 91 71 119 109 17
1 1198 1199 10000000 238 288 173 127 102 107
1 1198 1200 10000000 253 190 84 124 100 99
0 1201 1201 10000000 242 92 78 124 105 14
1 1201 1202 10000000 230 280 165 130 104 108
1 1201 1203 10000000 248 119 34 127 54 21
0 1204 1204 10000000 249 75 62 122 104 15
1 1204 1205 10000000 243 276 162 124 104 103
1 1204 1206 10000000 237 118 33 126 57 36
0 1207 1207 10000000 248 163 117 126 101 23
1 1207 1208 10000000 327 402 186 231 116 129
1 1207 1209 10000000 236 212 125 130 101 105
0 1210 1210 10000000 254 311 218 126 102 14
1 1210 1211 10000000 233 272 163 125 97 103
1 1210 1212 10000000 238 101 17 126 46 15
0 1213 1213 10000000 234 185 129 130 101 16
1 1213 1214 10000000 267 266 162 126 98 106
1 1213 1215 10000000 234 180 63 128 68 57
0 1216 1216 10000000 237 314 189 130 143 65
1 1216 1217 10000000 235 239 122 130 103 118
1 1216 1218 10000000 234 197 106 135 70 50
0 1219 1219 10000000 248 16 13 133 109 21
1 1219 1220 10000000 234 191 81 131 76 75
1 1219 1221 10000000 237 122 40 214 65 32
0 1222 1222 10000000 248 265 195 128 120 51
1 1222 1223 10000000 259 101 19 133 47 15
1 1222 1224 10000000 239 213 104 135 84 77
0 1225 1225 10000000 235 17 12 129 100 18
1 1225 1226 10000000 235 164 49 140 108 118
1 1225 1227 10000000 335 220 109 134 71 55
0 1228 1228 10000000 242 213 133 139 108 15
1 1228 1229 10000000 232 164 61 133 55 41
1 1228 1230 10000000 240 235 99 140 91 85
0 1231 1231 10000000 237 17 12 134 108 18
1 1231 1232 10000000 246 188 52 179 112 114
1 1231 1233 10000000 263 2574 418 155 87 107
0 1234 1234 10000000 306 17 16 151 147 24
1 1234 1235 10000000 236 110 17 140 48 15
1 1234 1236 10000000 236 228 111 135 67 78
0 1237 1237 10000000 235 19 13 137 100 18
1 1237 1238 10000000 232 111 22 140 49 14
1 1237 1239 10000000 231 158 63 135 36 30
0 1240 1240 10000000 247 17 12 142 103 17
1 1240 1241 10000000 232 215 126 139 87 81
1 1240 1242 10000000 232 137 39 142 84 73
0 1243 1243 10000000 248 16 16 226 106 21
1 1243 1244 10000000 230 144 21 142 48 14
1 1243 1245 10000000 241 210 93 431 62 52
0 1246 1246 10000000 329 718 384 141 112 16
1 1246 1247 10000000 239 116 20 144 46 14
1 1246 1248 10000000 321 185 92 141 114 117
0 1249 1249 10000000 247 16 12 141 106 15
1 1249 1250 10000000 245 111 18 143 39 13
1 1249 1251 10000000 235 132 51 148 34 36
0 1252 1252 10000000 245 16 12 143 104 21
1 1252 1253 10000000 244 139 41 139 28 22
1 1252 1254 10000000 240 186 83 141 64 56
0 1255 1255 10000000 238 17 13 140 108 16
1 1255 1256 10000000 232 108 18 150 44 14
1 1255 1257 10000000 244 113 21 151 50 19
0 1258 1258 10000000 253 17 13 141 107 17
1 1258 1259 10000000 236 196 452 275 210 192
1 1258 1260 10000000 244 110 25 158 48 19
0 1261 1261 10000000 244 17 12 126 95 16
1 1261 1262 10000000 246 105 20 121 45 14
1 1261 1263 10000000 252 212 144 120 100 110
0 1264 1264 10000000 271 16 12 130 102 17
1 1264 1265 10000000 243 114 19 123 46 14
1 1264 1266 10000000 518 138 25 127 52 21
0 1267 1267 10000000 240 17 13 126 114 18
1 1267 1268 10000000 249 104 19 125 42 14
1 1267 1269 10000000 249 190 79 127 62 55
0 1270 1270 10000000 257 18 13 127 103 18
1 1270 1271 10000000 239 175 66 150 61 43
1 1270 1272 10000000 242 185 67 127 60 44
0 1273 1273 10000000 255 16 14 128 105 17
1 1273 1274 10000000 239 172 65 130 55 45
1 1273 1275 10000000 237 263 152 135 146 143
0 1276 1276 10000000 250 18 13 129 121 32
1 1276 1277 10000000 242 193 175 141 75 80
1 1276 1278 10000000 250 252 108 135 100 105
0 1279 1279 10000000 262 17 13 137 103 20
1 1279 1280 10000000 253 166 65 129 48 36
1 1279 1281 10000000 259 290 160 129 92 152
0 1282 1282 10000000 1219 21 13 133 136 20
1 1282 1283 10000000 247 109 19 131 96 379
1 1282 1284 10000000 249 194 94 130 67 60
0 1285 1285 10000000 254 16 13 134 94 16
1 1285 1286 10000000 243 179 80 140 75 77
1 1285 1287 10000000 262 171 76 130 56 39
0 1288 1288 10000000 249 41 57 137 101 17
1 1288 1289 10000000 254 114 29 135 52 18
1 1288 1290 10000000 301 226 122 135 70 58
0 1291 1291 10000000 274 19 13 138 123 44
1 1291 1292 10000000 246 200 80 145 71 74
1 1291 1293 10000000 234 148 68 129 37 34
0 1294 1294 10000000 240 26 26 137 112 17
1 1294 1295 10000000 239 190 82 131 67 73
1 1294 1296 10000000 236 126 40 132 50 22
0 1297 1297 10000000 521 26 30 138 139 24
1 1297 1298 10000000 236 213 124 137 84 83
1 1297 1299 10000000 242 468 175 144 111 117
0 1300 1300 10000000 293 27 27 137 107 16
1 1300 1301 10000000 241 190 77 139 75 75
1 1300 1302 10000000 245 126 41 136 53 21
0 1303 1303 10000000 253 392 239 142 99 14
1 1303 1304 10000000 231 105 19 139 43 15
1 1303 1305 10000000 243 225 113 136 141 126
0 1306 1306 10000000 251 20 14 137 100 17
1 1306 1307 10000000 228 154 73 139 32 27
1 1306 1308 10000000 229 1519 831 143 522 585
1 1306 1309 10000000 241 150 50 138 69 66
0 1310 1310 10000000 267 76 62 140 183 30
1 1310 1311 10000000 239 117 27 138 78 75
1 1310 1312 10000000 238 89 16 135 38 48
0 1313 1313 10000000 253 17 13 139 98 19
1 1313 1314 10000000 232 141 33 146 26 20
1 1313 1315 10000000 233 186 72 143 70 59
0 1316 1316 10000000 260 16 13 145 102 16
1 1316 1317 10000000 233 192 81 144 74 76
1 1316 1318 10000000 235 109 26 143 52 21
0 1319 1319 10000000 244 17 13 157 122 40
1 1319 1320 10000000 243 220 89 153 76 77
1 1319 1321 10000000 231 184 79 144 62 54
0 1322 1322 10000000 241 18 12 145 107 21
1 1322 1323 10000000 246 196 88 151 210 178
1 1322 1324 10000000 228 185 80 151 192 165
0 1325 1325 10000000 256 18 13 123 106 18
1 1325 1326 10000000 285 551 144 123 69 78
1 1325 1327 10000000 244 268 153 122 118 128
0 1328 1328 10000000 246 16 13 125 104 15
1 1328 1329 10000000 257 237 127 124 89 88
1 1328 1330 10000000 243 194 107 123 123 137
0 1331 1331 10000000 286 16 12 133 121 19
1 1331 1332 10000000 248 249 140 125 71 87
1 1331 1333 10000000 244 301 166 122 160 165
0 1334 1334 10000000 270 16 12 141 108 19
1 1334 1335 10000000 251 230 117 129 78 53
1 1334 1336 10000000 250 250 126 127 71 56
0 1337 1337 10000000 256 18 12 132 118 34
1 1337 1338 10000000 276 233 116 137 77 51
1 1337 1339 10000000 1815 292 261 133 305 106
0 1340 1340 10000000 251 18 13 146 104 21
1 1340 1341 10000000 253 141 44 140 49 19
1 1340 1342 10000000 249 166 42 132 30 40
0 1343 1343 10000000 257 19 13 139 104 17
1 1343 1344 10000000 245 192 76 137 60 37
1 1343 1345 10000000 246 185 73 134 65 64
0 1346 1346 10000000 247 19 13 138 106 17
1 1346 1347 10000000 267 194 101 142 83 76
1 1346 1348 10000000 273 334 142 153 126 118
0 1349 1349 10000000 252 17 12 140 107 20
1 1349 1350 10000000 277 171 64 143 36 28
1 1349 1351 10000000 313 264 114 184 89 81
0 1352 1352 10000000 255 17 14 144 117 25
1 1352 1353 10000000 256 111 21 132 48 16
1 1352 1354 10000000 247 235 118 139 64 56
0 1355 1355 10000000 247 19 12 143 103 22
1 1355 1356 10000000 247 182 65 140 83 81
1 1355 1357 10000000 245 1283 172 140 127 117
0 1358 1358 10000000 256 17 12 137 109 19
1 1358 1359 10000000 259 108 24 137 51 15
1 1358 1360 10000000 240 293 168 146 109 115
0 1361 1361 10000000 245 16 12 139 109 16
1 1361 1362 10000000 245 197 97 144 71 76
1 1361 1363 10000000 258 182 73 140 66 77
0 1364 1364 10000000 272 17 13 144 114 16
1 1364 1365 10000000 249 202 80 139 71 74
1 1364 1366 10000000 247 199 77 143 61 55
0 1367 1367 10000000 258 17 14 147 124 17
1 1367 1368 10000000 253 204 84 145 75 78
1 1367 1369 10000000 251 315 157 2216 104 266
0 1370 1370 10000000 258 26 27 140 103 16
1 1370 1371 10000000 248 191 78 151 73 76
1 1370 1372 10000000 1590 222 133 159 91 538
0 1373 1373 10000000 247 26 29 154 109 21
1 1373 1374 10000000 240 314 173 151 112 120
1 1373 1375 10000000 254 386 105 146 107 91
0 1376 1376 10000000 251 1842 858 145 204 125
1 1376 1377 10000000 241 159 43 145 27 21
1 1376 1378 10000000 250 288 153 141 92 97
0 1379 1379 10000000 245 31 29 145 103 16
1 1379 1380 10000000 253 196 86 151 74 72
1 1379 1381 10000000 244 205 84 153 65 56
0 1382 1382 10000000 250 27 32 151 104 17
1 1382 1383 10000000 258 188 81 149 75 76
1 1382 1384 10000000 249 214 130 146 72 57
0 1385 1385 10000000 252 27 31 150 116 17
1 1385 1386 10000000 245 289 157 149 106 114
1 1385 1387 10000000 247 206 101 144 88 79
0 1388 1388 10000000 257 834 486 146 117 15
1 1388 1389 10000000 644 236 99 157 215 180
1 1388 1390 10000000 252 132 35 161 105 128
0 1391 1391 10000000 242 17 13 124 101 18
1 1391 1392 10000000 250 174 47 130 40 47
1 1391 1393 10000000 247 184 71 122 76 77
0 1394 1394 10000000 243 17 12 129 110 19
1 1394 1395 10000000 386 178 58 121 66 52
1 1394 1396 10000000 260 1664 557 399 502 519
0 1397 1397 10000000 248 22 13 134 106 17
1 1397 1398 10000000 274 235 86 129 76 77
1 1397 1399 10000000 255 149 26 127 47 23
0 1400 1400 10000000 245 29 30 137 116 19
1 1400 1401 10000000 252 218 117 126 84 107
1 1400 1402 10000000 259 302 154 143 103 113
0 1403 1403 10000000 259 18 15 131 117 17
1 1403 1404 10000000 254 114 22 130 20 13
1 1403 1405 10000000 255 1007 608 131 353 375
0 1406 1406 10000000 251 18 13 132 96 19
1 1406 1407 10000000 256 160 46 136 43 57
1 1406 1408 10000000 339 1001 755 150 445 391
1 1406 1409 10000000 258 193 59 144 52 34
0 1410 1410 10000000 244 94 83 569 265 17
1 1410 1411 10000000 261 168 44 133 32 40
1 1410 1412 10000000 242 121 51 120 47 21
0 1413 1413 10000000 246 17 13 131 102 20
1 1413 1414 10000000 262 345 188 137 111 124
1 1413 1415 10000000 256 968 575 139 437 364
1 1413 1416 10000000 256 288 146 136 112 121
0 1417 1417 10000000 243 43 53 139 96 19
1 1417 1418 10000000 252 278 155 130 105 112
1 1417 1419 10000000 268 167 74 131 60 54
0 1420 1420 10000000 509 35 45 137 117 16
1 1420 1421 10000000 270 151 65 130 37 29
1 1420 1422 10000000 248 113 27 130 20 17
0 1423 1423 10000000 257 22 14 144 121 40
1 1423 1424 10000000 256 114 31 135 49 19
1 1423 1425 10000000 263 939 556 135 404 415
1 1423 1426 10000000 263 297 151 136 126 128
0 1427 1427 10000000 243 39 52 128 96 17
1 1427 1428 10000000 250 249 134 127 234 210
1 1427 1429 10000000 254 171 66 131 73 63
0 1430 1430 10000000 252 42 57 132 105 17
1 1430 1431 10000000 253 206 136 126 83 65
1 1430 1432 10000000 252 1381 672 126 569 598
1 1430 1433 10000000 267 231 134 124 73 64
0 1434 1434 10000000 265 19 16 132 110 18
1 1434 1435 10000000 254 400 98 131 193 189
1 1434 1436 10000000 255 186 91 133 164 181
0 1437 1437 10000000 259 1693 504 141 127 60
1 1437 1438 10000000 361 524 151 136 272 119
1 1437 1439 10000000 547 206 99 131 82 75
0 1440 1440 10000000 252 3336 1091 143 133 93
1 1440 1441 10000000 777 285 146 130 135 136
1 1440 1442 10000000 252 1942 165 129 115 116
0 1443 1443 10000000 249 422 265 144 121 36
1 1443 1444 10000000 252 281 165 139 155 139
1 1443 1445 10000000 261 347 130 138 381 116
0 1446 1446 10000000 261 75 43 147 114 47
1 1446 1447 10000000 267 2144 129 159 83 241
1 1446 1448 10000000 260 285 239 134 145 144
0 1449 1449 10000000 250 36 46 147 92 16
1 1449 1450 10000000 286 103 17 141 17 13
1 1449 1451 10000000 250 2592 1117 248 769 840
1 1449 1452 10000000 257 222 101 135 187 194
0 1453 1453 10000000 242 17 13 147 101 16
1 1453 1454 10000000 252 261 117 151 111 113
1 1453 1455 10000000 259 487 262 141 239 283
1 1453 1456 10000000 292 229 99 144 178 189
0 1457 1457 10000000 709 53 76 171 157 21
1 1457 1458 10000000 253 255 134 143 115 110
1 1457 1459 10000000 256 269 152 145 110 104
0 1460 1460 10000000 283 71 52 153 114 52
1 1460 1461 10000000 249 176 77 148 287 60
1 1460 1462 10000000 258 1693 906 147 578 635
1 1460 1463 10000000 258 111 26 142 50 20
0 1464 1464 10000000 254 18 14 148 99 17
1 1464 1465 10000000 282 196 103 146 77 61
1 1464 1466 10000000 251 98 21 141 19 14
0 1467 1467 10000000 253 21 13 150 104 17
1 1467 1468 10000000 250 173 69 143 64 57
1 1467 1469 10000000 335 225 100 608 77 73
0 1470 1470 10000000 262 18 14 146 106 18
1 1470 1471 10000000 258 123 28 148 59 21
1 1470 1472 10000000 249 198 106 148 76 61
0 1473 1473 10000000 246 20 12 150 109 18
1 1473 1474 10000000 244 268 155 154 105 102
1 1473 1475 10000000 454 1801 872 173 551 613
1 1473 1476 10000000 359 619 271 147 228 361
0 1477 1477 10000000 272 45 65 158 135 25
1 1477 1478 10000000 251 281 147 149 120 121
1 1477 1479 10000000 248 130 51 166 70 39
1 1477 1480 10000000 263 325 181 157 135 142
0 1481 1481 10000000 374 23 21 155 143 40
1 1481 1482 10000000 303 201 79 152 403 374
1 1481 1483 10000000 276 168 64 159 421 349
0 1484 1484 10000000 255 28 29 125 106 16
1 1484 1485 10000000 274 105 19 124 67 57
1 1484 1486 10000000 270 234 114 126 126 122
0 1487 1487 10000000 244 29 30 129 115 20
1 1487 1488 10000000 257 119 28 130 81 75
1 1487 1489 10000000 259 320 165 129 243 232
0 1490 1490 10000000 283 34 38 143 185 24
1 1490 1491 10000000 251 280 148 125 232 203
1 1490 1492 10000000 254 345 193 126 308 222
0 1493 1493 10000000 241 42 54 136 110 18
1 1493 1494 10000000 357 254 93 144 315 191
1 1493 1495 10000000 261 229 115 127 59 57
0 1496 1496 10000000 242 45 53 136 103 17
1 1496 1497 10000000 256 192 87 132 76 78
1 1496 1498 10000000 265 280 141 136 122 134
0 1499 1499 10000000 252 105 119 136 119 23
1 1499 1500 10000000 261 216 121 128 70 48
1 1499 1501 10000000 270 119 25 131 48 24
0 1502 1502 10000000 260 97 107 140 101 13
1 1502 1503 10000000 251 371 140 138 70 52
1 1502 1504 10000000 314 268 140 134 127 140
0 1505 1505 10000000 266 56 59 160 119 39
1 1505 1506 10000000 256 243 132 126 71 70
1 1505 1507 10000000 258 191 52 136 51 41
0 1508 1508 10000000 239 27 40 133 92 17
1 1508 1509 10000000 256 148 43 141 36 43
1 1508 1510 10000000 255 2907 1208 143 786 823
1 1508 1511 10000000 245 167 63 142 181 1706
0 1512 1512 10000000 243 29 44 140 107 18
1 1512 1513 10000000 267 182 72 141 54 38
1 1512 1514 10000000 271 301 152 145 210 197
0 1515 1515 10000000 254 50 58 148 108 37
1 1515 1516 10000000 256 186 76 140 69 74
1 1515 1517 10000000 247 307 144 141 191 189
0 1518 1518 10000000 235 102 103 146 100 15
1 1518 1519 10000000 259 173 71 145 67 61
1 1518 1520 10000000 265 214 81 153 185 162
0 1521 1521 10000000 244 106 112 147 103 16
1 1521 1522 10000000 268 249 128 143 111 115
1 1521 1523 10000000 276 258 120 149 117 121
0 1524 1524 10000000 245 104 115 147 117 15
1 1524 1525 10000000 257 216 111 149 141 129
1 1524 1526 10000000 265 214 100 146 145 124
0 1527 1527 10000000 252 80 56 287 133 15
1 1527 1528 10000000 257 235 123 146 104 115
1 1527 1529 10000000 263 400 240 145 321 228
0 1530 1530 10000000 252 18 13 154 133 17
1 1530 1531 10000000 263 319 194 131 235 212
1 1530 1532 10000000 246 95 16 143 17 12
0 1533 1533 10000000 283 42 41 156 128 63
1 1533 1534 10000000 263 181 68 148 48 42
1 1533 1535 10000000 272 422 194 160 227 201
0 1536 1536 10000000 252 38 49 154 107 19
1 1536 1537 10000000 261 148 42 156 32 24
1 1536 1538 10000000 254 279 155 169 114 130
0 1539 1539 10000000 371 44 59 161 112 21
1 1539 1540 10000000 258 157 42 151 29 22
1 1539 1541 10000000 254 292 163 164 203 195
0 1542 1542 10000000 244 46 63 235 106 20
1 1542 1543 10000000 252 163 67 145 48 39
1 1542 1544 10000000 251 621 76 787 80 90
0 1545 1545 10000000 246 45 62 163 109 20
1 1545 1546 10000000 311 211 106 160 168 133
1 1545 1547 10000000 265 649 124 158 363 299
0 1548 1548 10000000 287 278934 287 167 129 32
1 1548 1549 10000000 277 153 76 123 35 36
1 1548 1550 10000000 267 577 328 135 371 1532
0 1551 1551 10000000 250 16 14 119 100 18
1 1551 1552 10000000 274 277 134 128 123 133
1 1551 1553 10000000 268 552 301 129 338 350
0 1554 1554 10000000 250 42 53 120 96 34
1 1554 1555 10000000 252 91 19 117 37 15
1 1554 1556 10000000 263 585 325 125 355 404
1 1554 1557 10000000 266 190 99 128 196 162
0 1558 1558 10000000 259 17 13 126 106 19
1 1558 1559 10000000 257 194 108 120 156 139
1 1558 1560 10000000 259 134 64 119 88 85
0 1561 1561 10000000 260 18 12 128 97 17
1 1561 1562 10000000 281 96 17 122 17 13
1 1561 1563 10000000 263 598 328 135 360 354
0 1564 1564 10000000 265 87 94 133 115 36
1 1564 1565 10000000 268 236 132 131 119 126
1 1564 1566 10000000 278 238 82 186 69 65
0 1567 1567 10000000 268 24 29 133 97 16
1 1567 1568 10000000 268 677 68 127 217 97
1 1567 1569 10000000 290 355 169 157 169 150
0 1570 1570 10000000 277 22 14 145 112 21
1 1570 1571 10000000 252 100 19 135 42 14
1 1570 1572 10000000 264 255 136 134 180 171
0 1573 1573 10000000 252 16 13 137 108 17
1 1573 1574 10000000 266 109 21 139 47 16
1 1573 1575 10000000 256 286 186 135 174 168
0 1576 1576 10000000 298 170 116 149 118 16
1 1576 1577 10000000 262 293 180 133 131 139
1 1576 1578 10000000 266 279 141 134 181 166
0 1579 1579 10000000 366 32 47 140 297 16
1 1579 1580 10000000 266 285 168 142 114 123
1 1579 1581 10000000 367 246 148 136 123 129
0 1582 1582 10000000 273 29 40 139 102 17
1 1582 1583 10000000 262 142 57 138 55 51
1 1582 1584 10000000 281 202 80 144 89 90
0 1585 1585 10000000 264 41 51 144 111 18
1 1585 1586 10000000 278 178 53 157 97 79
1 1585 1587 10000000 266 198 95 147 111 114
0 1588 1588 10000000 259 30 47 148 109 19
1 1588 1589 10000000 269 112 20 136 41 16
1 1588 1590 10000000 274 245 119 141 104 116
0 1591 1591 10000000 278 35 54 148 112 16
1 1591 1592 10000000 261 107 24 143 46 15
1 1591 1593 10000000 260 249 133 147 127 144
0 1594 1594 10000000 254 30 42 155 92 16
1 1594 1595 10000000 250 109 18 144 45 15
1 1594 1596 10000000 257 276 148 146 86 72
0 1597 1597 10000000 248 17 16 154 102 18
1 1597 1598 10000000 251 98 18 143 18 13
1 1597 1599 10000000 266 2831 8290 147 684 826
0 1600 1600 10000000 252 37 45 153 98 16
1 1600 1601 10000000 258 109 19 152 44 14
1 1600 1602 10000000 269 270 132 145 303 250
0 1603 1603 10000000 258 17 13 128 107 18
1 1603 1604 10000000 277 119 20 127 18 15
1 1603 1605 10000000 268 2182 1039 129 678 737
0 1606 1606 10000000 258 17 13 129 111 16
1 1606 1607 10000000 404 146 41 135 30 20
1 1606 1608 10000000 265 321 196 124 171 175
0 1609 1609 10000000 254 18 16 125 110 16
1 1609 1610 10000000 257 153 53 129 39 39
1 1609 1611 10000000 257 266 128 128 80 81
0 1612 1612 10000000 251 16 13 129 105 17
1 1612 1613 10000000 268 114 24 132 50 15
1 1612 1614 10000000 264 257 125 132 81 78
0 1615 1615 10000000 270 94 111 134 102 14
1 1615 1616 10000000 282 118 21 131 48 16
1 1615 1617 10000000 260 428 142 154 264 69
0 1618 1618 10000000 297 32 43 174 108 18
1 1618 1619 10000000 700 185 65 154 55 37
1 1618 1620 10000000 264 406 205 133 163 166
0 1621 1621 10000000 250 727 386 135 104 16
1 1621 1622 10000000 262 338 194 132 136 136
1 1621 1623 10000000 277 1812 1588 149 2032 604
1 1621 1624 10000000 277 405 311 140 219 226
0 1625 1625 10000000 268 17 13 139 102 17
1 1625 1626 10000000 257 182 98 134 60 57
1 1625 1627 10000000 269 240 120 132 79 99
0 1628 1628 10000000 269 17 14 140 101 18
1 1628 1629 10000000 273 195 90 136 63 55
1 1628 1630 10000000 261 259 143 138 124 130
0 1631 1631 10000000 268 19 13 146 104 18
1 1631 1632 10000000 290 128 22 142 53 15
1 1631 1633 10000000 260 296 125 144 92 99
0 1634 1634 10000000 408 37 59 172 143 21
1 1634 1635 10000000 279 295 170 144 111 117
1 1634 1636 10000000 276 261 115 141 96 96
0 1637 1637 10000000 271 16 13 147 101 17
1 1637 1638 10000000 285 201 104 151 32 34
1 1637 1639 10000000 262 180 83 140 51 35
0 1640 1640 10000000 253 72 55 141 94 14
1 1640 1641 10000000 293 165 32 167 85 19
1 1640 1642 10000000 264 406 191 147 211 216
0 1643 1643 10000000 289 39 49 147 106 21
1 1643 1644 10000000 277 214 121 143 68 49
1 1643 1645 10000000 1255 596 326 150 232 433
0 1646 1646 10000000 259 16 14 150 110 17
1 1646 1647 10000000 263 202 76 148 68 80
1 1646 1648 10000000 269 523 276 148 212 375
0 1649 1649 10000000 263 17 16 145 106 17
1 1649 1650 10000000 270 219 118 139 233 91
1 1649 1651 10000000 265 514 293 138 305 400
0 1652 1652 10000000 298 18 13 130 116 19
1 1652 1653 10000000 262 147 51 118 28 21
1 1652 1654 10000000 271 723 526 120 278 367
0 1655 1655 10000000 270 17 14 124 107 18
1 1655 1656 10000000 268 202 111 122 67 51
1 1655 1657 10000000 273 720 661 119 419 498
0 1658 1658 10000000 266 25 29 901 114 16
1 1658 1659 10000000 277 165 66 120 92 44
1 1658 1660 10000000 265 495 267 727 234 344
0 1661 1661 10000000 258 17 12 129 110 17
1 1661 1662 10000000 264 115 19 126 56 15
1 1661 1663 10000000 263 715 438 128 341 350
0 1664 1664 10000000 267 25 28 124 98 16
1 1664 1665 10000000 262 189 88 128 64 57
1 1664 1666 10000000 265 488 281 132 243 365
0 1667 1667 10000000 294 20 15 134 105 24
1 1667 1668 10000000 281 294 84 124 54 41
1 1667 1669 10000000 267 755 440 139 407 481
0 1670 1670 10000000 256 19 13 137 100 18
1 1670 1671 10000000 263 182 74 126 53 40
1 1670 1672 10000000 297 705 445 126 335 353
0 1673 1673 10000000 271 17 14 135 104 19
1 1673 1674 10000000 283 110 20 134 48 16
1 1673 1675 10000000 253 723 450 126 352 363
0 1676 1676 10000000 269 15 13 129 108 19
1 1676 1677 10000000 280 127 30 138 62 19
1 1676 1678 10000000 258 745 481 127 389 359
0 1679 1679 10000000 257 20 14 128 105 19
1 1679 1680 10000000 254 154 56 125 37 46
1 1679 1681 10000000 263 665 461 132 374 494
0 1682 1682 10000000 241 16 13 132 100 19
1 1682 1683 10000000 310 178 89 128 123 112
1 1682 1684 10000000 273 742 533 149 774 2212
0 1685 1685 10000000 243 31 32 133 110 18
1 1685 1686 10000000 287 189 48 160 93 76
1 1685 1687 10000000 267 752 481 131 434 436
0 1688 1688 10000000 242 25 28 145 107 17
1 1688 1689 10000000 275 163 66 140 41 33
1 1688 1690 10000000 254 892 546 135 508 478
0 1691 1691 10000000 330 21 15 149 108 23
1 1691 1692 10000000 267 174 65 127 82 90
1 1691 1693 10000000 303 890 539 132 501 479
0 1694 1694 10000000 242 93 79 137 115 15
1 1694 1695 10000000 263 266 113 142 135 132
1 1694 1696 10000000 250 898 541 140 490 503
0 1697 1697 10000000 258 41 56 144 114 21
1 1697 1698 10000000 264 182 68 137 83 88
1 1697 1699 10000000 251 948 557 135 531 478
0 1700 1700 10000000 243 321 203 137 125 52
1 1700 1701 10000000 263 193 80 145 84 90
1 1700 1702 10000000 267 946 580 150 527 502
0 1703 1703 10000000 276 44 61 161 133 19
1 1703 1704 10000000 272 178 57 147 121 130
1 1703 1705 10000000 258 938 568 148 558 550
0 1706 1706 10000000 386 46 55 153 108 16
1 1706 1707 10000000 259 204 106 157 228 230
1 1706 1708 10000000 875 993 584 143 779 693
