0 0 0 10000000 232 232 1 1 1 4 232 1 232 0 232.000000 8 232 232 1 1 1 1 232 0 232 1 232.000000 1
1 0 1 10000000 232 232 2 2 2 0 413 0 413 0 413.000000 7 232 232 2 2 2 1 413 1 413 1 413.000000 1
1 0 2 10000000 232 232 1 1 1 1 232 0 232 0 232.000000 6 232 232 1 1 1 1 232 1 232 0 232.000000 2
0 3 3 10000000 232 232 1 1 1 1 224 0 224 1 224.000000 4 233 234 1 1 1 0 225 1 225 0 225.000000 1
1 3 4 10000000 232 232 3 3 3 1 537 1 537 1 537.000000 6 233 234 3 3 3 2 540 1 540 1 540.000000 1
1 3 5 10000000 232 232 1 1 1 1 224 0 224 0 224.000000 7 233 234 1 1 1 1 225 1 225 0 225.000000 2
0 6 6 10000000 232 232 1 1 1 2 226 0 226 0 226.000000 6 234 237 1 1 1 2 228 1 228 1 228.000000 1
1 6 7 10000000 232 232 3 3 3 3 444 1 444 1 444.000000 10 234 237 3 3 3 2 450 1 450 1 450.000000 2
1 6 8 10000000 232 232 1 1 1 1 226 0 226 0 226.000000 13 234 237 1 1 1 0 228 1 228 0 228.000000 2
0 9 9 10000000 232 232 1 1 1 4 218 0 218 2 218.000000 14 235 240 1 1 1 2 221 0 221 1 221.000000 1
1 9 10 10000000 232 232 3 3 3 1 591 1 591 1 591.000000 7 235 240 3 3 3 3 600 0 600 1 600.000000 4
1 9 11 10000000 232 232 1 1 1 1 218 0 218 0 218.000000 8 235 240 1 1 1 1 221 0 221 1 221.000000 1
0 12 12 10000000 232 232 1 1 1 0 217 1 217 1 217.000000 4 236 243 1 2 2 1 221 1 221 0 221.000000 1
1 12 13 10000000 232 232 3 3 3 1 602 1 602 1 602.000000 6 236 243 3 3 3 0 614 1 614 1 614.000000 2
1 12 14 10000000 232 232 2 2 2 2 435 1 435 2 435.000000 14 236 243 2 2 2 1 443 1 443 1 443.000000 2
0 15 15 10000000 232 232 1 1 1 2 202 0 202 1 202.000000 6 238 247 1 1 1 305 208 1 208 0 208.000000 3
1 15 16 10000000 232 232 3 3 3 1 432 1 432 1 432.000000 7 238 247 3 3 3 1 450 1 450 1 450.000000 1
1 15 17 10000000 232 232 1 1 1 1 202 0 202 0 202.000000 6 238 247 1 1 1 1 208 1 208 0 208.000000 2
0 18 18 10000000 232 232 1 1 1 1 199 0 199 0 199.000000 5 239 250 1 1 1 0 206 1 206 0 206.000000 2
1 18 19 10000000 232 232 3 3 3 1 502 1 502 1 502.000000 5 239 250 3 3 3 1 523 1 523 1 523.000000 1
1 18 20 10000000 232 232 1 1 1 2 199 0 199 1 199.000000 6 239 250 1 1 1 2 206 0 206 0 206.000000 1
0 21 21 10000000 232 232 1 1 1 0 200 0 200 1 200.000000 4 240 253 1 1 1 0 208 0 208 1 208.000000 1
1 21 22 10000000 232 232 3 3 3 1 474 1 474 1 474.000000 8 240 253 3 3 3 2 498 1 498 0 498.000000 1
1 21 23 10000000 232 232 1 1 1 1 200 0 200 1 200.000000 6 240 253 1 1 1 1 208 1 208 0 208.000000 2
0 24 24 10000000 232 232 1 1 1 0 212 1 212 1 212.000000 6 241 256 1 1 1 0 221 0 221 1 221.000000 1
1 24 25 10000000 232 232 3 3 3 1 580 1 580 0 580.000000 7 241 256 3 3 3 0 607 1 607 1 607.000000 2
1 24 26 10000000 232 232 1 1 1 1 212 0 212 2 212.000000 4 241 256 1 1 1 0 221 1 221 0 221.000000 2
0 27 27 10000000 232 232 1 1 1 0 221 0 221 1 221.000000 5 242 259 1 3 2 0 231 1 231 0 231.000000 2
1 27 28 10000000 232 232 3 3 3 1 558 2 558 1 558.000000 6 242 259 3 3 3 1 588 1 588 1 588.000000 1
1 27 29 10000000 232 232 3 3 3 1 656 1 656 1 656.000000 10 242 259 3 3 3 1 686 1 686 1 686.000000 1
0 30 30 10000000 232 232 1 1 1 1 201 0 201 1 201.000000 5 245 264 1 1 1 0 214 1 214 0 214.000000 2
1 30 31 10000000 232 232 3 3 3 1 508 1 508 0 508.000000 6 245 264 3 3 3 1 547 1 547 1 547.000000 2
1 30 32 10000000 232 232 1 1 1 0 201 1 201 1 201.000000 6 245 264 1 1 1 1 214 0 214 1 214.000000 1
0 33 33 10000000 232 232 1 1 1 2 220 0 220 0 220.000000 6 233 254 1 1 1 0 221 0 221 1 221.000000 1
1 33 34 10000000 232 232 3 3 3 1 494 1 494 1 494.000000 6 233 254 3 3 3 1 497 1 497 1 497.000000 2
1 33 35 10000000 232 232 1 1 1 1 220 0 220 0 220.000000 5 233 254 1 1 1 1 221 0 221 1 221.000000 1
0 36 36 10000000 232 255 1 1 1 1 222 1 222 1 222.000000 6 232 232 1 1 1 1 222 0 222 1 222.000000 1
1 36 37 10000000 232 255 2 2 2 0 232 1 265 0 1288.000000 8 232 232 2 2 2 1 232 1 232 1 232.000000 1
1 36 38 10000000 232 255 2 6 4 1 421 0 620 0 39823.000000 5 232 232 6 6 6 2 455 1 455 1 455.000000 3
0 39 39 10000000 232 255 1 1 1 1 207 0 207 1 207.000000 6 233 236 1 1 1 2 208 1 208 0 208.000000 1
1 39 40 10000000 232 255 3 7 5 1 595 1 813 1 47901.000000 7 233 236 7 7 7 2 632 1 632 2 632.000000 2
1 39 41 10000000 232 255 4 8 8 1 863 1 1081 1 48169.000000 11 233 236 8 8 8 1 921 1 921 1 921.000000 2
0 42 42 10000000 232 255 1 1 1 1 206 1 206 0 206.000000 6 234 241 1 1 1 2 208 1 208 0 208.000000 1
1 42 43 10000000 232 255 3 5 5 1 427 1 627 1 40227.000000 6 234 241 5 5 5 1 478 0 478 0 478.000000 2
1 42 44 10000000 232 255 2 4 4 1 406 0 606 0 40206.000000 6 234 241 4 4 4 1 429 1 429 0 429.000000 2
0 45 45 10000000 232 255 1 1 1 1 186 0 186 3 186.000000 19 235 248 1 1 1 0 189 0 189 1 189.000000 1
1 45 46 10000000 232 255 3 3 3 1 503 1 688 1 34543.000000 7 235 248 3 3 3 2 512 0 512 1 512.000000 2
1 45 47 10000000 232 255 4 8 8 1 818 1 1004 1 35228.000000 8 235 248 8 8 8 1 898 1 898 1 898.000000 3
0 48 48 10000000 232 255 1 1 1 1 185 1 185 1 185.000000 5 237 254 1 1 1 1 190 1 190 0 190.000000 2
1 48 49 10000000 232 255 3 3 3 1 478 1 681 1 41484.000000 7 237 254 3 3 3 0 493 1 493 1 493.000000 1
1 48 50 10000000 232 255 6 10 10 2 1223 1 1408 1 35263.000000 7 237 254 10 10 10 1 1329 1 1329 1 1329.000000 3
0 51 51 10000000 232 255 1 1 1 1 203 1 203 0 203.000000 6 240 261 1 1 1 1 211 1 211 0 211.000000 2
1 51 52 10000000 232 255 3 3 3 2 422 1 607 1 34462.000000 9 240 261 3 3 3 2 446 1 446 2 446.000000 2
1 51 53 10000000 232 255 7 11 11 2 1426 1 2023 1 8777076.000000 10 240 261 11 11 11 3 1570 1 1570 1 1570.000000 3
0 54 54 10000000 232 255 1 1 1 2 209 0 209 0 209.000000 8 244 267 1 1 1 1 221 0 221 1 221.000000 1
1 54 55 10000000 232 255 3 7 7 2 437 1 634 1 39049.000000 12 244 267 7 7 7 2 565 1 565 1 565.000000 3
1 54 56 10000000 232 255 8 12 12 3 1635 1 2272 1 11578625.000000 10 244 267 12 12 12 3 1835 1 1835 1 1835.000000 4
0 57 57 10000000 232 255 1 1 1 0 197 1 197 1 197.000000 5 237 264 1 1 1 1 202 0 202 0 202.000000 2
1 57 58 10000000 232 255 3 3 3 1 435 1 623 1 35591.000000 7 237 264 3 3 3 0 450 1 450 1 450.000000 2
1 57 59 10000000 232 255 9 13 13 2 1832 2 2908 1 20716132.000000 8 237 264 13 13 13 2 1953 1 1953 1 1953.000000 4
0 60 60 10000000 232 270 1 1 1 1 188 0 188 0 188.000000 11 232 232 1 1 1 1 188 0 188 1 188.000000 1
1 60 61 10000000 232 270 3 3 3 0 500 1 687 1 35282.000000 6 232 232 3 3 3 1 500 0 500 1 500.000000 2
1 60 62 10000000 232 270 10 22 14 1 2020 1 3032 1 17531520.000000 11 232 232 22 22 22 2 2112 1 2112 1 2112.000000 6
0 63 63 10000000 232 270 1 1 1 1 187 0 187 4 187.000000 5 233 237 1 1 1 1 188 0 188 1 188.000000 1
1 63 64 10000000 232 270 3 3 3 0 458 1 653 0 38288.000000 6 233 237 3 3 3 2 461 1 461 1 461.000000 1
1 63 65 10000000 232 270 12 24 16 5 2408 1 4226 2 33918694.000000 9 233 237 24 24 24 2 2524 2 2524 1 2524.000000 6
0 66 66 10000000 232 270 1 1 1 4 195 1 195 1 195.000000 8 235 249 1 1 1 2 198 0 198 1 198.000000 1
1 66 67 10000000 232 270 3 3 3 1 479 1 665 1 34889.000000 7 235 249 3 3 3 2 488 0 488 1 488.000000 2
1 66 68 10000000 232 270 14 26 18 2 2805 1 4577 1 31200461.000000 10 235 249 26 26 26 1 2975 2 2975 2 2975.000000 7
0 69 69 10000000 232 270 1 1 1 0 210 0 210 0 210.000000 6 238 264 1 1 1 0 216 1 216 1 216.000000 1
1 69 70 10000000 232 270 3 3 3 2 516 0 708 1 37188.000000 7 238 264 3 3 3 1 534 1 534 0 534.000000 2
1 69 71 10000000 232 270 15 27 19 1 3015 1 4787 1 31200671.000000 12 238 264 27 27 27 2 3269 1 3269 2 3269.000000 7
0 72 72 10000000 232 270 1 1 1 1 192 0 192 1 192.000000 5 242 272 1 1 1 1 202 0 202 0 202.000000 2
1 72 73 10000000 232 270 3 3 3 1 500 1 700 1 40300.000000 6 242 272 3 3 3 1 530 1 530 1 530.000000 2
1 72 74 10000000 232 270 16 28 20 4 3207 1 5387 2 39741605.000000 10 242 272 28 28 28 4 3579 1 3579 2 3579.000000 8
0 75 75 10000000 232 270 1 1 1 1 228 1 228 1 228.000000 5 247 285 1 6 2 1 243 1 243 1 243.000000 1
1 75 76 10000000 232 270 3 11 7 2 398 0 582 2 34070.000000 7 247 285 11 11 11 2 615 1 615 1 615.000000 4
1 75 77 10000000 232 270 17 29 21 5 3435 2 5615 1 39741833.000000 26 247 285 29 29 29 14 3962 1 3962 2 3962.000000 8
0 78 78 10000000 232 270 1 1 1 1 184 0 184 0 184.000000 5 238 286 1 1 1 1 190 0 190 0 190.000000 2
1 78 79 10000000 232 270 3 5 5 1 476 1 676 0 40276.000000 5 238 286 5 5 5 0 555 1 555 1 555.000000 2
1 78 80 10000000 232 270 18 30 22 1 3619 1 5773 1 38240487.000000 11 238 286 30 30 30 2 3891 1 3891 1 3891.000000 8
0 81 81 10000000 232 284 1 1 1 0 219 1 219 2 219.000000 7 232 232 1 1 1 0 219 0 219 0 219.000000 1
1 81 82 10000000 232 284 3 3 3 1 462 1 660 1 39468.000000 5 232 232 3 3 3 0 462 1 462 1 462.000000 1
1 81 83 10000000 232 284 23 42 33 2 4701 2 8656 1 81568959.000000 10 232 232 42 42 42 2 5016 1 5016 2 5016.000000 11
0 84 84 10000000 232 284 1 1 1 1 198 0 198 0 198.000000 6 233 247 1 1 1 1 199 0 199 1 199.000000 1
1 84 85 10000000 232 284 3 13 5 1 528 1 714 1 34938.000000 6 233 247 13 13 13 2 614 1 614 3 614.000000 4
1 84 86 10000000 232 284 25 44 35 1 5123 1 9944 1 102189377.000000 14 233 247 44 44 44 4 5482 1 5482 2 5482.000000 10
0 87 87 10000000 232 284 1 1 1 2 208 1 208 1 208.000000 5 235 261 1 1 1 1 211 0 211 1 211.000000 1
1 87 88 10000000 232 284 3 3 3 1 491 1 677 1 34901.000000 7 235 261 3 3 3 1 500 0 500 1 500.000000 1
1 87 89 10000000 232 284 26 48 38 3 5331 2 10116 2 99598251.000000 13 235 261 48 48 48 3 5834 2 5834 2 5834.000000 12
0 90 90 10000000 232 284 1 1 1 2 214 0 214 1 214.000000 5 238 276 1 1 1 0 220 1 220 0 220.000000 2
1 90 91 10000000 232 284 3 16 6 1 510 1 710 1 40310.000000 10 238 276 16 16 16 4 752 1 752 1 752.000000 5
1 90 92 10000000 232 284 27 49 39 2 5545 2 10310 2 98159395.000000 13 238 276 49 49 49 3 6198 2 6198 2 6198.000000 12
0 93 93 10000000 232 284 1 1 1 1 206 0 206 0 206.000000 6 242 289 1 1 1 0 216 1 432 0 46656.000000 2
1 93 94 10000000 232 284 3 13 5 1 440 0 636 1 38660.000000 6 242 289 13 13 13 1 633 1 633 1 633.000000 4
1 93 95 10000000 232 284 9 24 13 7 1830 1 2860 1 16391166.000000 19 242 289 24 24 24 14 2224 1 2224 2 2224.000000 6
0 96 96 10000000 232 284 1 1 1 1 196 0 196 0 196.000000 5 245 302 1 1 1 1 209 0 418 1 43681.000000 1
1 96 97 10000000 232 284 3 3 4 1 476 1 678 1 41078.000000 9 245 302 3 3 3 0 515 1 515 1 515.000000 1
1 96 98 10000000 232 284 10 25 14 1 2026 1 3480 1 25929406.000000 8 245 302 25 25 25 3 2505 1 2505 1 2505.000000 7
0 99 99 10000000 232 284 1 1 1 1 186 1 186 1 186.000000 6 233 305 1 1 1 1 187 1 561 0 6539203.000000 2
1 99 100 10000000 232 284 3 3 3 1 457 1 641 1 34129.000000 6 233 305 3 3 3 2 460 0 460 0 460.000000 2
1 99 101 10000000 232 284 9 23 11 1 1815 1 2794 1 15809459.000000 9 233 305 23 40 79 2 1991 1 1991 2 1991.000000 6
0 102 102 10000000 232 294 1 1 1 1 202 0 202 0 202.000000 6 232 232 1 1 1 1 202 1 202 0 202.000000 2
1 102 103 10000000 232 294 3 15 7 1 584 1 584 0 584.000000 6 232 232 15 15 15 2 811 1 811 1 811.000000 4
1 102 104 10000000 232 294 8 38 16 1 1632 1 2454 1 17446938.000000 8 232 232 38 38 38 3 2190 2 2190 2 2190.000000 9
0 105 105 10000000 232 294 1 1 1 1 216 1 216 0 216.000000 7 233 246 1 1 1 2 217 1 217 0 217.000000 2
1 105 106 10000000 232 294 3 20 5 2 489 1 489 1 489.000000 6 233 246 20 20 20 6 768 1 768 4 768.000000 5
1 105 107 10000000 232 294 10 41 20 2 2060 1 3760 1 38406290.000000 7 233 246 41 41 41 3 2698 2 2698 2 2698.000000 9
0 108 108 10000000 232 294 1 1 1 2 227 0 227 0 227.000000 5 235 257 1 1 1 1 230 1 230 0 230.000000 1
1 108 109 10000000 232 294 2 2 2 1 259 0 259 0 259.000000 6 235 257 2 2 2 2 265 0 265 1 265.000000 1
1 108 110 10000000 232 294 11 42 21 5 2287 1 4441 1 50103373.000000 23 235 257 42 42 42 6 3010 1 3010 3 3010.000000 10
0 111 111 10000000 232 294 1 1 1 1 226 1 226 1 226.000000 5 238 266 1 1 1 1 232 0 232 0 232.000000 2
1 111 112 10000000 232 294 3 3 3 2 465 1 465 1 465.000000 8 238 266 3 3 3 1 483 1 483 1 483.000000 1
1 111 113 10000000 232 294 6 32 14 1 1246 1 1670 1 9529162.000000 8 238 266 32 32 32 2 1869 2 1869 2 1869.000000 8
0 114 114 10000000 232 294 1 1 1 1 228 0 228 0 228.000000 7 240 288 1 1 1 1 236 1 236 0 236.000000 2
1 114 115 10000000 232 294 3 14 5 1 489 1 489 1 489.000000 5 240 288 14 14 14 2 789 1 789 1 789.000000 4
1 114 116 10000000 232 294 16 48 32 2 3245 1 6125 1 61270457.000000 9 240 288 48 48 48 3 4277 2 4277 2 4277.000000 11
0 117 117 10000000 232 294 1 1 1 2 184 0 184 4 184.000000 14 241 307 1 1 1 5 193 1 193 0 193.000000 2
1 117 118 10000000 232 294 3 3 3 1 479 1 479 1 479.000000 9 241 307 3 3 3 1 506 1 506 1 506.000000 1
1 117 119 10000000 232 294 21 55 39 2 4327 2 8965 1 103690177.000000 12 241 307 55 55 55 2 5551 1 5551 3 5551.000000 13
0 120 120 10000000 232 294 1 1 1 0 207 1 207 1 207.000000 6 243 313 1 1 1 0 218 1 218 1 218.000000 1
1 120 121 10000000 232 294 3 14 5 2 606 1 606 0 606.000000 5 243 313 14 14 14 2 954 1 954 1 954.000000 4
1 120 122 10000000 232 294 17 49 33 2 3464 1 6792 1 72509876.000000 10 243 313 49 49 49 3 4651 1 4651 2 4651.000000 12
0 123 123 10000000 232 294 1 1 1 2 217 1 217 2 217.000000 12 234 318 1 1 1 2 219 0 219 0 219.000000 1
1 123 124 10000000 232 294 3 3 3 1 555 0 555 1 555.000000 7 234 318 3 3 3 1 561 1 561 1 561.000000 1
1 123 125 10000000 232 294 18 50 34 1 3685 1 7455 2 83303737.000000 11 234 318 50 61 101 3 4433 1 4433 2 4433.000000 12
0 126 126 10000000 232 297 1 1 1 1 216 0 216 0 216.000000 6 232 232 1 1 1 1 216 0 216 1 216.000000 1
1 126 127 10000000 232 297 3 8 5 2 464 1 464 1 464.000000 8 232 232 8 8 8 1 509 0 509 0 509.000000 3
1 126 128 10000000 232 297 19 53 35 2 3912 1 8498 2 100735542.000000 9 232 232 53 53 53 3 4653 2 4653 2 4653.000000 13
0 129 129 10000000 232 297 1 1 1 0 192 0 192 1 192.000000 5 233 255 1 1 1 1 193 1 193 0 193.000000 2
1 129 130 10000000 232 297 3 12 5 1 439 1 439 0 439.000000 5 233 255 12 12 12 1 496 1 496 1 496.000000 3
1 129 131 10000000 232 297 20 54 36 2 4140 1 8726 1 100735770.000000 11 233 255 54 54 54 3 4935 2 4935 2 4935.000000 13
0 132 132 10000000 232 297 1 1 1 4 221 0 221 1 221.000000 9 235 277 1 1 1 2 224 0 224 2 224.000000 1
1 132 133 10000000 232 297 3 3 3 2 642 1 642 1 642.000000 7 235 277 3 3 3 4 651 1 651 1 651.000000 1
1 132 134 10000000 232 297 21 55 37 2 4347 2 8901 2 98496729.000000 11 235 277 55 55 55 3 5253 2 5253 2 5253.000000 14
0 135 135 10000000 232 297 1 1 1 2 226 0 226 0 226.000000 5 238 284 1 1 1 2 232 1 232 0 232.000000 2
1 135 136 10000000 232 297 2 21 4 1 230 0 230 1 230.000000 6 238 284 21 20 21 2 620 2 620 1 620.000000 6
1 135 137 10000000 232 297 13 40 23 3 2654 1 5064 1 49177484.000000 10 238 284 40 40 40 5 3439 2 3439 2 3439.000000 10
0 138 138 10000000 232 297 1 1 1 1 208 1 208 0 208.000000 5 239 295 1 1 1 0 215 0 215 0 215.000000 1279
1 138 139 10000000 232 297 3 18 5 1 517 1 517 1 517.000000 8 239 295 18 18 18 1 794 1 794 1 794.000000 6
1 138 140 10000000 232 297 4 24 8 1 861 1 1289 1 9800991.000000 8 239 295 24 24 24 2 1302 1 1302 1 1302.000000 7
0 141 141 10000000 232 297 1 1 1 0 219 1 219 1 219.000000 5 240 314 1 1 1 1 227 0 227 1 227.000000 1
1 141 142 10000000 232 297 3 17 7 1 617 1 617 1 617.000000 7 240 314 17 17 17 2 976 1 976 2 976.000000 4
1 141 143 10000000 232 297 2 13 4 1 422 1 422 1 422.000000 8 240 314 13 13 13 1 628 1 628 1 628.000000 4
0 144 144 10000000 232 297 1 1 1 2 194 0 194 2 194.000000 13 241 329 1 1 1 1 203 1 203 0 203.000000 2
1 144 145 10000000 232 297 3 19 7 2 568 1 568 1 568.000000 6 241 329 19 19 19 2 925 2 925 1 925.000000 6
1 144 146 10000000 232 297 5 25 9 1 1055 1 1493 0 10504295.000000 7 241 329 25 25 25 1 1553 1 1553 2 1553.000000 6
0 147 147 10000000 232 297 1 1 1 1 211 0 211 1 211.000000 6 242 348 1 1 1 1 221 1 221 0 221.000000 2
1 147 148 10000000 232 297 3 3 3 1 511 1 511 0 511.000000 5 242 348 3 3 3 2 541 1 541 1 541.000000 1
1 147 149 10000000 232 297 6 27 12 1 1266 1 2118 1 19329312.000000 6 242 348 27 27 27 2 1844 1 1844 1 1844.000000 7
0 150 150 10000000 232 297 1 1 1 1 191 1 191 0 191.000000 6 243 368 1 1 1 0 202 1 202 0 202.000000 1
1 150 151 10000000 232 297 3 8 5 2 548 1 548 1 548.000000 7 243 368 8 8 8 2 758 1 758 1 758.000000 3
1 150 152 10000000 232 297 7 28 13 1 1457 1 2317 1 19898417.000000 7 243 368 28 28 28 2 2073 1 2073 2 2073.000000 7
0 153 153 10000000 232 297 1 1 1 1 205 0 205 1 205.000000 7 233 376 1 1 1 0 206 0 206 1 206.000000 1
1 153 154 10000000 232 297 3 18 5 1 405 1 405 1 405.000000 6 233 376 18 54 160 2 574 1 574 1 574.000000 5
1 153 155 10000000 232 297 8 29 14 1 1662 1 2924 1 27944628.000000 8 233 376 29 63 153 2 1999 2 1999 2 1999.000000 7
0 156 156 10000000 232 304 1 1 1 1 188 0 188 1 188.000000 6 232 232 1 1 1 1 188 1 188 0 188.000000 2
1 156 157 10000000 232 304 3 10 7 1 444 1 444 1 444.000000 6 232 232 10 10 10 1 614 1 614 1 614.000000 3
1 156 158 10000000 232 304 10 31 20 1 2050 1 3702 1 35454796.000000 9 232 232 31 30 31 3 2508 1 2508 2 2508.000000 8
0 159 159 10000000 232 304 1 1 1 1 210 0 210 0 210.000000 7 233 247 1 1 1 1 211 0 211 1 211.000000 1
1 159 160 10000000 232 304 3 3 3 1 445 1 445 1 445.000000 7 233 247 3 3 3 2 448 1 448 0 448.000000 2
1 159 161 10000000 232 304 11 32 21 3 2242 1 4298 1 43806004.000000 9 233 247 32 31 32 2 2732 1 2732 2 2732.000000 8
0 162 162 10000000 232 304 1 1 1 6 206 1 206 1 206.000000 8 235 259 1 1 1 2 209 2 209 1 209.000000 1
1 162 163 10000000 232 304 3 3 3 1 482 1 482 1 482.000000 6 235 259 3 3 3 1 491 1 491 1 491.000000 2
1 162 164 10000000 232 304 12 33 22 1 2438 1 4904 1 52421120.000000 9 235 259 33 32 33 3 2995 1 2995 1 2995.000000 8
0 165 165 10000000 232 304 1 1 1 1 200 1 200 2 200.000000 9 238 274 1 1 1 1 206 0 206 0 206.000000 2
1 165 166 10000000 232 304 3 16 7 1 593 1 593 0 593.000000 5 238 274 16 15 16 2 903 1 903 1 903.000000 5
1 165 167 10000000 232 304 13 34 23 1 2644 1 5522 1 61162936.000000 9 238 274 34 33 34 3 3306 2 3306 2 3306.000000 9
0 168 168 10000000 232 304 1 1 1 1 202 0 202 1 202.000000 5 242 292 1 1 1 0 212 0 212 1 212.000000 1
1 168 169 10000000 232 304 3 3 3 1 465 2 465 0 465.000000 6 242 292 3 3 3 1 495 1 495 1 495.000000 2
1 168 170 10000000 232 304 8 20 12 1 1623 1 2871 1 27043659.000000 7 242 292 20 20 20 2 2009 1 2009 1 2009.000000 6
0 171 171 10000000 232 304 1 1 1 1 186 0 186 0 186.000000 5 243 300 1 1 1 1 197 0 197 1 197.000000 1
1 171 172 10000000 232 304 3 3 3 0 484 1 484 1 484.000000 5 243 300 3 3 3 2 517 1 517 1 517.000000 1
1 171 173 10000000 232 304 9 21 13 1 1807 1 3009 1 24165007.000000 8 243 300 21 21 21 5 2224 2 2224 1 2224.000000 5
0 174 174 10000000 232 304 1 1 1 2 193 0 193 1 193.000000 5 234 297 1 1 1 1 195 0 195 1 195.000000 1
1 174 175 10000000 232 304 3 3 3 0 515 1 515 1 515.000000 5 234 297 3 3 3 2 521 1 521 1 521.000000 1
1 174 176 10000000 232 304 10 22 14 1 2000 2 3604 1 32368520.000000 8 234 297 22 38 58 3 2230 1 2230 2 2230.000000 6
0 177 177 10000000 232 306 1 1 1 1 191 1 191 1 191.000000 7 232 232 1 1 1 1 191 0 191 0 191.000000 2
1 177 178 10000000 232 306 3 3 3 0 418 1 418 1 418.000000 5 232 232 3 3 3 1 418 1 418 0 418.000000 2
1 177 179 10000000 232 306 1 1 1 2 205 1 205 0 205.000000 9 232 232 1 1 1 1 205 1 205 1 205.000000 1
0 180 180 10000000 232 306 1 1 1 2 225 0 225 0 225.000000 5 233 237 1 1 1 1 226 0 226 0 226.000000 2
1 180 181 10000000 232 306 3 6 5 1 625 1 625 1 625.000000 6 233 237 6 6 6 3 769 1 769 1 769.000000 2
1 180 182 10000000 232 306 3 3 3 1 647 1 647 1 647.000000 6 233 237 3 3 3 2 650 1 650 1 650.000000 1
0 183 183 10000000 232 306 1 1 1 2 217 0 217 1 217.000000 4 234 247 1 1 1 1 219 1 219 0 219.000000 2
1 183 184 10000000 232 306 3 11 5 1 500 1 500 1 500.000000 9 234 247 11 11 11 2 616 1 616 1 616.000000 3
1 183 185 10000000 232 306 4 7 6 1 874 1 1324 1 11391274.000000 9 234 247 7 7 7 1 1026 1 1026 1 1026.000000 3
0 186 186 10000000 232 306 1 1 1 2 198 1 198 1 198.000000 5 236 253 1 1 1 2 202 0 202 1 202.000000 2
1 186 187 10000000 232 306 3 18 7 1 446 1 446 1 446.000000 7 236 253 18 18 18 3 757 1 757 2 757.000000 5
1 186 188 10000000 232 306 1 10 3 1 208 0 208 0 208.000000 6 236 253 10 10 10 1 361 1 361 1 361.000000 4
0 189 189 10000000 232 306 1 1 1 0 213 1 213 1 213.000000 5 237 268 1 1 1 1 218 0 218 1 218.000000 1
1 189 190 10000000 232 306 3 10 7 1 578 2 578 1 578.000000 11 237 268 10 10 10 1 797 1 797 0 797.000000 3
1 189 191 10000000 232 306 1 5 3 1 213 0 213 1 213.000000 6 237 268 5 5 5 1 360 1 360 1 360.000000 2
0 192 192 10000000 232 306 1 1 1 0 215 1 215 2 215.000000 5 238 271 1 1 1 1 221 0 221 1 221.000000 2
1 192 193 10000000 232 306 3 6 5 2 592 1 592 1 592.000000 6 238 271 6 6 6 2 675 1 675 1 675.000000 3
1 192 194 10000000 232 306 2 9 6 1 428 1 428 0 428.000000 6 238 271 9 9 9 2 651 1 651 2 651.000000 3
0 195 195 10000000 232 306 1 1 1 7 199 3 199 1 199.000000 16 240 276 1 1 1 1 207 1 207 1 207.000000 1
1 195 196 10000000 232 306 3 12 5 1 528 1 528 0 528.000000 5 240 276 12 12 12 1 737 1 737 1 737.000000 4
1 195 197 10000000 232 306 2 18 6 0 430 0 430 0 430.000000 6 240 276 18 18 18 1 829 2 829 1 829.000000 5
0 198 198 10000000 232 306 1 1 1 2 223 0 223 1 223.000000 9 242 279 1 1 1 2 233 1 233 0 233.000000 1
1 198 199 10000000 232 306 2 5 4 1 371 0 371 0 371.000000 6 242 279 5 5 5 1 559 0 559 1 559.000000 2
1 198 200 10000000 232 306 5 17 9 1 1097 1 1551 0 11697953.000000 7 242 279 17 17 17 2 1552 1 1552 2 1552.000000 5
0 201 201 10000000 232 306 1 1 1 1 204 0 204 1 204.000000 6 245 288 1 1 1 1 217 0 217 1 217.000000 1
1 201 202 10000000 232 306 3 9 7 4 560 1 560 1 560.000000 9 245 288 9 9 9 7 884 1 884 2 884.000000 5
1 201 203 10000000 232 306 1 4 3 1 204 0 204 1 204.000000 5 245 288 4 4 4 2 320 1 320 2 320.000000 3
0 204 204 10000000 232 306 1 1 1 4 229 1 229 1 229.000000 6 233 278 1 1 1 1 230 0 230 0 230.000000 1
1 204 205 10000000 232 306 3 8 5 1 640 1 640 0 640.000000 7 233 278 8 8 8 1 825 1 825 1 825.000000 5
1 204 206 10000000 232 306 2 8 6 0 433 1 433 1 433.000000 5 233 278 8 8 8 3 648 1 648 2 648.000000 3
0 207 207 10000000 232 317 1 1 1 3 188 1 188 1 188.000000 6 232 232 1 1 1 1 188 0 188 0 188.000000 1
1 207 208 10000000 232 317 3 3 3 1 516 1 1164 1 10058448.000000 7 232 232 3 3 3 2 516 1 516 1 516.000000 2
1 207 209 10000000 232 317 2 2 2 1 397 0 781 0 7078093.000000 5 232 232 2 2 2 2 397 1 397 1 397.000000 1
0 210 210 10000000 232 317 1 1 1 1 201 1 201 0 201.000000 6 233 243 1 1 1 1 202 0 202 1 202.000000 1
1 210 211 10000000 232 317 3 17 7 1 573 1 1295 1 12977079.000000 6 233 243 17 17 17 2 878 1 878 1 878.000000 5
1 210 212 10000000 232 317 7 18 12 1 1409 2 3795 1 47481455.000000 11 233 243 18 18 18 2 1659 1 1659 1 1659.000000 5
0 213 213 10000000 232 317 1 1 1 2 231 1 231 1 231.000000 5 234 258 1 1 1 1 233 1 233 0 233.000000 2
1 213 214 10000000 232 317 3 3 3 1 521 1 1181 1 10490231.000000 6 234 258 3 3 3 1 527 0 527 1 527.000000 2
1 213 215 10000000 232 317 3 19 7 1 664 1 1534 1 20816284.000000 7 234 258 19 19 19 2 1130 1 1130 1 1130.000000 5
0 216 216 10000000 232 317 1 1 1 0 211 1 211 1 211.000000 6 235 272 1 1 1 1 214 0 214 1 214.000000 1
1 216 217 10000000 232 317 2 5 4 1 211 0 619 1 8489671.000000 7 235 272 5 5 5 1 232 0 232 1 232.000000 2
1 216 218 10000000 232 317 4 20 8 1 855 1 2107 1 27784155.000000 6 235 272 20 20 20 2 1343 1 1343 1 1343.000000 6
0 219 219 10000000 232 317 1 1 1 1 203 0 203 1 203.000000 7 237 279 1 1 1 1 208 0 208 0 208.000000 2
1 219 220 10000000 232 317 3 10 5 1 422 1 896 0 9151466.000000 7 237 279 10 10 10 2 520 1 520 2 520.000000 3
1 219 221 10000000 232 317 1 1 1 1 209 0 209 0 209.000000 6 237 279 1 1 1 1 214 0 214 1 214.000000 1
0 222 222 10000000 232 317 1 1 1 0 198 1 198 1 198.000000 7 238 281 1 1 1 1 204 0 204 0 204.000000 2
1 222 223 10000000 232 317 3 8 5 0 511 1 1153 1 11911537.000000 5 238 281 8 8 8 1 633 1 633 1 633.000000 3
1 222 224 10000000 232 317 1 6 3 1 222 0 222 0 222.000000 5 238 281 6 6 6 2 332 1 332 1 332.000000 2
0 225 225 10000000 232 317 1 1 1 1 194 0 194 0 194.000000 6 239 295 1 1 1 1 201 0 201 1 201.000000 1
1 225 226 10000000 232 317 3 13 7 1 443 1 907 1 10505867.000000 8 239 295 13 13 13 2 717 1 717 1 717.000000 4
1 225 227 10000000 232 317 1 8 3 0 211 0 211 0 211.000000 5 239 295 8 8 8 2 355 1 355 1 355.000000 3
0 228 228 10000000 232 317 1 1 1 4 206 1 206 0 206.000000 7 240 308 1 1 1 1 214 1 214 0 214.000000 1
1 228 229 10000000 232 317 3 8 5 1 398 1 826 1 8742512.000000 6 240 308 8 8 8 2 517 1 517 1 517.000000 3
1 228 230 10000000 232 317 1 6 3 0 206 0 206 0 206.000000 6 240 308 6 6 6 1 309 1 309 1 309.000000 3
0 231 231 10000000 232 317 1 1 1 2 220 1 220 1 220.000000 13 241 313 1 3 3 1 229 0 229 0 229.000000 1
1 231 232 10000000 232 317 3 3 3 0 457 1 1003 1 7013281.000000 5 241 313 3 3 3 1 484 0 484 2 484.000000 1
1 231 233 10000000 232 317 2 2 2 2 394 0 764 1 6331834.000000 11 241 313 2 2 2 2 412 1 412 1 412.000000 2
0 234 234 10000000 232 317 1 1 1 2 202 0 202 0 202.000000 6 242 324 1 1 1 1 212 0 212 1 212.000000 1
1 234 235 10000000 232 317 3 11 7 1 432 1 884 1 8876808.000000 7 242 324 11 11 11 1 679 1 679 1 679.000000 3
1 234 236 10000000 232 317 4 9 6 1 784 1 1984 1 24202954.000000 7 242 324 9 9 9 2 929 1 929 1 929.000000 3
0 237 237 10000000 232 317 1 1 1 1 192 0 192 0 192.000000 7 245 339 1 1 1 1 205 1 205 0 205.000000 2
1 237 238 10000000 232 317 3 8 5 1 510 1 1112 1 12525120.000000 6 245 339 8 8 8 2 785 1 785 1 785.000000 3
1 237 239 10000000 232 317 5 13 9 1 991 1 2605 1 33072697.000000 7 245 339 13 13 13 1 1297 1 1297 1 1297.000000 4
0 240 240 10000000 232 317 1 1 1 1 230 0 230 0 230.000000 6 236 337 1 1 1 1 234 1 468 0 54756.000000 2
1 240 241 10000000 232 317 3 3 3 0 473 1 1049 1 7800377.000000 7 236 337 3 3 3 2 485 1 485 1 485.000000 1
1 240 242 10000000 232 317 6 19 12 1 1221 1 3295 1 45239697.000000 12 236 337 19 30 32 2 1605 1 1605 1 1605.000000 6
0 243 243 10000000 232 320 1 1 1 1 190 0 190 1 190.000000 5 232 232 1 1 1 0 190 0 190 0 190.000000 2
1 243 244 10000000 232 320 3 3 3 2 438 2 1314 1 15572592.000000 8 232 232 3 3 3 2 438 1 438 0 438.000000 1
1 243 245 10000000 232 320 8 24 14 1 1633 1 4899 1 69269065.000000 8 232 232 24 24 24 2 2166 2 2166 2 2166.000000 6
0 246 246 10000000 232 320 1 1 1 0 189 1 189 1 189.000000 6 233 241 1 1 1 1 190 0 190 1 190.000000 1
1 246 247 10000000 232 320 3 3 3 1 482 1 1446 2 17284292.000000 9 233 241 3 3 3 2 485 1 485 1 485.000000 1
1 246 248 10000000 232 320 9 25 15 2 1822 1 5466 1 76020334.000000 9 233 241 25 25 25 3 2380 1 2380 2 2380.000000 7
0 249 249 10000000 232 320 1 1 1 3 206 0 206 1 206.000000 8 235 254 1 1 1 80 209 1 209 2 209.000000 3
1 249 250 10000000 232 320 3 14 7 2 621 1 1863 1 27726579.000000 6 235 254 14 14 14 1 1030 1 1030 1 1030.000000 4
1 249 251 10000000 232 320 6 22 12 1 1220 1 3660 1 51657506.000000 8 235 254 22 22 22 2 1819 1 1819 2 1819.000000 6
0 252 252 10000000 232 320 1 1 1 2 204 0 204 2 204.000000 8 238 262 1 1 1 1 210 1 210 0 210.000000 1
1 252 253 10000000 232 320 3 8 5 1 493 1 1479 1 19365877.000000 7 238 262 8 8 8 1 731 1 731 1 731.000000 3
1 252 254 10000000 232 320 2 13 6 1 460 1 1380 1 24335380.000000 7 238 262 13 13 13 2 944 1 944 1 944.000000 4
0 255 255 10000000 232 320 1 1 1 0 231 1 231 1 231.000000 8 239 267 1 1 1 1 238 0 238 1 238.000000 1
1 255 256 10000000 232 320 3 9 7 2 636 1 1908 0 29721222.000000 9 239 267 9 9 9 1 957 1 957 1 957.000000 3
1 255 257 10000000 232 320 3 14 7 1 651 1 1953 1 31303251.000000 7 239 267 14 14 14 2 1155 1 1155 1 1155.000000 4
0 258 258 10000000 232 320 1 1 1 1 198 0 198 2 198.000000 5 241 280 1 1 1 1 207 0 207 1 207.000000 1
1 258 259 10000000 232 320 3 13 7 1 644 1 1932 1 30624644.000000 9 241 280 13 13 13 5 1193 1 1193 1 1193.000000 4
1 258 260 10000000 232 320 8 23 16 1 1649 1 4947 1 72019709.000000 8 241 280 23 23 23 4 2434 1 2434 1 2434.000000 6
0 261 261 10000000 232 320 1 1 1 0 231 1 231 0 231.000000 7 247 292 1 5 2 1 246 1 246 0 246.000000 1
1 261 262 10000000 232 320 3 6 5 3 547 1 1641 1 19887193.000000 9 247 292 6 6 6 2 741 1 741 2 741.000000 2
1 261 263 10000000 232 320 5 13 9 1 998 1 2994 1 40716458.000000 9 247 292 13 13 13 3 1488 1 1488 1 1488.000000 4
