0 0 0 10000000 36 19 12 36 90 21
1 0 1 10000000 36 102 20 34 63 13
1 0 2 10000000 37 91 19 34 17 13
0 3 3 10000000 36 18 13 38 101 17
1 3 4 10000000 43 111 19 35 65 15
1 3 5 10000000 41 118 17 34 17 12
0 6 6 10000000 38 18 13 46 114 23
1 6 7 10000000 42 118 18 37 79 17
1 6 8 10000000 37 84 19 34 17 13
0 9 9 10000000 67 29 21 98 231 30
1 9 10 10000000 60 141 21 39 90 16
1 9 11 10000000 42 214 21 37 18 13
0 12 12 10000000 34 17 13 43 114 32
1 12 13 10000000 40 102 18 37 60 16
1 12 14 10000000 41 105 24 47 64 14
0 15 15 10000000 34 18 13 42 95 16
1 15 16 10000000 39 100 23 39 647 14
1 15 17 10000000 43 108 18 38 17 12
0 18 18 10000000 39 16 13 47 101 16
1 18 19 10000000 42 106 20 39 61 16
1 18 20 10000000 42 100 19 43 21 14
0 21 21 10000000 36 17 16 44 104 18
1 21 22 10000000 46 106 17 38 69 15
1 21 23 10000000 40 86 19 37 19 13
0 24 24 10000000 34 17 13 46 98 16
1 24 25 10000000 45 111 19 41 63 14
1 24 26 10000000 38 92 18 40 21 13
0 27 27 10000000 34 17 13 44 109 47
1 27 28 10000000 44 109 19 44 64 15
1 27 29 10000000 46 136 20 42 76 15
0 30 30 10000000 36 18 13 49 108 20
1 30 31 10000000 42 112 19 43 76 18
1 30 32 10000000 41 87 16 41 17 12
0 33 33 10000000 36 15 13 47 169 16
1 33 34 10000000 43 101 18 41 64 16
1 33 35 10000000 41 108 18 78 16 14
0 36 36 10000000 42 20 14 38 103 19
1 36 37 10000000 48 110 18 37 59 13
1 36 38 10000000 44 117 50 35 70 20
0 39 39 10000000 44 18 12 42 112 17
1 39 40 10000000 57 261 113 42 38 26
1 39 41 10000000 49 211 43 41 29 36
0 42 42 10000000 40 19 12 43 109 18
1 42 43 10000000 46 115 28 38 75 19
1 42 44 10000000 44 115 25 40 67 21
0 45 45 10000000 44 19 14 47 106 18
1 45 46 10000000 45 97 20 42 64 15
1 45 47 10000000 54 401 47 39 41 43
0 48 48 10000000 40 17 14 54 104 17
1 48 49 10000000 47 99 20 38 63 14
1 48 50 10000000 45 174 59 41 35 28
0 51 51 10000000 41 16 12 50 108 16
1 51 52 10000000 50 110 20 41 67 15
1 51 53 10000000 48 186 54 43 44 29
0 54 54 10000000 56 20 14 61 139 21
1 54 55 10000000 48 177 42 43 29 22
1 54 56 10000000 71 283 64 72 69 35
0 57 57 10000000 41 17 14 49 105 17
1 57 58 10000000 47 102 22 41 64 15
1 57 59 10000000 62 254 54 57 59 35
0 60 60 10000000 52 19 12 51 107 17
1 60 61 10000000 50 114 19 34 66 17
1 60 62 10000000 52 222 80 34 71 57
0 63 63 10000000 50 19 13 42 104 17
1 63 64 10000000 53 107 19 39 62 14
1 63 65 10000000 55 213 80 38 57 53
0 66 66 10000000 48 20 14 47 100 15
1 66 67 10000000 49 110 17 40 58 14
1 66 68 10000000 48 221 79 37 56 53
0 69 69 10000000 47 21 13 49 105 16
1 69 70 10000000 48 111 17 41 65 18
1 69 71 10000000 49 224 77 41 56 53
0 72 72 10000000 48 18 14 68 119 18
1 72 73 10000000 51 109 21 44 66 15
1 72 74 10000000 55 233 68 43 70 56
0 75 75 10000000 49 19 16 49 120 67
1 75 76 10000000 78 297 75 110 55 33
1 75 77 10000000 61 244 71 45 76 67
0 78 78 10000000 52 16 12 53 102 15
1 78 79 10000000 49 122 30 50 76 19
1 78 80 10000000 53 223 73 44 72 67
0 81 81 10000000 51 17 12 41 91 17
1 81 82 10000000 52 108 20 34 62 15
1 81 83 10000000 51 276 144 34 92 88
0 84 84 10000000 56 17 12 43 109 20
1 84 85 10000000 68 217 69 43 58 34
1 84 86 10000000 57 305 113 42 148 113
0 87 87 10000000 51 22 15 51 106 16
1 87 88 10000000 52 112 20 40 65 14
1 87 89 10000000 51 289 114 43 132 91
0 90 90 10000000 43 17 14 47 82 17
1 90 91 10000000 54 199 61 46 55 35
1 90 92 10000000 51 289 117 44 145 92
0 93 93 10000000 53 18 12 49 92 16
1 93 94 10000000 50 175 57 44 49 41
1 93 95 10000000 52 219 85 44 70 51
0 96 96 10000000 55 18 12 57 108 20
1 96 97 10000000 52 142 21 50 66 15
1 96 98 10000000 56 231 90 45 59 53
0 99 99 10000000 51 20 13 52 101 18
1 99 100 10000000 55 111 17 50 61 15
1 99 101 10000000 52 212 68 49 191 214
0 102 102 10000000 52 17 13 40 93 17
1 102 103 10000000 53 165 69 34 53 35
1 102 104 10000000 56 290 151 37 92 76
0 105 105 10000000 140 18 14 51 129 19
1 105 106 10000000 59 200 66 38 65 57
1 105 107 10000000 61 284 147 41 86 95
0 108 108 10000000 56 18 14 52 117 18
1 108 109 10000000 55 108 19 42 60 13
1 108 110 10000000 54 326 163 43 94 99
0 111 111 10000000 54 19 12 47 98 16
1 111 112 10000000 54 117 23 44 66 15
1 111 113 10000000 57 248 97 42 78 73
0 114 114 10000000 53 21 12 54 102 18
1 114 115 10000000 54 183 55 48 51 33
1 114 116 10000000 50 320 123 46 145 102
0 117 117 10000000 56 18 12 56 87 20
1 117 118 10000000 57 119 18 50 64 14
1 117 119 10000000 52 352 149 44 146 109
0 120 120 10000000 56 18 13 62 96 17
1 120 121 10000000 56 182 57 50 52 33
1 120 122 10000000 67 419 145 68 187 95
0 123 123 10000000 55 18 12 64 95 17
1 123 124 10000000 57 115 19 51 62 15
1 123 125 10000000 55 320 132 47 268 353
0 126 126 10000000 53 19 12 37 93 17
1 126 127 10000000 55 173 52 36 28 35
1 126 128 10000000 54 323 153 37 149 110
0 129 129 10000000 53 16 13 45 85 15
1 129 130 10000000 59 190 48 39 49 31
1 129 131 10000000 56 325 148 42 149 113
0 132 132 10000000 52 21 15 63 119 20
1 132 133 10000000 55 116 20 42 68 15
1 132 134 10000000 53 332 146 43 134 107
0 135 135 10000000 49 18 13 55 103 19
1 135 136 10000000 54 201 69 42 61 58
1 135 137 10000000 56 286 117 43 85 124
0 138 138 10000000 53 18 14 51 90 16
1 138 139 10000000 51 193 60 44 61 39
1 138 140 10000000 54 208 80 45 73 50
0 141 141 10000000 53 18 12 56 95 19
1 141 142 10000000 55 210 67 49 58 40
1 141 143 10000000 53 184 59 46 54 32
0 144 144 10000000 54 18 14 68 114 20
1 144 145 10000000 63 208 65 53 63 53
1 144 146 10000000 56 227 84 49 75 49
0 147 147 10000000 57 17 12 64 111 17
1 147 148 10000000 58 110 18 58 69 16
1 147 149 10000000 58 228 93 50 62 56
0 150 150 10000000 50 16 12 63 91 15
1 150 151 10000000 56 171 44 57 30 36
1 150 152 10000000 56 233 87 53 63 53
0 153 153 10000000 61 17 14 71 104 18
1 153 154 10000000 53 193 62 56 364 462
1 153 155 10000000 53 220 84 52 377 457
0 156 156 10000000 50 16 15 36 85 18
1 156 157 10000000 57 189 69 37 41 27
1 156 158 10000000 55 258 95 36 74 72
0 159 159 10000000 58 17 12 42 93 17
1 159 160 10000000 60 111 29 42 63 15
1 159 161 10000000 55 260 95 39 76 80
0 162 162 10000000 56 18 16 46 89 17
1 162 163 10000000 57 123 150 43 67 23
1 162 164 10000000 54 251 95 41 77 79
0 165 165 10000000 58 18 12 53 104 19
1 165 166 10000000 54 195 67 43 52 40
1 165 167 10000000 54 265 102 43 77 81
0 168 168 10000000 54 20 13 56 115 16
1 168 169 10000000 55 113 19 47 44 15
1 168 170 10000000 56 177 62 46 65 56
0 171 171 10000000 51 18 13 56 100 16
1 171 172 10000000 54 106 19 51 64 14
1 171 173 10000000 51 198 66 46 61 55
0 174 174 10000000 59 18 13 53 98 15
1 174 175 10000000 59 117 19 48 72 14
1 174 176 10000000 58 216 66 47 160 142
0 177 177 10000000 52 17 12 38 91 16
1 177 178 10000000 54 102 21 38 69 14
1 177 179 10000000 80 141 23 60 24 16
0 180 180 10000000 53 17 13 43 100 16
1 180 181 10000000 55 124 33 38 63 21
1 180 182 10000000 56 109 20 38 65 15
0 183 183 10000000 259 16 13 47 123 18
1 183 184 10000000 58 187 60 45 36 30
1 183 185 10000000 57 124 37 41 66 23
0 186 186 10000000 1036 22 14 48 241 18
1 186 187 10000000 198 268 91 57 66 44
1 186 188 10000000 53 151 73 37 34 30
0 189 189 10000000 51 17 13 53 113 17
1 189 190 10000000 56 182 66 43 37 27
1 189 191 10000000 56 107 47 42 72 23
0 192 192 10000000 53 18 12 51 110 16
1 192 193 10000000 62 309 32 47 69 23
1 192 194 10000000 56 175 58 45 34 39
0 195 195 10000000 55 18 13 50 103 18
1 195 196 10000000 57 171 48 43 49 34
1 195 197 10000000 53 195 74 47 59 40
0 198 198 10000000 57 19 13 53 110 18
1 198 199 10000000 56 123 43 50 72 19
1 198 200 10000000 54 173 57 47 56 40
0 201 201 10000000 56 19 14 61 109 16
1 201 202 10000000 62 177 50 48 32 41
1 201 203 10000000 62 119 40 46 109 18
0 204 204 10000000 60 24 16 62 106 18
1 204 205 10000000 63 212 52 50 32 39
1 204 206 10000000 62 174 47 50 31 38
0 207 207 10000000 154 23 14 265 138 20
1 207 208 10000000 54 107 19 36 60 18
1 207 209 10000000 54 102 26 33 55 14
0 210 210 10000000 68 18 12 45 99 17
1 210 211 10000000 55 193 68 40 57 39
1 210 212 10000000 59 203 68 40 56 39
0 213 213 10000000 59 16 12 49 93 17
1 213 214 10000000 56 108 18 42 63 14
1 213 215 10000000 58 200 71 40 61 55
0 216 216 10000000 54 17 14 49 89 17
1 216 217 10000000 55 114 45 45 75 19
1 216 218 10000000 66 186 76 42 64 59
0 219 219 10000000 58 17 13 54 99 16
1 219 220 10000000 53 183 57 43 35 29
1 219 221 10000000 54 94 18 45 19 13
0 222 222 10000000 55 17 13 54 95 19
1 222 223 10000000 57 155 46 43 30 35
1 222 224 10000000 54 133 50 45 76 22
0 225 225 10000000 63 20 12 59 94 17
1 225 226 10000000 59 197 62 50 51 33
1 225 227 10000000 55 175 55 47 37 36
0 228 228 10000000 57 18 14 60 100 20
1 228 229 10000000 54 154 43 46 28 36
1 228 230 10000000 62 119 55 46 316 21
0 231 231 10000000 66 22 15 57 139 60
1 231 232 10000000 51 105 19 50 65 14
1 231 233 10000000 57 121 18 59 76 14
0 234 234 10000000 63 20 14 62 95 19
1 234 235 10000000 58 172 72 52 35 28
1 234 236 10000000 61 188 50 52 33 42
0 237 237 10000000 56 17 12 63 98 16
1 237 238 10000000 56 173 43 57 29 39
1 237 239 10000000 55 174 50 51 54 30
0 240 240 10000000 60 17 13 68 171 17
1 240 241 10000000 55 114 21 54 60 13
1 240 242 10000000 59 217 84 59 104 81
0 243 243 10000000 60 18 13 37 103 17
1 243 244 10000000 54 107 18 35 64 14
1 243 245 10000000 54 224 90 33 70 52
0 246 246 10000000 57 16 13 45 99 15
1 246 247 10000000 59 106 18 38 72 15
1 246 248 10000000 60 232 91 37 69 52
0 249 249 10000000 57 18 13 50 90 18
1 249 250 10000000 58 178 60 41 51 33
1 249 251 10000000 59 246 84 49 73 65
0 252 252 10000000 61 18 14 54 108 19
1 252 253 10000000 68 161 45 47 35 36
1 252 254 10000000 55 186 58 45 90 38
0 255 255 10000000 59 17 12 48 96 18
1 255 256 10000000 56 181 96 44 31 38
1 255 257 10000000 57 171 62 43 52 36
0 258 258 10000000 66 16 13 60 98 17
1 258 259 10000000 56 191 59 48 50 35
1 258 260 10000000 54 222 103 48 72 47
0 261 261 10000000 58 23 12 53 118 68
1 261 262 10000000 56 123 32 47 62 21
1 261 263 10000000 61 199 62 48 51 31
